SAMPLES:	20424
BITSPERSAMPLE:	16
CHANNELS:	1
SAMPLERATE:	16000
NORMALIZED:	FALSE
0
-1
0
-1
0
0
0
0
0
-1
0
0
1
0
1
0
-1
0
0
1
1
1
0
1
1
0
1
2
1
1
1
2
2
1
1
1
1
1
0
1
0
0
1
0
0
0
0
-1
0
-1
0
-1
-2
-1
-2
-1
-2
-2
-2
-2
-2
-2
-2
-2
-3
-1
-2
-1
-1
-1
-1
-1
0
0
0
1
0
0
0
0
1
2
2
0
0
-1
1
2
0
-4
-6
-4
-2
-1
-3
-7
-12
-11
-4
-2
-5
-12
-16
-12
-4
1
-3
-9
-13
-6
2
5
4
0
-1
0
8
14
14
8
7
8
14
16
17
17
12
10
11
9
9
13
14
8
-3
-7
-3
3
3
-2
-13
-19
-17
-11
-9
-13
-21
-30
-29
-21
-16
-20
-29
-31
-30
-24
-16
-17
-22
-27
-22
-15
-9
-6
-8
-11
-9
-2
5
10
9
7
6
11
18
21
20
18
15
16
20
23
20
13
8
6
8
5
0
-5
-15
-20
-25
-26
-30
-36
-46
-54
-56
-56
-55
-59
-66
-77
-71
-60
-20
-40
-75
-75
-57
10
34
29
-29
-52
0
94
124
92
47
20
58
137
213
181
69
32
79
181
222
167
65
-10
46
123
161
77
-21
-64
-42
8
19
-4
-89
-164
-148
-87
-69
-93
-150
-172
-177
-170
-131
-109
-112
-95
-97
-131
-139
-80
25
70
34
-31
-38
33
156
219
197
138
108
146
241
346
337
241
177
230
325
364
362
275
180
190
275
329
278
195
122
85
111
158
137
50
-47
-104
-87
-59
-68
-141
-241
-285
-289
-264
-257
-297
-364
-414
-404
-365
-368
-351
-406
-348
-312
-395
-329
-325
-218
-171
-173
-204
-222
-121
6
60
10
25
25
92
161
247
283
163
131
196
289
353
315
225
120
173
283
314
199
76
59
73
117
86
35
-46
-134
-110
-73
-69
-153
-248
-265
-227
-179
-211
-269
-321
-305
-271
-208
-206
-196
-181
-234
-225
-184
-38
61
32
-57
-70
41
195
281
250
211
190
254
365
456
475
379
341
379
455
520
497
435
341
346
392
416
368
274
232
189
176
152
110
49
-39
-107
-136
-139
-172
-250
-328
-355
-383
-440
-440
-424
-454
-525
-572
-521
-517
-488
-486
-409
-326
-499
-494
-364
-205
-110
-143
-199
-241
-160
78
255
142
60
52
168
318
396
436
266
136
261
446
506
400
252
177
187
331
453
303
12
-31
102
198
125
31
-52
-215
-203
-46
2
-132
-317
-355
-302
-283
-217
-195
-321
-430
-404
-343
-261
-252
-161
-174
-346
-376
-260
6
116
50
-118
-176
-37
240
399
331
203
119
248
440
584
586
432
331
358
547
710
648
476
325
380
490
546
493
352
219
166
210
240
202
75
-23
-119
-156
-143
-141
-196
-341
-426
-435
-428
-445
-472
-480
-536
-621
-608
-529
-457
-514
-537
-399
-396
-501
-512
-322
-138
-74
-131
-224
-235
-55
220
267
154
60
99
214
391
532
419
173
157
374
554
521
337
181
139
292
444
362
130
-41
-2
142
180
62
-79
-203
-226
-146
-80
-107
-313
-435
-374
-304
-293
-343
-429
-472
-495
-321
-266
-413
-477
-486
-298
-92
-99
-271
-427
-311
98
275
172
0
-103
59
381
628
620
335
206
370
647
944
872
539
340
529
851
947
798
542
365
416
684
736
535
282
130
207
285
293
188
-67
-218
-241
-185
-127
-250
-476
-603
-589
-511
-570
-661
-646
-719
-818
-794
-692
-656
-715
-783
-705
-753
-471
-325
-560
-569
-528
-204
7
46
-109
-236
-85
328
444
312
303
247
343
489
718
704
395
329
554
731
682
507
360
297
405
504
508
215
36
70
166
231
-1
-122
-160
-222
-239
-186
-263
-423
-551
-453
-391
-546
-586
-607
-590
-618
-611
-547
-609
-617
-513
-514
-543
-401
-211
-229
-375
-327
-65
119
188
207
126
175
402
634
719
687
659
615
730
1020
1129
941
770
824
961
1044
1029
903
684
628
732
779
658
449
294
208
220
220
122
-70
-242
-337
-378
-357
-396
-598
-771
-803
-748
-796
-900
-916
-925
-970
-1023
-981
-885
-856
-888
-898
-854
-736
-573
-491
-412
-464
-452
-237
25
203
140
105
171
352
562
707
652
585
611
715
864
942
914
719
622
754
850
761
627
503
414
385
411
347
150
15
-29
-76
-123
-155
-278
-441
-520
-518
-538
-643
-675
-753
-868
-863
-820
-829
-880
-916
-870
-883
-837
-763
-817
-801
-682
-601
-507
-373
-249
-256
-381
-126
233
417
399
329
381
576
853
1080
1099
960
990
1095
1305
1439
1433
1313
1157
1158
1303
1391
1282
1035
850
852
879
816
651
442
229
166
162
84
-151
-361
-399
-476
-596
-690
-748
-828
-966
-1026
-1016
-1053
-1115
-1145
-1118
-1110
-1148
-1139
-1079
-976
-931
-941
-912
-715
-536
-608
-524
-320
-177
-144
-54
120
217
305
442
516
490
599
757
854
822
808
850
827
877
950
891
759
638
638
646
563
448
309
210
116
51
8
-94
-302
-427
-437
-482
-614
-720
-719
-832
-1010
-996
-878
-942
-1085
-1129
-1066
-1016
-969
-900
-932
-975
-905
-670
-474
-514
-549
-481
-252
227
327
124
1
213
803
1123
1097
897
756
941
1431
1773
1790
1487
1157
1235
1620
2021
1938
1375
981
1091
1398
1537
1331
890
511
405
601
757
482
29
-305
-357
-233
-293
-421
-683
-992
-1103
-1059
-931
-983
-1260
-1432
-1425
-1381
-1319
-1313
-1318
-1345
-1409
-1375
-1231
-1047
-897
-1013
-987
-843
-528
-227
-355
-404
-280
68
411
564
400
311
385
810
1186
1107
938
758
902
1153
1358
1296
975
712
778
1030
1059
801
449
219
260
358
352
65
-317
-457
-423
-323
-451
-723
-916
-996
-972
-919
-975
-1124
-1267
-1281
-1142
-1109
-1112
-1133
-1173
-1123
-1016
-877
-809
-760
-746
-560
-406
-394
-218
-171
147
440
337
308
353
788
1161
1218
1121
1026
1106
1372
1730
1803
1699
1439
1382
1550
1773
1944
1681
1262
1066
1229
1427
1347
1054
692
447
417
562
546
186
-173
-366
-377
-382
-467
-564
-818
-1114
-1210
-1105
-995
-1056
-1320
-1475
-1464
-1367
-1275
-1254
-1236
-1282
-1378
-1300
-1084
-857
-813
-860
-901
-704
-242
-207
-35
-133
-204
94
489
891
680
399
365
763
1099
1320
1095
708
688
920
1316
1218
925
645
430
587
849
768
314
-101
-112
46
59
-100
-348
-685
-750
-637
-590
-685
-989
-1125
-1134
-1050
-1041
-1135
-1211
-1236
-1255
-1234
-1120
-1103
-1083
-1076
-1015
-906
-918
-752
-515
-405
-413
-495
-290
22
511
588
227
140
476
1178
1477
1350
1056
960
1204
1761
2128
2013
1667
1353
1532
1901
2185
2108
1633
1225
1243
1543
1697
1478
1019
653
542
657
764
546
162
-169
-330
-278
-323
-416
-617
-906
-1128
-1174
-1084
-1047
-1184
-1419
-1533
-1567
-1460
-1384
-1342
-1322
-1451
-1553
-1420
-1127
-900
-910
-1034
-908
-606
-419
-267
-243
-196
8
171
452
464
400
488
671
889
940
908
808
879
981
1108
995
840
796
716
766
712
592
375
173
170
160
54
-144
-343
-461
-516
-563
-686
-788
-911
-1012
-1100
-1112
-1113
-1220
-1253
-1299
-1303
-1297
-1265
-1196
-1198
-1174
-1120
-1062
-970
-801
-689
-598
-538
-488
-254
-124
256
558
299
261
432
1024
1484
1405
1240
1113
1328
1750
2150
2139
1910
1635
1689
2011
2244
2348
1945
1484
1409
1675
1919
1722
1244
841
683
812
914
730
273
-127
-287
-241
-218
-395
-634
-955
-1161
-1181
-1121
-1091
-1247
-1534
-1679
-1685
-1534
-1387
-1473
-1544
-1613
-1621
-1469
-1268
-1050
-1028
-1123
-1106
-702
-409
-418
-373
-302
-91
152
456
456
315
364
668
931
948
951
863
795
905
1159
1200
897
670
687
797
781
642
405
82
26
154
169
-121
-508
-654
-583
-512
-666
-950
-1122
-1169
-1131
-1132
-1208
-1378
-1466
-1400
-1316
-1294
-1384
-1320
-1273
-1219
-1106
-1022
-927
-906
-719
-470
-318
-398
-326
6
257
713
650
417
469
847
1597
1791
1553
1249
1334
1703
2241
2419
2199
1932
1680
1903
2262
2521
2336
1701
1332
1541
1880
1913
1497
970
663
610
805
877
439
-94
-390
-395
-257
-391
-620
-920
-1211
-1272
-1201
-1162
-1257
-1511
-1672
-1697
-1639
-1479
-1486
-1571
-1573
-1586
-1565
-1435
-1163
-974
-1043
-1121
-1018
-604
-396
-325
-342
-203
65
140
375
414
496
549
736
831
818
867
916
988
874
940
944
828
708
694
768
591
366
247
158
120
40
-103
-385
-566
-558
-525
-641
-926
-1104
-1117
-1043
-1076
-1211
-1326
-1387
-1393
-1293
-1252
-1283
-1305
-1340
-1218
-1092
-979
-921
-911
-830
-639
-374
-220
-327
-293
1
420
831
568
396
529
1033
1625
1733
1519
1233
1372
1762
2334
2382
2125
1792
1678
2023
2363
2512
2148
1588
1391
1707
1991
1884
1378
899
740
833
975
865
360
-68
-273
-212
-102
-286
-570
-945
-1166
-1084
-982
-1028
-1226
-1576
-1643
-1599
-1459
-1348
-1529
-1653
-1657
-1584
-1465
-1361
-1222
-1106
-1257
-1233
-1065
-596
-383
-634
-545
-420
-186
171
394
246
98
144
593
859
763
743
559
549
751
1005
1003
640
377
522
627
604
487
169
-76
-48
74
53
-295
-556
-592
-583
-510
-699
-929
-1019
-1014
-1047
-1039
-1058
-1189
-1281
-1296
-1106
-1107
-1161
-1113
-1094
-1008
-932
-795
-728
-711
-532
-291
-232
-327
-97
185
557
769
524
498
675
1297
1734
1694
1406
1303
1542
1979
2430
2301
2077
1783
1862
2210
2410
2464
2037
1580
1556
1819
1942
1723
1273
909
762
797
860
662
210
-132
-332
-321
-335
-523
-737
-1049
-1255
-1326
-1275
-1243
-1403
-1645
-1774
-1812
-1706
-1554
-1527
-1628
-1754
-1778
-1598
-1383
-1154
-1082
-1238
-1220
-1025
-625
-371
-363
-423
-355
-117
284
445
363
321
365
690
891
960
852
700
746
951
1058
959
786
612
582
674
677
450
158
51
102
31
-157
-361
-499
-605
-628
-639
-820
-1080
-1106
-1025
-1093
-1180
-1260
-1285
-1320
-1301
-1197
-1179
-1235
-1191
-1133
-972
-891
-896
-768
-657
-442
-293
-241
-242
-32
167
709
887
480
501
747
1473
1786
1661
1388
1300
1596
2117
2431
2242
2012
1737
1906
2191
2461
2399
1870
1464
1539
1834
1891
1587
1117
823
723
777
752
513
141
-184
-381
-338
-373
-547
-793
-1045
-1198
-1257
-1218
-1209
-1344
-1590
-1693
-1683
-1547
-1478
-1518
-1530
-1611
-1627
-1479
-1277
-1037
-1036
-1170
-1067
-856
-558
-401
-300
-310
-256
-41
244
393
368
434
448
608
727
915
857
654
691
867
915
770
708
641
549
419
427
353
170
72
-32
-196
-388
-459
-425
-563
-764
-943
-1005
-1042
-1069
-1067
-1184
-1276
-1447
-1316
-1195
-1225
-1231
-1328
-1211
-1127
-1052
-915
-834
-866
-781
-542
-268
-147
-284
-149
116
386
946
841
582
591
981
1813
1939
1635
1342
1485
1842
2397
2489
2262
1910
1726
2134
2363
2522
2231
1655
1411
1661
1934
1838
1323
915
772
732
803
717
309
-71
-294
-332
-318
-523
-656
-939
-1200
-1280
-1274
-1255
-1302
-1478
-1660
-1800
-1685
-1429
-1517
-1563
-1590
-1636
-1595
-1411
-1077
-976
-1117
-1132
-1070
-641
-267
-207
-290
-452
-193
222
574
547
371
217
448
831
1052
1025
668
566
629
944
1087
896
523
329
398
471
481
260
-14
-254
-309
-244
-345
-489
-685
-856
-928
-985
-969
-1053
-1173
-1296
-1366
-1376
-1305
-1239
-1294
-1357
-1410
-1289
-1123
-1050
-965
-993
-952
-799
-599
-363
-254
-155
-268
-73
228
699
1062
628
546
694
1383
1964
1883
1526
1322
1633
2095
2546
2407
2201
1859
1879
2232
2480
2563
2095
1608
1518
1820
1993
1771
1256
896
793
813
835
644
242
-83
-293
-277
-319
-538
-712
-942
-1121
-1207
-1245
-1226
-1275
-1510
-1620
-1703
-1583
-1433
-1517
-1519
-1599
-1625
-1537
-1370
-1084
-1029
-1237
-1149
-911
-687
-476
-445
-292
-304
-196
91
208
294
371
390
422
528
665
806
660
632
729
676
640
674
677
578
300
214
267
202
130
-71
-280
-456
-523
-456
-414
-677
-968
-1095
-1017
-885
-963
-1107
-1264
-1411
-1297
-1081
-1056
-1167
-1354
-1247
-1054
-957
-836
-832
-850
-757
-568
-247
-118
-140
-169
63
254
752
1043
689
606
701
1492
1914
1823
1466
1383
1693
2126
2491
2331
2174
1821
1929
2192
2472
2503
1988
1509
1488
1839
1993
1683
1152
806
733
857
868
598
122
-182
-337
-278
-326
-533
-788
-1108
-1213
-1199
-1174
-1227
-1386
-1597
-1701
-1682
-1479
-1438
-1571
-1612
-1641
-1613
-1512
-1301
-1093
-1145
-1310
-1233
-1003
-439
-300
-540
-627
-558
-18
369
484
268
-9
47
597
960
942
683
365
471
669
1035
1096
624
225
300
542
589
388
161
-114
-340
-235
-86
-289
-593
-819
-852
-777
-903
-923
-988
-1170
-1280
-1291
-1171
-1078
-1210
-1291
-1247
-1210
-1079
-1000
-942
-869
-918
-737
-561
-507
-338
-171
85
-109
11
342
789
1106
704
689
831
1406
1889
1952
1582
1360
1645
2095
2544
2353
2232
1958
1872
2098
2430
2621
2151
1513
1364
1767
1997
1737
1207
796
704
758
802
675
212
-111
-349
-372
-304
-455
-649
-994
-1217
-1239
-1187
-1156
-1251
-1536
-1685
-1695
-1548
-1416
-1473
-1542
-1660
-1702
-1542
-1299
-1082
-1106
-1300
-1376
-1087
-719
-347
-358
-821
-695
-393
230
344
108
-51
-86
321
660
850
525
283
290
652
821
761
628
274
198
376
575
419
11
-132
-130
-158
-175
-285
-424
-666
-723
-677
-683
-863
-926
-908
-996
-1022
-1115
-979
-985
-1031
-1002
-993
-901
-892
-860
-696
-612
-627
-583
-447
-220
-124
18
69
-30
206
510
1050
993
543
680
1007
1633
1873
1744
1388
1334
1659
2240
2446
2140
1934
1670
1800
2104
2439
2338
1676
1182
1420
1858
1845
1430
896
691
718
724
751
485
80
-216
-457
-293
-235
-462
-753
-1108
-1172
-1110
-1092
-1020
-1290
-1601
-1636
-1549
-1362
-1348
-1457
-1576
-1691
-1636
-1295
-1114
-1124
-1295
-1404
-1134
-854
-582
-589
-714
-650
-452
-158
-56
-15
93
50
80
196
388
576
475
372
362
391
512
570
576
447
201
163
233
298
252
15
-192
-316
-306
-171
-223
-447
-669
-765
-700
-565
-650
-786
-938
-1002
-901
-884
-747
-810
-907
-917
-883
-712
-601
-550
-554
-563
-527
-289
-83
-52
56
-63
123
362
538
1083
784
596
687
1071
1739
1788
1464
1186
1341
1734
2307
2200
1923
1619
1554
1938
2155
2272
1938
1355
1175
1569
1816
1671
1131
717
684
740
801
699
316
-30
-293
-285
-103
-268
-516
-851
-1057
-946
-938
-979
-1049
-1359
-1413
-1486
-1426
-1242
-1354
-1395
-1549
-1628
-1440
-1238
-1159
-1153
-1363
-1213
-1031
-873
-649
-687
-593
-552
-491
-285
-59
2
85
-47
58
158
323
491
379
345
245
316
422
582
473
269
84
68
261
256
136
-110
-334
-310
-242
-182
-346
-605
-729
-693
-567
-617
-720
-891
-892
-890
-811
-790
-775
-792
-926
-820
-687
-536
-528
-543
-517
-418
-259
-60
4
60
95
128
425
540
1001
973
654
752
1034
1659
1883
1607
1274
1358
1689
2285
2309
2017
1744
1572
1894
2182
2346
2065
1475
1181
1488
1802
1765
1275
726
550
647
794
750
344
-143
-442
-444
-168
-257
-601
-976
-1265
-1159
-1018
-1043
-1178
-1514
-1646
-1607
-1535
-1375
-1483
-1612
-1700
-1755
-1545
-1396
-1293
-1329
-1400
-1411
-1120
-715
-843
-866
-880
-443
-295
-302
-181
-271
-28
108
358
230
128
255
559
557
449
450
350
399
423
647
479
76
-6
128
269
114
-137
-357
-518
-378
-287
-368
-682
-927
-912
-713
-646
-847
-1005
-1059
-994
-985
-829
-769
-944
-1053
-953
-671
-531
-617
-624
-465
-404
-278
-65
85
222
44
353
523
751
1321
950
892
862
1397
2141
2120
1666
1371
1687
2228
2760
2412
2163
1877
1896
2362
2547
2603
2129
1471
1442
1902
2129
1844
1138
706
723
880
1005
759
117
-234
-388
-217
-30
-359
-693
-1154
-1328
-1021
-977
-1112
-1352
-1704
-1722
-1708
-1480
-1340
-1659
-1850
-1887
-1733
-1500
-1392
-1457
-1529
-1592
-1421
-962
-1017
-1020
-924
-850
-661
-529
-267
-307
-301
-165
55
104
70
232
354
344
291
359
379
351
410
489
381
146
133
213
173
123
-32
-149
-362
-343
-203
-274
-469
-746
-721
-587
-590
-693
-779
-878
-859
-868
-754
-673
-827
-860
-830
-670
-599
-554
-548
-425
-426
-335
-137
-115
79
143
156
358
369
860
1170
703
738
866
1568
1966
1731
1405
1365
1648
2212
2572
2180
1932
1644
2047
2330
2387
2378
1854
1414
1546
1990
2063
1622
969
792
953
1061
990
558
96
-59
-162
-1
-104
-410
-716
-1077
-1008
-912
-1056
-1156
-1405
-1665
-1631
-1637
-1496
-1641
-1860
-1788
-1844
-1802
-1688
-1683
-1598
-1579
-1615
-1446
-1371
-1036
-952
-1205
-1018
-659
-456
-373
-452
-289
-155
-37
280
194
247
327
469
460
409
625
724
477
353
614
574
379
245
350
317
82
48
-27
-154
-214
-220
-283
-527
-666
-576
-551
-655
-797
-865
-848
-858
-892
-794
-805
-952
-920
-900
-674
-639
-779
-633
-597
-461
-373
-188
-73
-82
-66
350
424
571
1064
757
767
734
1476
2142
1876
1372
1356
1838
2310
2665
2337
2140
1840
2114
2501
2612
2623
2170
1600
1588
2131
2349
1890
1117
860
1055
1137
1058
680
108
-56
-212
-79
-171
-489
-743
-1256
-1270
-1110
-1125
-1338
-1688
-1840
-1859
-1879
-1680
-1776
-2067
-2129
-1947
-1834
-1995
-1932
-1727
-1591
-1674
-1682
-1705
-1247
-787
-967
-1181
-1072
-604
-270
-177
-199
-158
-145
111
373
588
559
415
473
432
754
1072
849
426
411
712
731
549
488
367
99
22
175
126
-87
-307
-458
-478
-482
-481
-589
-767
-904
-902
-858
-845
-951
-1072
-996
-1000
-1005
-970
-913
-701
-797
-897
-702
-495
-392
-332
-232
-64
9
119
508
363
921
1097
788
893
1026
1912
2125
1825
1491
1694
2060
2582
2648
2376
2240
1975
2307
2583
2738
2642
1949
1462
1816
2236
2252
1558
958
876
1019
1060
821
370
35
-201
-399
-294
-340
-602
-1112
-1463
-1390
-1199
-1298
-1626
-1917
-2001
-1953
-1929
-1917
-2026
-2122
-2092
-2115
-2143
-1923
-1778
-1731
-1819
-1786
-1648
-1242
-898
-1152
-1248
-948
-391
-280
-302
-287
-113
130
359
493
435
455
562
844
784
802
860
765
664
799
1021
750
374
409
599
565
299
82
-62
-72
-33
-196
-333
-568
-600
-588
-684
-713
-863
-930
-1006
-1046
-971
-836
-992
-1210
-1192
-928
-667
-876
-1080
-847
-604
-555
-467
-350
-195
-191
-12
244
351
414
1100
1037
713
861
1265
2152
2000
1787
1634
1769
2170
2695
2696
2466
2179
2111
2433
2514
2916
2595
1847
1553
1965
2334
2097
1438
1044
964
965
936
751
380
63
-289
-498
-343
-409
-709
-1298
-1481
-1291
-1366
-1643
-1729
-1849
-2011
-2196
-2174
-2004
-2073
-2090
-2286
-2445
-2258
-1888
-1648
-1887
-2102
-1870
-1657
-1192
-971
-1200
-1220
-1008
-510
-302
-263
-164
0
37
221
472
541
637
615
794
718
719
939
950
821
778
822
687
557
612
667
448
181
104
110
82
-77
-269
-381
-551
-545
-539
-551
-703
-998
-1058
-904
-765
-851
-990
-1186
-1105
-955
-722
-666
-964
-976
-757
-465
-338
-375
-281
-214
-134
270
405
489
464
1038
1171
946
1017
1320
2053
2040
1984
1630
1844
2132
2648
2782
2378
2261
2095
2340
2498
2811
2585
1919
1531
1789
2197
2082
1564
1034
753
794
852
788
427
-96
-455
-629
-496
-463
-774
-1295
-1600
-1618
-1476
-1577
-1697
-1944
-2301
-2314
-2221
-1984
-2035
-2336
-2493
-2411
-2133
-1934
-1877
-1980
-1931
-1874
-1780
-1334
-1098
-839
-1075
-1275
-823
-267
90
-34
-176
-156
165
467
845
811
599
555
635
985
1128
1131
932
615
706
1003
1082
770
482
433
405
413
335
220
-72
-255
-308
-243
-289
-490
-640
-815
-821
-814
-809
-829
-991
-1119
-1097
-971
-897
-922
-994
-939
-915
-848
-590
-460
-446
-510
-307
-38
187
238
328
471
624
1281
1157
1059
1019
1365
2156
2200
1986
1580
1747
2269
2859
2755
2364
2077
2108
2453
2696
2866
2452
1743
1489
1965
2356
2078
1346
789
653
894
1029
743
112
-401
-628
-524
-394
-565
-1045
-1644
-1844
-1617
-1429
-1657
-2024
-2328
-2396
-2365
-2214
-2091
-2309
-2477
-2570
-2472
-2153
-1943
-1934
-2050
-2170
-1864
-1439
-1269
-1197
-1115
-1013
-993
-544
-132
-145
-209
-26
197
346
405
601
791
701
801
851
863
892
1140
1261
939
676
829
996
825
780
693
417
141
208
479
221
-157
-377
-405
-269
-399
-542
-623
-814
-962
-948
-817
-819
-985
-1086
-1054
-976
-892
-819
-847
-772
-832
-648
-431
-403
-279
-134
-31
20
170
578
744
732
1234
1002
1002
1135
1746
2425
2048
1544
1552
2173
2665
2838
2386
2282
2155
2377
2651
2653
2710
2333
1781
1703
2130
2332
1881
1068
795
859
964
863
440
-124
-453
-659
-561
-523
-858
-1329
-1886
-1961
-1659
-1623
-1931
-2340
-2608
-2568
-2545
-2248
-2177
-2558
-2819
-2773
-2340
-2075
-2028
-2157
-2233
-2153
-1780
-1369
-1312
-1199
-954
-1115
-1039
-593
-100
143
12
14
-40
160
568
1206
1131
610
423
723
1263
1479
1480
984
559
726
1276
1430
1031
658
323
219
504
791
586
-149
-524
-415
-66
-46
-395
-776
-991
-978
-834
-734
-871
-1056
-1294
-1244
-1036
-915
-907
-975
-987
-994
-937
-551
-286
-326
-429
-307
-99
235
442
777
571
792
1294
1144
1457
1362
1981
2256
2106
1957
2055
2303
2638
2923
2685
2551
2291
2543
2689
2849
2896
2399
1675
1721
2227
2379
1807
944
652
719
865
753
218
-452
-804
-902
-673
-747
-1199
-1786
-2297
-2145
-1743
-1828
-2296
-2764
-2843
-2648
-2511
-2355
-2536
-2825
-2863
-2680
-2335
-2065
-2114
-2291
-2238
-1902
-1575
-1352
-1207
-912
-948
-1116
-641
-65
304
83
3
90
358
817
1131
1088
700
802
1074
1297
1378
1449
1328
909
921
1334
1483
1108
756
698
590
569
590
539
236
-221
-312
-181
-98
-306
-701
-800
-816
-921
-912
-848
-908
-1194
-1382
-1124
-953
-967
-1023
-1032
-1052
-1036
-667
-421
-388
-567
-368
-197
64
237
569
554
486
1138
1098
1236
1031
1528
2220
2201
1791
1623
1968
2500
2892
2576
2422
2103
2255
2552
2795
2833
2304
1602
1557
2079
2334
1865
958
542
663
831
806
311
-390
-730
-868
-610
-654
-1062
-1596
-2071
-2011
-1734
-1746
-2093
-2495
-2653
-2551
-2444
-2273
-2291
-2569
-2720
-2573
-2223
-1984
-2023
-2083
-2083
-1810
-1627
-1263
-1095
-1055
-636
-1036
-682
-190
85
308
226
324
281
493
866
1345
1144
938
764
966
1425
1584
1633
1057
761
1044
1371
1432
1056
780
443
306
573
774
495
-160
-509
-482
-43
-59
-471
-910
-1143
-972
-880
-801
-905
-1251
-1522
-1370
-1053
-884
-1017
-1279
-1226
-1111
-828
-556
-493
-604
-627
-333
-3
110
377
404
764
906
726
1110
1274
1832
2050
1921
1649
1831
2196
2741
2799
2408
2431
2239
2489
2670
2898
2798
2132
1662
1925
2301
2250
1640
954
804
841
848
686
176
-277
-626
-895
-683
-777
-1122
-1645
-2072
-2038
-1945
-1954
-2083
-2432
-2724
-2774
-2633
-2309
-2312
-2620
-2789
-2713
-2406
-2037
-1975
-1963
-2106
-1955
-1622
-1216
-1005
-718
-733
-1150
-529
36
401
331
263
403
544
714
1172
1456
1099
1027
1092
1401
1423
1554
1722
1198
945
1285
1485
1277
953
934
719
407
469
680
502
-43
-356
-404
-141
-268
-474
-739
-1025
-1039
-1073
-934
-953
-1205
-1440
-1497
-1350
-1057
-1005
-1170
-1369
-1468
-1052
-495
-531
-777
-864
-421
-262
-12
354
540
754
232
602
1100
1630
1918
1679
1494
1463
1926
2532
2829
2362
2248
2228
2388
2648
2817
2924
2393
1786
1893
2344
2454
1959
1259
1014
1027
975
845
582
146
-246
-700
-658
-551
-809
-1226
-1791
-1909
-1905
-1893
-1924
-2241
-2559
-2617
-2655
-2568
-2406
-2360
-2515
-2856
-2711
-2272
-1972
-1926
-2017
-1978
-1989
-1641
-1070
-751
-429
-909
-1149
-405
236
704
654
294
236
522
1022
1679
1592
1179
962
981
1539
1802
2058
1696
797
871
1509
1798
1462
954
663
511
510
805
780
246
-251
-540
-334
-92
-275
-614
-1066
-1301
-1140
-967
-927
-1227
-1597
-1625
-1523
-1401
-1199
-1251
-1401
-1569
-1592
-1017
-656
-785
-1019
-782
-615
-355
-19
463
752
84
240
658
1505
2062
1795
1403
1246
1799
2561
3066
2670
2284
2189
2385
2813
3139
3202
2644
1806
1971
2570
2763
2325
1409
1077
1199
1261
1130
762
246
-143
-513
-506
-476
-736
-1153
-1741
-1936
-1821
-1876
-2012
-2296
-2614
-2687
-2729
-2603
-2533
-2604
-2666
-2821
-2771
-2471
-2258
-2083
-2054
-2065
-1876
-1799
-1241
-727
-901
-918
-956
-311
415
226
254
277
466
916
1193
1334
1183
1085
1412
1569
1587
1729
1579
1492
1410
1536
1734
1371
1006
1063
1117
1007
730
491
396
167
174
117
-213
-467
-649
-604
-641
-833
-1053
-1292
-1295
-1244
-1274
-1424
-1557
-1553
-1516
-1401
-1433
-1397
-1435
-1322
-1161
-1036
-862
-738
-720
-614
-254
149
626
159
203
536
1071
1793
1765
1517
1224
1595
2304
2882
2710
2433
2226
2336
2744
3100
3239
2773
2126
1998
2486
2813
2594
1786
1218
1256
1473
1382
957
386
17
-257
-313
-267
-585
-1037
-1546
-1764
-1691
-1688
-1873
-2254
-2578
-2604
-2594
-2556
-2539
-2614
-2772
-2889
-2700
-2429
-2305
-2286
-2205
-2135
-1932
-1721
-1406
-909
-1061
-1111
-821
-305
225
169
99
125
471
947
1161
1115
991
1079
1327
1443
1535
1668
1528
1130
1219
1635
1736
1304
801
908
981
946
820
499
247
34
-39
78
-76
-352
-643
-853
-776
-773
-847
-1084
-1312
-1326
-1211
-1249
-1359
-1389
-1374
-1267
-1385
-1390
-1200
-980
-878
-1080
-976
-676
-513
-222
-30
-49
314
313
540
880
995
1559
1677
1520
1464
1791
2271
2659
2466
2400
2384
2442
2753
2823
2946
2769
2310
2078
2342
2535
2407
1777
1256
1182
1321
1229
839
305
-28
-210
-358
-372
-688
-1047
-1469
-1723
-1643
-1650
-1914
-2235
-2469
-2446
-2469
-2541
-2505
-2599
-2671
-2704
-2670
-2463
-2314
-2250
-2154
-2210
-2000
-1629
-1544
-1202
-753
-1056
-1031
-625
34
484
218
156
254
622
983
1360
1345
1102
973
1231
1530
1689
1847
1441
952
1130
1664
1734
1241
807
738
753
839
856
539
106
-149
-184
45
-39
-310
-725
-1003
-877
-740
-785
-978
-1238
-1403
-1347
-1304
-1165
-1219
-1387
-1403
-1449
-1324
-1078
-900
-931
-1160
-947
-630
-292
-87
-119
199
-12
237
704
1051
1453
1379
1259
1323
1752
2130
2602
2366
2186
2270
2433
2707
2710
2874
2789
2250
1992
2372
2651
2481
1790
1307
1386
1477
1391
1013
460
166
-41
-117
-178
-469
-835
-1354
-1526
-1380
-1416
-1668
-2070
-2326
-2327
-2282
-2249
-2369
-2518
-2574
-2590
-2569
-2382
-2186
-2171
-2248
-2238
-2001
-1614
-1443
-1269
-895
-1303
-1167
-549
122
256
-59
-78
135
677
942
1246
955
846
918
1216
1545
1508
1473
1174
895
1157
1622
1461
880
599
656
784
765
598
362
-23
-122
-160
-83
-77
-415
-754
-930
-787
-719
-903
-1014
-1183
-1250
-1248
-1261
-1117
-1173
-1254
-1250
-1354
-1292
-999
-716
-810
-1034
-917
-591
-238
24
11
256
88
229
756
1076
1557
1538
1304
1223
1740
2243
2756
2421
2135
2307
2407
2876
2833
2798
2689
2282
2126
2390
2628
2492
1782
1244
1389
1541
1422
975
371
159
-30
-141
-105
-497
-839
-1355
-1615
-1357
-1392
-1550
-2073
-2520
-2353
-2224
-2179
-2274
-2579
-2694
-2683
-2543
-2285
-2194
-2214
-2318
-2398
-2051
-1596
-1433
-1158
-1250
-1482
-1123
-493
164
122
-247
-286
133
784
1145
1025
722
682
1012
1440
1560
1496
1290
958
966
1507
1752
1307
640
598
890
1004
850
496
225
61
45
82
41
-230
-459
-621
-729
-647
-685
-894
-1038
-1116
-1044
-1101
-1251
-1179
-1200
-1078
-1131
-1356
-1282
-1068
-774
-842
-1021
-964
-753
-396
-19
27
170
-86
19
643
1056
1508
1380
1088
1011
1596
2206
2691
2347
1904
2087
2330
2834
2923
2754
2556
2160
2085
2521
2684
2521
1788
1281
1449
1610
1554
1136
478
170
56
-24
30
-312
-744
-1247
-1534
-1264
-1247
-1463
-1914
-2410
-2303
-2222
-2196
-2182
-2460
-2669
-2763
-2610
-2271
-2195
-2281
-2294
-2383
-2173
-1538
-1489
-1471
-1504
-1330
-489
-505
-546
-423
-152
414
690
683
391
436
929
1522
1481
1150
957
1053
1386
1613
1758
1386
797
746
1194
1524
1140
591
221
195
518
662
414
-308
-680
-512
-52
-91
-711
-1016
-1104
-1059
-888
-839
-978
-1329
-1653
-1378
-1027
-918
-1179
-1543
-1371
-1143
-883
-701
-894
-972
-828
-411
-50
-123
238
224
170
338
752
1651
1758
1231
979
1536
2117
2695
2593
2227
2064
2163
2777
2987
2911
2709
2203
1962
2414
2748
2646
1789
1184
1448
1636
1560
1078
451
214
77
18
-72
-419
-750
-1191
-1488
-1269
-1221
-1591
-2035
-2249
-2099
-2148
-2284
-2286
-2480
-2569
-2487
-2450
-2402
-2343
-2172
-2149
-2213
-1999
-1731
-1613
-1183
-1196
-1320
-1088
-693
-62
14
-124
-197
155
569
906
1001
794
793
1074
1265
1266
1476
1503
1119
960
1350
1602
1296
856
792
746
805
743
565
286
-19
-39
-54
-111
-304
-428
-659
-879
-796
-744
-929
-1111
-1212
-1148
-1165
-1272
-1239
-1202
-1116
-1216
-1342
-1219
-959
-879
-942
-915
-749
-690
-344
-133
3
258
-30
295
555
953
1549
1533
1143
1044
1590
2320
2720
2310
2104
2011
2293
2876
3029
2844
2423
1950
2079
2584
2774
2414
1525
1116
1403
1678
1550
958
291
124
84
156
13
-488
-842
-1180
-1353
-1221
-1208
-1424
-1955
-2328
-2156
-2048
-2026
-2159
-2445
-2601
-2558
-2329
-2157
-2165
-2197
-2240
-2197
-1841
-1670
-1239
-1065
-1549
-1358
-1011
-250
102
-220
-366
-247
294
840
998
779
588
680
1206
1379
1391
1330
1062
888
1130
1510
1465
938
581
642
775
849
669
356
-7
-130
-11
113
-162
-468
-568
-741
-794
-675
-715
-913
-1115
-1217
-1088
-1063
-1093
-1169
-1204
-1125
-1133
-1235
-1022
-811
-879
-865
-842
-665
-413
-245
-39
343
-62
-38
492
878
1439
1324
1087
986
1335
2076
2621
2300
1963
1866
2161
2654
2857
2870
2377
1947
1981
2451
2683
2457
1691
1242
1315
1550
1636
1201
585
157
20
179
278
-174
-630
-1069
-1254
-1071
-1016
-1110
-1581
-2138
-2116
-1977
-1820
-1802
-2220
-2470
-2600
-2356
-1980
-2014
-2171
-2174
-2180
-2064
-1822
-1413
-895
-1433
-1737
-1390
-599
164
-77
-497
-681
-183
666
1081
765
442
308
792
1277
1349
1453
1001
587
777
1385
1670
1140
511
412
632
892
837
473
58
-144
-117
144
48
-335
-484
-650
-665
-734
-720
-718
-932
-1047
-1081
-1066
-1003
-1095
-1002
-900
-1070
-1111
-1068
-766
-606
-821
-815
-746
-423
-133
-24
362
-159
-236
374
1065
1494
1152
779
770
1367
1989
2627
2163
1598
1657
2134
2773
2779
2687
2296
1745
1923
2562
2722
2262
1525
1163
1405
1664
1584
1172
540
303
167
258
396
9
-523
-989
-1108
-804
-824
-1148
-1415
-1848
-1921
-1837
-1745
-1677
-1954
-2197
-2383
-2375
-1926
-1756
-1943
-2127
-2009
-1870
-1761
-1460
-1281
-1111
-1238
-1194
-937
-504
-208
-190
-179
-255
30
424
643
692
583
516
606
813
1068
1120
918
680
594
818
1083
864
532
342
335
396
333
341
85
-212
-310
-302
-217
-291
-488
-701
-825
-870
-735
-717
-829
-1008
-1078
-1009
-978
-910
-850
-867
-948
-891
-819
-637
-564
-604
-399
-157
-255
152
209
127
271
416
1233
1417
1127
831
1034
1669
2313
2306
1952
1715
1834
2442
2619
2672
2511
2067
1778
2033
2593
2596
1839
1258
1276
1597
1687
1357
871
507
367
254
302
210
-58
-605
-1040
-905
-724
-773
-1307
-1712
-1673
-1684
-1686
-1761
-1915
-2038
-2199
-2219
-2145
-2023
-1882
-2083
-2182
-2080
-1617
-1366
-1653
-1682
-1520
-990
-665
-598
-774
-830
-532
7
422
216
82
104
332
674
974
1036
633
321
682
1207
1243
819
455
372
560
802
837
473
-51
-128
103
365
208
-261
-501
-573
-388
-296
-444
-658
-970
-942
-752
-640
-762
-954
-963
-895
-885
-842
-708
-697
-762
-849
-709
-601
-410
-93
-223
12
14
-98
315
453
1017
1271
957
744
912
1502
2176
2252
1869
1675
1723
2311
2643
2662
2515
2046
1802
2124
2476
2489
1962
1365
1271
1443
1625
1418
918
549
316
268
396
158
-138
-458
-795
-849
-808
-821
-1062
-1432
-1621
-1608
-1615
-1544
-1631
-1893
-2050
-2089
-1887
-1736
-1827
-1878
-1938
-1822
-1526
-1535
-1380
-1295
-1239
-924
-847
-753
-587
-529
-267
52
6
-54
67
378
658
583
489
468
426
740
962
807
601
314
384
647
621
492
168
-76
-28
98
188
-36
-450
-652
-544
-342
-312
-613
-881
-983
-946
-739
-612
-785
-1069
-1187
-969
-677
-621
-767
-967
-909
-665
-428
-338
-505
-569
-63
-17
319
482
80
333
387
1098
1661
1329
930
865
1421
2182
2438
2130
1750
1647
2185
2608
2665
2568
2118
1758
1898
2341
2637
2027
1277
1112
1368
1618
1439
1006
483
208
188
397
302
-97
-573
-957
-885
-688
-722
-1101
-1545
-1707
-1614
-1578
-1502
-1587
-1849
-2042
-2079
-1801
-1644
-1692
-1730
-1853
-1793
-1680
-1418
-773
-1065
-1373
-1303
-1055
-209
7
-270
-603
-631
-60
581
591
330
48
87
510
759
1023
730
100
220
679
954
726
194
9
44
252
331
115
-265
-524
-522
-250
-217
-529
-797
-968
-836
-716
-735
-890
-1071
-1178
-1037
-954
-914
-914
-1014
-903
-918
-825
-636
-528
-514
-576
-481
-250
133
107
348
504
110
456
796
1435
1678
1208
1104
1257
1738
2320
2549
2128
1781
1908
2475
2788
2641
2528
2200
1872
2085
2442
2470
1908
1277
1174
1298
1398
1259
819
284
55
32
147
22
-378
-778
-1096
-1047
-908
-985
-1269
-1615
-1765
-1708
-1620
-1591
-1718
-1897
-1942
-1985
-1837
-1690
-1646
-1700
-1686
-1353
-1488
-1420
-1253
-919
-561
-629
-802
-741
-317
58
369
157
27
27
339
790
882
798
439
203
638
1049
1021
685
232
197
429
641
527
95
-289
-269
-158
-60
-201
-558
-784
-877
-803
-671
-752
-999
-1185
-1220
-1092
-1056
-999
-1022
-1122
-1222
-1149
-870
-691
-639
-849
-830
-612
-373
-241
-202
-215
54
308
325
782
517
543
785
1110
1854
1812
1357
1158
1478
2166
2828
2493
2017
1734
1994
2727
2821
2653
2229
1643
1732
2175
2463
2103
1173
870
999
1194
1189
731
158
-103
-277
-107
-47
-417
-790
-1229
-1315
-1124
-1008
-1165
-1596
-1927
-1834
-1735
-1645
-1645
-1832
-1934
-2027
-1908
-1655
-1510
-1496
-1633
-1496
-1343
-1193
-686
-747
-958
-816
-477
37
163
-66
-28
150
422
711
689
696
585
656
831
842
951
879
632
532
711
773
545
317
190
199
81
-5
-111
-336
-488
-686
-667
-631
-840
-1045
-1143
-1186
-1206
-1180
-1245
-1284
-1340
-1390
-1284
-1251
-1081
-1058
-1068
-983
-980
-803
-549
-431
-453
-484
-363
8
482
460
620
608
397
881
1218
1871
1945
1547
1354
1482
2108
2779
2874
2275
1977
2095
2655
2891
2800
2610
2100
1692
1922
2418
2368
1639
905
759
1037
1202
922
312
-177
-345
-363
-257
-376
-712
-1190
-1578
-1549
-1252
-1217
-1507
-1930
-2139
-1988
-1819
-1684
-1760
-1984
-2079
-2105
-1860
-1516
-1442
-1477
-1613
-1501
-1258
-1041
-665
-511
-666
-670
-389
73
328
270
334
449
513
669
861
991
1032
826
770
873
965
1103
888
651
627
567
605
483
316
199
-59
-191
-254
-329
-412
-620
-888
-997
-1088
-1052
-998
-1210
-1368
-1507
-1570
-1303
-1211
-1296
-1494
-1660
-1282
-1080
-935
-915
-1092
-971
-762
-378
-238
-284
-355
-78
516
529
869
916
602
876
1283
2082
2270
1841
1453
1631
2254
2926
3090
2529
2094
2116
2752
2985
2866
2588
2143
1765
1882
2366
2275
1646
912
676
979
1040
768
169
-409
-482
-475
-412
-607
-985
-1331
-1673
-1655
-1333
-1399
-1790
-2073
-2126
-1971
-1963
-1885
-1871
-2021
-2146
-2127
-1918
-1615
-1506
-1520
-1548
-1522
-1208
-973
-705
-499
-493
-478
-376
-123
389
542
498
430
443
758
973
1151
1035
871
790
861
1014
1181
1079
688
461
447
609
632
323
-43
-196
-222
-244
-314
-454
-746
-994
-1037
-1005
-1035
-1134
-1311
-1482
-1473
-1432
-1340
-1325
-1474
-1480
-1322
-1204
-1167
-1094
-973
-901
-845
-601
-475
-379
-281
-217
230
550
521
967
866
747
1154
1583
2274
2205
1868
1708
2016
2574
3123
3045
2583
2308
2457
3056
3070
2908
2659
2172
1870
2168
2428
2205
1448
818
803
991
1044
651
-43
-494
-634
-548
-489
-785
-1205
-1704
-1924
-1680
-1409
-1648
-2140
-2483
-2357
-2115
-2038
-2015
-2288
-2364
-2310
-2195
-1963
-1802
-1697
-1672
-1787
-1508
-1199
-870
-390
-863
-915
-581
-7
666
564
159
-2
309
1007
1630
1288
776
496
885
1469
1560
1382
852
328
608
1194
1257
722
-26
-183
33
315
275
-312
-867
-993
-849
-557
-776
-1238
-1496
-1583
-1388
-1274
-1368
-1546
-1697
-1750
-1564
-1343
-1263
-1364
-1489
-1272
-1030
-972
-729
-592
-550
-492
-339
91
414
463
640
1118
893
960
1415
1960
2465
2256
2031
1989
2370
2970
3469
3134
2710
2572
2851
3228
3198
3224
2806
2155
2010
2434
2641
2184
1388
904
908
1038
924
501
-129
-460
-671
-751
-743
-944
-1304
-1818
-1991
-1877
-1777
-1946
-2233
-2487
-2587
-2508
-2319
-2208
-2324
-2482
-2593
-2502
-2101
-1798
-1694
-1872
-1927
-1629
-1293
-768
-740
-749
-778
-587
-10
448
469
219
234
498
1060
1258
1188
945
828
1029
1351
1517
1283
911
722
860
1001
997
782
307
61
87
170
47
-392
-627
-753
-755
-844
-1055
-1170
-1342
-1383
-1475
-1473
-1565
-1607
-1548
-1596
-1490
-1491
-1467
-1370
-1234
-1122
-985
-1018
-852
-573
-391
-266
-279
-64
317
726
674
1171
1195
976
1322
1726
2584
2653
2190
1873
2244
2949
3509
3370
2885
2551
2637
3187
3377
3301
2911
2263
1845
2205
2609
2417
1550
777
703
1002
1040
619
-79
-569
-761
-775
-621
-896
-1378
-1839
-2106
-1904
-1712
-1926
-2293
-2631
-2599
-2431
-2310
-2183
-2410
-2573
-2563
-2388
-2030
-1846
-1838
-1881
-1920
-1577
-1253
-993
-412
-744
-985
-751
-215
773
766
178
-138
75
956
1616
1362
846
349
755
1405
1442
1493
1075
383
379
921
1383
1025
76
-220
-85
202
256
-155
-607
-902
-1025
-730
-621
-1028
-1221
-1451
-1514
-1288
-1307
-1308
-1487
-1701
-1463
-1333
-1216
-1176
-1296
-1052
-899
-927
-736
-487
-261
-249
-289
1
256
653
813
1062
1234
901
1293
1749
2253
2499
2245
1988
2079
2543
3179
3349
2785
2541
2537
2896
3082
3068
2999
2404
1834
1910
2349
2413
1811
1003
631
745
885
770
253
-404
-741
-909
-750
-725
-1102
-1599
-2091
-2108
-1798
-1749
-1995
-2434
-2696
-2530
-2291
-2142
-2200
-2456
-2591
-2519
-2227
-1816
-1723
-1933
-1965
-1840
-1443
-1095
-688
-459
-1132
-1182
-608
355
873
283
-248
-200
471
1293
1559
1040
464
420
1076
1538
1603
1300
627
223
687
1437
1372
518
-233
-191
247
454
189
-350
-803
-948
-736
-386
-623
-1094
-1420
-1479
-1185
-1046
-1134
-1359
-1543
-1497
-1307
-1053
-934
-1142
-1183
-936
-814
-690
-499
-296
-269
-342
-135
239
540
726
767
1136
1068
1020
1643
1927
2233
2262
2106
2052
2303
2748
3212
2990
2578
2576
2672
2963
2946
2911
2687
2155
1844
2102
2266
2091
1438
787
749
797
779
486
-43
-416
-823
-961
-714
-839
-1229
-1770
-2172
-1976
-1764
-1804
-2035
-2551
-2584
-2420
-2323
-2109
-2268
-2422
-2534
-2465
-1997
-1729
-1841
-1939
-1904
-1677
-1273
-996
-865
-886
-935
-669
-195
219
246
8
73
374
849
1016
867
750
746
957
1167
1257
1022
853
821
828
948
875
673
301
118
247
281
17
-293
-423
-500
-509
-666
-795
-915
-1066
-1050
-1102
-1164
-1210
-1269
-1248
-1261
-1228
-1169
-1123
-1108
-994
-884
-796
-735
-681
-400
-252
-129
-158
-77
310
617
848
724
1051
1174
1269
1657
1729
2163
2254
2154
2111
2254
2591
2971
2907
2651
2565
2617
2856
2774
2762
2675
2257
1867
1889
2098
2019
1423
768
634
810
738
405
-114
-510
-716
-802
-732
-926
-1296
-1788
-2057
-1854
-1710
-1860
-2249
-2526
-2461
-2351
-2267
-2236
-2322
-2428
-2500
-2326
-2031
-1883
-1902
-2048
-1909
-1647
-1054
-1019
-1325
-1162
-905
-351
-96
14
-176
-264
-21
600
1135
895
505
405
777
1308
1460
1152
735
592
915
1199
1165
854
410
148
331
575
542
90
-429
-555
-338
-136
-321
-773
-1063
-1055
-923
-836
-937
-1063
-1315
-1429
-1151
-863
-920
-1100
-1218
-1073
-822
-694
-585
-574
-533
-463
-286
-71
142
354
485
526
620
1165
1340
1259
1296
1475
2145
2337
2166
1939
2053
2514
2942
2960
2658
2401
2444
2773
2815
2835
2609
2092
1717
1907
2238
2077
1366
720
690
914
902
491
-188
-602
-634
-527
-571
-966
-1391
-1791
-1872
-1647
-1583
-1859
-2293
-2479
-2347
-2237
-2174
-2226
-2433
-2563
-2464
-2165
-2013
-2024
-2171
-2048
-1775
-1481
-1442
-1438
-1209
-953
-688
-705
-508
-208
-68
14
198
354
625
543
607
802
887
1091
841
762
918
1060
1008
791
645
670
625
535
446
275
96
-50
-110
-85
-244
-459
-584
-694
-646
-694
-815
-969
-1001
-951
-1002
-1049
-1040
-1001
-995
-925
-951
-784
-717
-697
-534
-467
-302
-234
-144
16
194
325
549
719
781
1208
1221
1161
1420
1613
2196
2314
2011
1847
2044
2507
2917
2839
2442
2277
2362
2669
2775
2704
2467
1949
1594
1883
2186
1979
1208
564
617
896
815
311
-303
-599
-566
-540
-657
-1020
-1403
-1693
-1827
-1647
-1588
-1873
-2270
-2447
-2312
-2224
-2190
-2290
-2434
-2458
-2403
-2265
-2121
-2085
-1982
-1928
-1850
-1659
-1559
-1312
-1128
-1038
-944
-831
-500
-60
-47
-145
8
345
682
677
677
680
739
974
992
1000
1014
898
884
850
945
949
711
448
402
509
439
201
-51
-71
-118
-212
-283
-465
-573
-617
-670
-717
-809
-851
-947
-962
-878
-909
-921
-992
-960
-787
-717
-627
-663
-655
-530
-315
-74
-103
-167
-87
306
773
693
810
906
816
1266
1496
1933
2125
1824
1632
1844
2398
2814
2767
2282
2162
2290
2708
2823
2556
2416
2067
1742
1896
2157
2115
1510
818
742
987
1047
670
57
-322
-375
-413
-447
-681
-1053
-1408
-1707
-1620
-1429
-1587
-2001
-2385
-2381
-2171
-2123
-2183
-2381
-2595
-2532
-2409
-2266
-2131
-2137
-2189
-2146
-2065
-1640
-1527
-1216
-959
-1477
-1294
-914
-112
197
-185
-509
-312
234
698
1001
626
340
338
841
1169
1191
1088
650
364
758
1296
1195
524
120
261
523
537
343
98
-229
-345
-189
-6
-205
-519
-704
-783
-678
-528
-692
-913
-997
-943
-790
-818
-803
-792
-718
-554
-638
-659
-446
-137
10
-150
-203
64
396
774
796
890
934
735
1253
1672
1988
2132
1835
1590
1875
2410
2854
2793
2236
2213
2330
2648
2861
2706
2537
2138
1723
1965
2314
2214
1650
905
771
986
1070
776
202
-241
-403
-501
-457
-569
-1001
-1413
-1753
-1729
-1532
-1618
-1954
-2411
-2541
-2361
-2288
-2247
-2445
-2670
-2666
-2649
-2395
-2165
-2141
-2242
-2342
-2222
-1861
-1632
-1096
-1076
-1733
-1530
-1052
-153
221
-254
-605
-550
21
818
1120
686
222
199
802
1236
1357
1203
524
237
849
1415
1329
605
148
275
568
752
548
190
-234
-348
-104
153
-73
-483
-676
-810
-582
-447
-610
-804
-988
-970
-818
-763
-714
-775
-753
-644
-795
-648
-361
-159
-136
-360
-266
72
281
662
791
594
873
869
1272
1569
1533
2065
1990
1799
1871
2138
2615
2775
2498
2478
2340
2473
2823
2679
2707
2488
2031
1922
2079
2260
2045
1291
937
951
1029
921
468
41
-225
-429
-461
-545
-853
-1093
-1585
-1811
-1635
-1542
-1790
-2342
-2535
-2329
-2329
-2385
-2429
-2610
-2648
-2663
-2530
-2306
-2294
-2293
-2330
-2329
-1986
-1700
-1690
-1307
-1311
-1468
-1289
-1012
-253
-73
-317
-451
-343
96
659
876
647
314
352
800
1021
1234
1161
605
345
728
1271
1225
603
258
262
459
611
579
244
-209
-401
-141
110
-11
-314
-730
-790
-571
-382
-436
-655
-864
-880
-791
-588
-452
-567
-727
-810
-622
-287
-133
-94
-270
-323
-11
236
487
739
651
645
961
990
1419
1484
1610
2028
1926
1870
1857
2212
2630
2731
2527
2382
2325
2619
2740
2641
2659
2384
1993
1877
2046
2215
1911
1240
927
927
973
749
400
54
-249
-553
-631
-703
-911
-1209
-1681
-1898
-1797
-1763
-2025
-2351
-2540
-2481
-2523
-2543
-2543
-2662
-2708
-2782
-2647
-2366
-2308
-2397
-2426
-2251
-2030
-1805
-1728
-1249
-1116
-1504
-1418
-1004
-105
100
-203
-505
-416
146
812
1090
714
340
286
741
1216
1497
1287
529
264
866
1505
1450
636
197
286
586
751
654
295
-185
-352
-130
267
174
-384
-822
-791
-421
-270
-541
-755
-971
-952
-774
-601
-559
-702
-825
-739
-619
-420
-202
-211
-277
-277
-78
155
413
709
723
745
919
918
1426
1583
1839
2061
1946
1879
1901
2371
2706
2820
2504
2321
2388
2658
2775
2755
2705
2340
1877
1924
2248
2314
1861
1160
904
952
1001
835
450
-38
-446
-654
-594
-608
-891
-1375
-1836
-1994
-1797
-1720
-2014
-2462
-2660
-2566
-2549
-2506
-2525
-2678
-2873
-2921
-2628
-2324
-2330
-2483
-2506
-2279
-2070
-1819
-1713
-1243
-1084
-1596
-1430
-882
-62
189
-230
-536
-323
153
882
1270
736
274
243
890
1406
1483
1253
566
347
922
1561
1402
618
237
369
597
696
713
336
-182
-358
-86
315
93
-402
-653
-664
-439
-367
-496
-632
-848
-943
-826
-594
-511
-590
-829
-798
-668
-460
-115
-82
-225
-422
-180
256
608
796
582
773
822
923
1506
1674
1887
1874
1792
1740
1976
2386
2692
2627
2261
2273
2336
2557
2591
2631
2555
2020
1668
1918
2240
2148
1521
957
851
894
925
717
269
-215
-593
-737
-558
-590
-988
-1530
-1930
-1880
-1662
-1756
-2094
-2502
-2646
-2546
-2506
-2415
-2487
-2711
-2871
-2831
-2504
-2215
-2256
-2422
-2383
-2151
-1891
-1724
-1430
-1030
-1300
-1491
-1130
-419
169
12
-309
-358
-17
512
1074
1046
646
409
618
1128
1428
1542
1134
570
681
1244
1554
1192
618
469
577
689
773
682
263
-93
-185
82
183
-117
-360
-647
-726
-544
-578
-608
-743
-981
-1024
-920
-726
-706
-827
-940
-945
-800
-520
-294
-319
-507
-453
-169
99
423
590
523
740
611
895
1411
1562
1948
1823
1660
1652
2034
2519
2810
2619
2333
2186
2375
2872
2861
2771
2421
1971
1962
2242
2421
2108
1422
1057
1001
1112
1047
713
146
-290
-532
-506
-419
-792
-1189
-1691
-1921
-1812
-1736
-1880
-2329
-2648
-2623
-2634
-2585
-2503
-2639
-2794
-2894
-2774
-2477
-2328
-2329
-2425
-2339
-2156
-1850
-1520
-1416
-1312
-1341
-1175
-777
-284
-179
-269
-242
-6
393
549
764
809
760
776
908
1164
1266
1235
1130
1100
1126
1149
1187
977
906
890
777
635
494
478
430
268
49
-140
-218
-126
-223
-390
-585
-806
-770
-683
-663
-758
-995
-1059
-955
-857
-726
-782
-913
-831
-733
-411
-248
-358
-376
-228
94
492
465
622
817
583
928
1167
1748
2047
1622
1410
1637
2153
2629
2695
2330
2107
2127
2600
2743
2709
2697
2273
1827
1986
2356
2422
1831
1115
1071
1168
1101
845
451
63
-277
-529
-496
-656
-886
-1218
-1765
-1864
-1744
-1851
-2060
-2361
-2518
-2578
-2706
-2550
-2492
-2614
-2746
-2886
-2716
-2407
-2264
-2206
-2284
-2267
-2003
-1738
-1394
-1209
-1092
-1186
-1120
-504
-64
12
-77
-50
184
502
749
987
932
816
835
1006
1310
1377
1298
1143
1048
1143
1266
1155
1026
959
833
674
493
504
492
302
70
-220
-284
-232
-303
-449
-626
-779
-927
-894
-802
-771
-929
-1195
-1146
-1001
-850
-828
-960
-1017
-913
-575
-423
-424
-531
-364
-72
170
361
484
854
621
700
1023
1505
2050
1860
1549
1512
1980
2539
2852
2597
2293
2206
2466
2773
2836
2860
2541
1950
1884
2297
2539
2170
1328
1026
1166
1207
958
552
181
-155
-445
-526
-602
-795
-1149
-1653
-1880
-1824
-1789
-1984
-2354
-2593
-2591
-2629
-2603
-2539
-2637
-2775
-2866
-2704
-2427
-2314
-2294
-2354
-2219
-2023
-1849
-1522
-1176
-865
-1210
-1366
-821
-61
353
133
-192
-203
191
756
1363
1203
668
405
676
1357
1752
1611
982
447
777
1489
1648
1173
569
371
525
778
902
649
12
-303
-183
155
213
-249
-658
-801
-681
-495
-535
-743
-921
-1122
-1064
-834
-724
-781
-980
-1028
-917
-701
-489
-411
-510
-592
-396
-22
219
279
354
639
568
679
1043
1360
1773
1753
1584
1491
1797
2362
2756
2472
2189
2219
2435
2650
2652
2761
2583
2032
1861
2220
2424
2189
1464
1085
1212
1259
1089
642
227
26
-238
-390
-530
-776
-1006
-1490
-1738
-1722
-1780
-1959
-2287
-2492
-2492
-2547
-2609
-2613
-2613
-2639
-2771
-2724
-2467
-2304
-2296
-2347
-2216
-1949
-1838
-1678
-1340
-856
-1060
-1293
-1017
-325
295
214
-31
-214
95
546
1183
1283
837
515
617
1137
1582
1683
1199
579
603
1275
1638
1227
580
312
442
683
746
640
82
-367
-331
28
232
-195
-688
-894
-725
-489
-574
-756
-937
-1151
-1092
-917
-738
-794
-1007
-1065
-998
-760
-538
-430
-528
-684
-453
32
278
271
286
632
613
728
1098
1465
1800
1679
1578
1656
1991
2337
2732
2519
2271
2378
2545
2718
2655
2794
2712
2229
1985
2267
2526
2244
1605
1192
1264
1314
1073
739
261
9
-161
-358
-451
-763
-1074
-1488
-1685
-1549
-1706
-2020
-2307
-2487
-2451
-2487
-2576
-2620
-2718
-2749
-2789
-2748
-2531
-2404
-2425
-2456
-2358
-2042
-1862
-1627
-1479
-1232
-1291
-1266
-673
-208
-7
-247
-281
-10
536
761
856
769
685
838
1005
1312
1371
1184
972
903
1146
1414
1209
852
596
630
808
793
551
267
-11
-49
13
20
-93
-441
-715
-688
-562
-553
-759
-994
-946
-970
-944
-986
-988
-852
-921
-906
-917
-786
-571
-492
-454
-488
-400
-85
184
304
290
575
674
752
1020
1226
1738
1833
1694
1607
1906
2253
2645
2613
2347
2404
2463
2622
2589
2743
2814
2362
1910
2016
2400
2439
1821
1191
1107
1261
1185
878
435
67
-197
-394
-400
-558
-888
-1407
-1816
-1676
-1585
-1804
-2207
-2522
-2480
-2469
-2478
-2495
-2605
-2722
-2770
-2679
-2472
-2307
-2305
-2370
-2304
-2074
-1733
-1527
-1501
-1260
-1273
-1174
-737
-285
-127
-321
-375
-54
473
641
664
537
572
820
1005
1126
1107
982
863
862
1052
1290
1066
619
531
650
791
690
392
224
53
53
91
-42
-148
-372
-572
-569
-491
-440
-689
-960
-889
-778
-771
-908
-945
-898
-836
-812
-790
-692
-664
-515
-453
-379
-338
-109
153
312
312
653
720
657
1031
1224
1705
1807
1670
1551
1792
2166
2629
2586
2282
2306
2402
2635
2596
2684
2731
2336
1914
2070
2314
2354
1873
1212
1083
1202
1220
952
379
55
-126
-353
-372
-550
-807
-1292
-1729
-1585
-1470
-1677
-2068
-2423
-2407
-2346
-2350
-2386
-2543
-2628
-2670
-2639
-2477
-2277
-2240
-2314
-2346
-2062
-1739
-1648
-1489
-1297
-1227
-1178
-891
-398
-106
-221
-302
-132
275
581
739
663
545
713
886
1036
1144
1095
945
778
887
1202
1196
835
562
541
662
675
486
328
79
-71
-82
-90
-67
-220
-576
-754
-663
-481
-576
-795
-904
-919
-882
-895
-831
-841
-820
-882
-854
-709
-583
-458
-493
-526
-420
-145
70
281
145
529
686
489
853
1015
1614
1813
1545
1373
1632
2050
2549
2546
2212
2201
2194
2599
2674
2661
2702
2279
1867
2042
2410
2460
1892
1210
1138
1314
1290
1037
515
130
-98
-275
-217
-408
-733
-1215
-1673
-1542
-1375
-1533
-1947
-2319
-2311
-2266
-2301
-2278
-2411
-2554
-2589
-2584
-2387
-2196
-2189
-2251
-2312
-2117
-1748
-1623
-1207
-1204
-1564
-1469
-1008
-64
186
-319
-623
-414
251
868
1031
662
203
381
940
1332
1478
1178
577
396
1001
1676
1531
658
180
407
827
926
659
234
-211
-305
25
245
-40
-445
-813
-812
-511
-345
-604
-991
-1099
-966
-752
-824
-878
-980
-940
-810
-836
-772
-702
-524
-433
-509
-489
-290
9
298
274
517
415
338
921
1196
1662
1733
1408
1262
1578
2201
2731
2485
2018
2070
2301
2710
2752
2630
2539
2073
1826
2225
2470
2358
1675
1063
1073
1316
1364
963
336
10
-117
-207
-171
-443
-790
-1234
-1611
-1434
-1264
-1414
-1916
-2396
-2295
-2142
-2080
-2143
-2400
-2522
-2519
-2437
-2206
-2055
-2100
-2188
-2214
-1979
-1599
-1492
-995
-1148
-1572
-1281
-840
116
204
-288
-572
-383
294
984
1102
636
154
320
991
1314
1500
1134
432
289
963
1635
1385
454
32
283
745
849
554
73
-351
-354
-11
193
-186
-546
-814
-852
-550
-410
-650
-941
-1113
-998
-804
-792
-879
-974
-897
-816
-891
-852
-579
-452
-428
-661
-495
-196
139
362
334
584
173
436
1060
1444
1713
1495
1224
1264
1815
2449
2743
2176
1872
2066
2440
2729
2694
2607
2362
1872
1885
2367
2434
2117
1456
1077
1171
1333
1302
843
236
-3
-101
-81
-165
-504
-844
-1283
-1508
-1302
-1219
-1418
-1890
-2290
-2162
-2010
-1915
-2013
-2333
-2466
-2438
-2276
-2046
-1980
-2084
-2141
-2187
-1843
-1580
-1230
-842
-1610
-1628
-1168
-393
295
-188
-652
-686
-83
679
1088
731
224
48
638
1228
1378
1282
620
181
632
1425
1588
877
119
98
493
902
784
251
-265
-435
-156
249
61
-463
-719
-830
-683
-412
-528
-790
-1024
-1096
-861
-762
-726
-944
-972
-822
-774
-782
-736
-465
-448
-470
-548
-357
-85
259
328
371
486
239
784
1103
1354
1660
1467
1292
1388
1869
2469
2492
2066
1968
2054
2379
2572
2605
2493
2160
1748
1870
2249
2337
1939
1175
914
1100
1318
1186
607
42
-136
-158
-14
-194
-652
-1025
-1425
-1453
-1208
-1224
-1529
-2101
-2333
-2074
-1945
-1854
-2039
-2348
-2475
-2388
-2036
-1828
-1945
-2046
-2062
-1969
-1601
-1406
-1136
-877
-1218
-1271
-1105
-393
354
149
-268
-487
-49
629
1013
1007
557
266
587
1041
1368
1374
916
370
344
994
1533
1117
289
7
270
607
591
355
-73
-486
-447
-116
19
-292
-705
-978
-914
-625
-582
-780
-1070
-1138
-1039
-905
-845
-913
-932
-987
-969
-831
-651
-457
-476
-547
-554
-253
4
271
283
431
584
281
727
1057
1487
1666
1381
1312
1451
1862
2450
2509
2146
2003
2043
2436
2585
2644
2586
2192
1747
1890
2337
2450
1917
1219
1050
1232
1426
1254
673
73
-94
-49
70
-149
-546
-980
-1356
-1289
-1138
-1141
-1503
-2009
-2129
-2053
-1917
-1820
-2021
-2334
-2502
-2392
-2092
-1897
-1982
-2093
-2150
-2049
-1588
-1210
-1295
-1469
-1526
-1156
-610
-200
-278
-666
-664
-157
700
757
350
109
234
771
1112
1150
869
461
501
923
1214
1097
670
351
334
626
809
579
90
-184
-127
125
168
-199
-552
-714
-590
-468
-534
-667
-923
-1106
-940
-728
-757
-947
-1130
-995
-789
-723
-743
-760
-751
-599
-385
-267
-326
-267
-44
246
315
525
863
567
663
885
1533
1999
1671
1335
1351
1834
2422
2720
2372
1969
1929
2378
2735
2735
2559
2204
1705
1782
2337
2514
1932
1006
813
1214
1395
1172
551
-67
-181
-115
17
-181
-686
-1159
-1489
-1397
-1103
-1169
-1702
-2179
-2236
-2033
-1868
-1889
-2097
-2397
-2471
-2187
-1996
-1915
-1982
-2014
-2031
-1912
-1630
-1402
-1443
-1042
-855
-1392
-1258
-737
127
217
-334
-540
-139
239
723
992
566
349
248
732
1183
1290
1166
454
104
773
1362
1213
455
29
213
434
562
559
101
-441
-552
-273
122
-189
-678
-956
-1009
-592
-537
-841
-977
-1115
-1014
-945
-942
-770
-901
-1014
-877
-772
-682
-569
-483
-419
-460
-307
65
281
240
535
710
438
657
1018
1621
1748
1542
1402
1429
1921
2511
2708
2261
2026
2250
2608
2681
2734
2788
2441
1861
1969
2544
2580
2015
1296
1117
1376
1423
1250
676
138
71
-32
-82
-247
-549
-946
-1394
-1381
-1184
-1278
-1647
-2020
-2177
-2137
-2029
-1980
-2063
-2312
-2443
-2429
-2290
-1996
-1936
-2092
-2198
-2190
-1792
-1700
-1168
-998
-1653
-1674
-1345
-219
179
-272
-806
-757
-95
576
1006
641
138
79
545
1023
1370
1239
585
95
545
1360
1444
727
139
100
435
703
645
284
-207
-474
-247
115
9
-376
-778
-914
-765
-396
-529
-888
-1060
-1092
-849
-791
-749
-854
-940
-772
-769
-718
-620
-423
-347
-343
-398
-239
11
304
488
554
645
343
783
1145
1516
1812
1578
1264
1390
1992
2514
2649
2164
2007
2112
2411
2750
2753
2514
2211
1773
1965
2357
2376
2008
1268
963
1161
1341
1208
670
88
-81
-160
-63
-162
-571
-972
-1387
-1467
-1177
-1133
-1460
-1994
-2256
-2037
-1902
-1830
-1969
-2334
-2436
-2365
-2157
-1884
-1981
-2077
-2144
-2132
-1822
-1487
-1237
-1188
-1169
-1522
-1217
-566
-25
118
-457
-526
-168
316
743
882
478
338
376
839
1212
1177
1046
483
334
824
1327
1106
379
100
349
474
429
380
162
-341
-536
-318
-18
-159
-610
-898
-949
-742
-632
-712
-871
-1009
-1073
-1041
-936
-730
-626
-841
-1075
-1010
-658
-321
-259
-470
-691
-453
-3
472
405
481
343
148
793
1236
1749
1572
1177
1167
1569
2132
2513
2469
1981
1883
2204
2661
2752
2538
2419
2206
1874
2097
2445
2368
1787
1216
1193
1431
1388
1105
622
201
82
48
44
-206
-569
-924
-1239
-1207
-1053
-1222
-1616
-1990
-2032
-1933
-1920
-1861
-2020
-2288
-2378
-2323
-2125
-1942
-1915
-1991
-2174
-2043
-1695
-1342
-1223
-1232
-1117
-1448
-1117
-464
29
34
-513
-502
-40
430
785
838
412
282
457
945
1250
1098
817
469
472
950
1242
920
353
95
300
496
427
332
-11
-430
-401
-265
-105
-242
-637
-913
-944
-702
-568
-792
-955
-1045
-1056
-988
-900
-700
-750
-946
-1048
-852
-609
-464
-393
-538
-585
-365
108
266
183
507
379
421
749
1134
1708
1544
1280
1184
1593
2136
2460
2395
1964
1935
2284
2555
2629
2627
2524
2097
1755
2159
2508
2310
1644
1109
1173
1401
1330
1059
511
94
2
-2
-21
-295
-651
-1038
-1331
-1262
-1074
-1255
-1645
-2020
-2064
-1955
-1857
-1796
-2012
-2279
-2364
-2235
-2018
-1837
-1886
-1978
-2079
-1922
-1610
-1313
-843
-1143
-1420
-1322
-775
110
100
-331
-615
-351
300
755
809
469
149
450
878
1102
1263
968
488
446
874
1327
1095
462
196
268
529
594
410
76
-289
-402
-172
-46
-260
-549
-815
-867
-735
-615
-745
-990
-1071
-1076
-1024
-939
-920
-907
-917
-1002
-971
-816
-542
-495
-633
-631
-386
-93
112
43
280
576
301
600
863
1252
1561
1413
1367
1354
1644
2201
2423
2169
2008
2077
2347
2395
2579
2694
2280
1781
1850
2321
2451
1965
1309
1124
1236
1393
1246
813
327
70
39
100
-21
-378
-824
-1270
-1279
-1044
-1092
-1430
-1867
-2117
-2012
-1894
-1830
-1911
-2175
-2311
-2307
-2117
-1782
-1791
-1941
-2035
-1934
-1679
-1261
-1005
-1141
-1239
-1312
-839
-247
17
-165
-381
-347
146
692
801
665
321
409
751
1083
1216
928
619
588
770
1063
1031
759
346
220
466
583
444
89
-147
-237
-187
-204
-259
-480
-766
-847
-825
-743
-835
-985
-1065
-1089
-1076
-997
-1045
-1054
-963
-994
-968
-952
-747
-616
-594
-554
-462
-305
-91
91
148
565
514
398
684
951
1580
1700
1326
1239
1470
2006
2458
2400
2203
1966
2081
2517
2646
2696
2496
1991
1805
2062
2437
2384
1707
1155
1155
1369
1383
1082
580
142
-108
-45
84
-217
-672
-1120
-1414
-1220
-1095
-1293
-1707
-2126
-2086
-1974
-1923
-1879
-2089
-2301
-2385
-2255
-1998
-1935
-2004
-1958
-1902
-1811
-1604
-1350
-1233
-868
-700
-1038
-1068
-603
99
358
176
-189
-88
223
809
1245
974
592
414
805
1252
1501
1391
797
305
623
1321
1373
761
209
71
261
495
591
249
-424
-747
-524
-41
-89
-626
-1060
-1243
-987
-725
-770
-999
-1306
-1412
-1238
-1022
-825
-945
-1251
-1230
-1006
-724
-569
-635
-690
-597
-395
-1
167
97
529
489
360
645
1013
1690
1573
1266
1272
1547
2048
2409
2378
2094
1965
2182
2545
2552
2648
2587
2125
1795
2016
2454
2368
1724
1207
1190
1369
1303
1058
631
217
44
-45
-7
-216
-550
-951
-1318
-1232
-1167
-1368
-1663
-1932
-1995
-2035
-2044
-1978
-2005
-2140
-2290
-2303
-2147
-1866
-1820
-1828
-1958
-1931
-1638
-1393
-1114
-700
-930
-1401
-1100
-442
394
280
-206
-472
-173
444
1057
1145
543
230
314
996
1386
1424
961
240
242
918
1451
1108
279
-94
81
438
582
352
-153
-643
-676
-340
-20
-327
-880
-1218
-1163
-750
-698
-981
-1162
-1270
-1194
-1059
-942
-875
-950
-1018
-973
-830
-655
-423
-442
-439
-416
-144
98
214
364
735
834
480
793
1236
1807
1872
1601
1414
1589
2056
2502
2631
2176
2019
2187
2453
2600
2678
2619
2257
1796
1990
2353
2309
1820
1229
1125
1196
1145
982
561
125
-84
-235
-194
-347
-622
-995
-1429
-1480
-1359
-1375
-1608
-2028
-2251
-2155
-2032
-1929
-2028
-2288
-2390
-2414
-2207
-1874
-1855
-2003
-2087
-2042
-1650
-1446
-1044
-829
-1347
-1371
-1053
-172
317
26
-397
-412
82
638
1084
864
405
272
626
1065
1399
1330
790
323
561
1215
1447
941
246
64
382
655
602
258
-208
-485
-392
-39
-31
-426
-880
-1061
-818
-530
-723
-998
-1121
-1105
-969
-997
-961
-977
-1004
-922
-998
-903
-727
-587
-505
-466
-430
-301
-131
162
388
429
691
453
712
1128
1311
1741
1658
1381
1442
1760
2234
2558
2240
2154
2155
2294
2540
2540
2648
2501
1891
1762
2089
2321
2192
1439
1038
1093
1216
1185
793
340
47
-205
-197
-214
-458
-751
-1279
-1524
-1304
-1178
-1400
-1860
-2150
-2018
-1968
-1942
-1901
-2124
-2315
-2403
-2281
-1944
-1816
-1917
-2040
-2076
-1768
-1519
-1235
-1270
-840
-767
-1353
-979
-356
333
277
-193
-389
-105
392
1042
1146
631
229
258
976
1383
1396
975
230
96
883
1447
1031
216
-82
68
279
529
514
-96
-680
-731
-283
150
-240
-900
-1151
-1017
-707
-591
-792
-987
-1166
-1173
-983
-671
-517
-806
-1123
-973
-612
-399
-234
-402
-469
-508
-153
327
468
372
507
755
635
976
1208
1585
1695
1609
1599
1576
1824
2301
2592
2326
2097
2069
2339
2436
2591
2736
2266
1577
1665
2208
2342
1795
1036
882
1037
1073
959
541
102
-181
-426
-322
-343
-574
-1047
-1539
-1498
-1294
-1345
-1660
-1985
-2155
-2108
-2001
-1912
-1980
-2161
-2310
-2368
-2163
-1792
-1726
-1970
-2198
-1924
-1508
-1294
-1300
-1177
-630
-1054
-1188
-708
-81
418
51
-255
-215
138
627
1099
933
512
170
446
1098
1338
1297
711
63
332
1118
1410
795
13
-37
210
476
574
325
-259
-677
-547
56
165
-512
-939
-995
-741
-554
-720
-797
-967
-1215
-1105
-827
-586
-682
-1099
-1042
-801
-647
-380
-362
-354
-423
-447
-55
189
489
516
504
677
515
932
1303
1543
1728
1624
1434
1441
1909
2416
2594
2158
1935
2044
2300
2474
2506
2478
2096
1696
1743
2108
2180
1721
1192
907
907
1041
933
586
103
-243
-387
-332
-333
-614
-1061
-1425
-1542
-1414
-1306
-1577
-1977
-2210
-2145
-2014
-1941
-1985
-2199
-2347
-2307
-2027
-1743
-1727
-1946
-1947
-1718
-1464
-1331
-1126
-1098
-802
-499
-1008
-757
-348
212
530
209
-78
-168
222
982
1443
908
282
78
739
1360
1514
1199
374
-62
498
1366
1334
530
-102
-193
90
514
681
195
-706
-943
-459
137
34
-688
-1088
-1121
-869
-480
-532
-863
-1206
-1280
-864
-552
-494
-729
-1114
-952
-593
-304
-138
-373
-572
-486
-104
313
478
373
351
708
682
797
1118
1347
1593
1544
1469
1349
1545
1990
2446
2279
1881
1812
2013
2261
2389
2537
2258
1655
1418
1842
2156
1854
1232
827
738
842
942
736
170
-296
-462
-400
-311
-472
-853
-1357
-1619
-1472
-1252
-1331
-1703
-2065
-2120
-1932
-1765
-1789
-1969
-2163
-2208
-2083
-1789
-1636
-1729
-1861
-1815
-1654
-1393
-1128
-977
-744
-869
-999
-788
-288
189
334
139
-220
-165
316
956
1229
806
291
268
750
1315
1458
1145
469
192
715
1341
1278
619
63
13
273
541
675
247
-425
-686
-419
43
-7
-507
-927
-996
-835
-641
-581
-809
-1036
-1192
-1072
-730
-634
-702
-936
-996
-721
-534
-327
-357
-405
-382
-357
-161
157
454
474
257
485
768
944
1103
1120
1492
1651
1522
1339
1639
2059
2378
2226
1884
1946
2058
2239
2281
2350
2287
1800
1422
1655
2018
2023
1383
663
556
872
972
645
74
-377
-539
-526
-315
-466
-940
-1475
-1784
-1400
-1126
-1372
-1781
-2181
-2114
-1891
-1762
-1727
-1985
-2188
-2253
-2050
-1663
-1479
-1665
-1898
-1897
-1537
-1150
-991
-1096
-993
-674
-904
-783
-405
61
233
-10
-144
26
339
693
1030
743
421
298
710
1215
1244
1052
586
269
602
1160
1259
753
152
11
215
565
709
318
-395
-745
-410
220
216
-410
-925
-1015
-664
-382
-373
-595
-1012
-1156
-948
-545
-327
-659
-1012
-1004
-674
-288
-219
-278
-465
-553
-277
188
346
385
274
283
760
729
985
1018
1040
1521
1608
1479
1334
1552
2082
2295
1996
1945
1911
2037
2190
2297
2399
2072
1527
1454
1787
2023
1787
975
581
671
906
896
392
-160
-488
-591
-413
-310
-715
-1273
-1653
-1671
-1299
-1176
-1574
-2113
-2347
-2024
-1802
-1847
-2002
-2287
-2347
-2260
-1995
-1662
-1723
-2040
-2036
-1754
-1420
-1217
-1120
-1177
-871
-640
-733
-586
-403
95
332
364
139
50
378
909
1306
1125
633
412
893
1429
1717
1438
744
436
840
1501
1553
953
321
40
368
935
1025
341
-571
-729
-139
469
200
-679
-1115
-1057
-621
-297
-513
-929
-1391
-1291
-857
-578
-589
-1070
-1370
-1173
-688
-393
-430
-736
-823
-542
-315
-31
111
174
166
68
626
899
866
811
764
1517
1841
1555
1275
1405
1864
2251
2217
2009
1900
1873
2094
2245
2376
2297
1686
1351
1665
2069
2049
1231
626
725
1035
960
460
-6
-285
-436
-441
-396
-654
-1016
-1428
-1621
-1358
-1200
-1505
-1966
-2203
-2034
-1863
-1918
-1977
-2189
-2314
-2205
-1984
-1730
-1782
-2004
-1964
-1756
-1458
-1320
-1236
-1316
-1172
-493
-583
-787
-643
-324
271
425
215
58
107
527
1149
1250
855
479
627
1164
1476
1556
1174
534
650
1285
1573
1195
537
322
449
741
858
509
-74
-358
-205
171
162
-384
-728
-883
-812
-527
-568
-882
-1204
-1264
-942
-782
-846
-1028
-1232
-1068
-758
-677
-597
-721
-799
-550
-386
-59
40
17
81
200
763
782
628
769
940
1549
1830
1541
1292
1439
1948
2476
2375
2094
1964
1983
2247
2481
2631
2438
1816
1491
1843
2178
2035
1383
840
768
960
916
555
79
-275
-467
-551
-500
-710
-1112
-1511
-1790
-1593
-1367
-1616
-2081
-2351
-2183
-2039
-2081
-2182
-2301
-2338
-2285
-2146
-1955
-1906
-2054
-1987
-1757
-1507
-1361
-1300
-1184
-1137
-838
-635
-574
-279
-140
-28
113
230
510
633
623
736
897
1038
1040
1066
1214
1251
1181
1206
1256
1244
1175
1035
938
943
901
733
530
431
349
232
132
-25
-144
-276
-497
-561
-581
-728
-828
-895
-938
-1045
-1148
-1050
-1029
-1121
-1108
-1190
-1052
-856
-825
-759
-792
-740
-495
-332
-252
-68
-24
188
200
647
942
571
687
884
1510
1960
1636
1286
1399
1850
2471
2535
2180
2002
2002
2277
2474
2588
2584
2042
1519
1760
2138
2161
1565
920
759
831
799
585
174
-280
-517
-620
-534
-711
-1094
-1461
-1723
-1589
-1470
-1686
-2046
-2268
-2148
-2082
-2233
-2293
-2255
-2214
-2259
-2272
-2171
-2061
-2037
-1909
-1775
-1704
-1574
-1393
-1185
-978
-754
-759
-713
-380
-40
162
207
204
398
572
731
995
1052
979
966
1145
1351
1352
1393
1345
1171
1174
1300
1329
1109
917
892
814
688
605
485
296
101
23
7
-128
-432
-592
-654
-707
-755
-962
-1078
-1166
-1188
-1073
-1165
-1303
-1323
-1288
-1054
-1025
-1096
-1105
-1021
-767
-647
-623
-542
-411
-214
173
186
462
618
434
800
1092
1552
1855
1533
1371
1657
2052
2534
2472
2228
2228
2247
2479
2601
2648
2651
2257
1809
1908
2168
2183
1640
1018
861
932
878
610
187
-159
-433
-658
-602
-706
-1028
-1428
-1835
-1729
-1474
-1701
-2130
-2466
-2345
-2134
-2246
-2321
-2391
-2400
-2405
-2405
-2203
-1986
-2003
-2114
-2037
-1763
-1480
-1351
-1160
-1121
-628
-612
-898
-394
79
551
521
175
208
604
950
1428
1371
1064
899
960
1602
1895
1783
1401
859
1005
1647
1837
1353
667
563
757
835
815
608
46
-305
-255
79
172
-489
-1018
-1011
-864
-697
-873
-1281
-1487
-1558
-1284
-1168
-1351
-1445
-1568
-1436
-1186
-1078
-1026
-1024
-1048
-850
-629
-378
-195
-163
44
148
581
749
689
885
1131
1609
1916
1766
1611
1753
2138
2664
2634
2451
2306
2250
2454
2659
2878
2720
2060
1675
1934
2306
2202
1483
921
801
849
858
609
128
-325
-672
-700
-532
-691
-1198
-1769
-1991
-1701
-1486
-1796
-2277
-2592
-2415
-2202
-2235
-2284
-2445
-2486
-2442
-2258
-1961
-1889
-2048
-2077
-1873
-1476
-1203
-1196
-1121
-1127
-833
-367
-163
-48
-46
-58
325
620
824
918
757
942
1146
1326
1439
1363
1404
1436
1397
1536
1551
1450
1310
1160
1128
1152
1079
868
601
443
485
329
132
-42
-230
-293
-504
-677
-697
-952
-1085
-1180
-1310
-1326
-1436
-1374
-1438
-1575
-1567
-1465
-1383
-1337
-1298
-1251
-1075
-1051
-949
-797
-632
-336
-108
-47
-3
464
756
712
769
1053
1593
1908
1682
1529
1768
2122
2611
2573
2343
2270
2280
2550
2675
2756
2685
2137
1766
1966
2275
2188
1502
905
844
946
889
594
44
-305
-481
-562
-568
-880
-1251
-1634
-1913
-1715
-1596
-1934
-2381
-2596
-2362
-2185
-2342
-2489
-2503
-2420
-2315
-2200
-2010
-1891
-1929
-1876
-1632
-1361
-1114
-1069
-1020
-787
-543
-211
-69
22
136
289
576
810
955
966
964
1109
1340
1473
1440
1346
1417
1540
1568
1525
1410
1329
1266
1207
1158
1009
837
628
480
437
331
78
-192
-327
-405
-420
-662
-949
-1053
-1127
-1155
-1235
-1403
-1544
-1606
-1545
-1472
-1565
-1620
-1592
-1489
-1352
-1196
-1125
-1100
-1022
-846
-548
-360
-158
-42
-12
380
632
752
836
935
1512
1816
1696
1549
1701
2142
2508
2525
2320
2216
2321
2553
2605
2579
2533
2221
1853
1894
2151
2125
1562
974
892
1007
959
609
128
-218
-427
-486
-499
-705
-1119
-1570
-1798
-1679
-1485
-1672
-2168
-2510
-2415
-2115
-2054
-2205
-2395
-2433
-2328
-2155
-1912
-1792
-1858
-1952
-1799
-1393
-1106
-897
-865
-951
-740
-436
46
378
217
66
187
601
1065
1194
1044
880
922
1240
1533
1608
1498
1267
1144
1304
1587
1605
1296
903
838
996
951
784
528
320
171
72
45
-99
-313
-478
-705
-857
-898
-998
-1114
-1282
-1389
-1477
-1579
-1558
-1433
-1425
-1553
-1650
-1579
-1348
-1187
-1092
-1118
-1161
-1079
-800
-411
-223
-104
-158
122
420
599
899
993
1328
1612
1593
1546
1783
2074
2438
2459
2300
2302
2346
2583
2673
2700
2576
2221
1996
2106
2319
2236
1671
1102
995
1183
1157
822
289
-141
-333
-355
-300
-543
-989
-1497
-1792
-1619
-1457
-1675
-2109
-2500
-2542
-2331
-2151
-2138
-2411
-2639
-2582
-2314
-1955
-1881
-1968
-2047
-1941
-1681
-1217
-970
-868
-687
-1074
-803
-211
422
666
158
-31
332
959
1379
1451
1110
906
959
1487
1882
1821
1607
1193
1005
1412
1876
1787
1151
674
822
1041
1023
851
526
92
-121
-68
184
4
-522
-823
-954
-839
-815
-1060
-1301
-1507
-1554
-1542
-1605
-1520
-1525
-1682
-1772
-1726
-1485
-1276
-1267
-1267
-1223
-1145
-828
-604
-436
-221
-172
204
281
371
780
903
1327
1555
1506
1504
1643
2039
2432
2477
2332
2293
2313
2547
2756
2801
2648
2218
2033
2225
2359
2295
1787
1254
1069
1143
1187
892
410
-69
-356
-357
-256
-443
-908
-1426
-1744
-1666
-1462
-1595
-2009
-2404
-2504
-2354
-2221
-2130
-2262
-2561
-2605
-2404
-1998
-1780
-1925
-2041
-1924
-1703
-1298
-1020
-861
-489
-968
-922
-390
266
882
460
58
146
649
1239
1686
1342
938
772
1141
1740
1853
1871
1350
781
1114
1759
1979
1389
664
630
880
996
898
635
150
-170
-241
89
123
-397
-831
-1101
-988
-784
-997
-1321
-1563
-1638
-1542
-1582
-1595
-1599
-1676
-1725
-1802
-1677
-1359
-1243
-1317
-1401
-1257
-943
-663
-508
-273
-222
56
318
409
788
897
1279
1641
1596
1523
1697
2039
2458
2597
2485
2380
2357
2564
2791
2956
2855
2431
2059
2200
2491
2523
2055
1375
1111
1224
1297
1126
633
99
-273
-407
-242
-331
-753
-1300
-1766
-1724
-1466
-1560
-1909
-2351
-2505
-2406
-2304
-2168
-2226
-2468
-2664
-2606
-2188
-1842
-1919
-2069
-2040
-1730
-1398
-1174
-941
-777
-858
-705
-383
37
427
283
284
421
710
1003
1092
1139
1200
1205
1196
1229
1413
1721
1584
1224
1141
1252
1437
1358
1099
987
742
583
591
635
566
128
-249
-298
-263
-251
-533
-898
-1093
-1198
-1177
-1228
-1367
-1559
-1725
-1702
-1607
-1606
-1619
-1712
-1747
-1661
-1447
-1210
-1196
-1234
-1177
-944
-670
-354
-175
-127
144
315
527
757
915
1409
1742
1643
1493
1710
2146
2552
2647
2474
2405
2470
2684
2822
2944
2889
2475
2119
2193
2485
2530
2021
1396
1186
1298
1292
1010
599
137
-183
-342
-317
-401
-790
-1231
-1626
-1642
-1456
-1604
-1901
-2241
-2378
-2263
-2287
-2322
-2295
-2403
-2475
-2496
-2327
-2014
-1928
-2005
-1979
-1902
-1539
-1302
-967
-511
-957
-1005
-697
-15
643
492
109
58
396
917
1495
1359
1055
826
1014
1458
1729
1917
1542
909
952
1494
1830
1484
885
642
682
772
827
763
293
-149
-311
-78
28
-324
-711
-1063
-1164
-998
-1078
-1298
-1544
-1765
-1734
-1708
-1636
-1643
-1798
-1818
-1776
-1664
-1504
-1359
-1276
-1236
-1230
-941
-652
-431
-195
-92
259
193
369
842
1130
1498
1606
1477
1492
1848
2304
2703
2580
2389
2436
2593
2838
2998
3067
2826
2361
2276
2567
2683
2448
1911
1424
1308
1377
1376
1097
479
102
-144
-205
-154
-379
-792
-1367
-1658
-1527
-1390
-1594
-2063
-2421
-2453
-2331
-2220
-2279
-2473
-2610
-2612
-2444
-2169
-2042
-2031
-2119
-2009
-1803
-1234
-915
-1214
-1166
-1071
-415
45
128
-24
-112
194
670
1090
987
863
773
1066
1327
1480
1485
1200
1119
1339
1641
1594
1229
1011
949
1089
1158
916
526
238
262
356
316
-81
-486
-602
-535
-514
-657
-1053
-1354
-1334
-1284
-1276
-1407
-1615
-1760
-1747
-1535
-1408
-1595
-1744
-1690
-1403
-1127
-1194
-1217
-1173
-989
-630
-288
-186
-200
158
345
486
786
1117
1436
1510
1478
1581
1856
2147
2504
2559
2403
2358
2561
2791
2843
2899
2826
2438
2206
2434
2631
2403
1872
1504
1402
1403
1343
1061
577
172
-63
-96
-148
-393
-782
-1252
-1500
-1407
-1376
-1637
-1988
-2232
-2259
-2219
-2210
-2257
-2369
-2462
-2468
-2387
-2233
-2084
-1989
-2011
-2008
-1701
-1395
-1268
-1069
-913
-866
-642
-399
-26
203
112
193
452
742
916
1032
1044
1046
1091
1263
1316
1318
1391
1299
1227
1194
1183
1180
1072
978
877
699
547
428
404
327
54
-181
-309
-424
-435
-576
-833
-995
-1159
-1222
-1244
-1268
-1375
-1589
-1643
-1623
-1540
-1511
-1568
-1624
-1598
-1446
-1276
-1192
-1145
-1066
-879
-713
-501
-270
15
318
149
276
633
1110
1578
1546
1346
1359
1762
2307
2648
2507
2275
2215
2488
2830
3002
2967
2587
2195
2222
2583
2730
2382
1766
1394
1452
1542
1414
1059
556
170
-100
-51
-46
-322
-796
-1361
-1509
-1368
-1338
-1565
-1980
-2267
-2323
-2261
-2157
-2205
-2305
-2455
-2559
-2379
-2129
-1931
-1950
-2050
-2063
-1754
-1421
-1065
-579
-1098
-1224
-918
-242
597
394
-26
-228
146
893
1499
1330
861
539
869
1466
1710
1736
1225
616
839
1529
1825
1374
580
413
727
978
936
563
10
-230
-173
177
85
-472
-798
-1024
-863
-684
-916
-1270
-1548
-1557
-1376
-1393
-1469
-1636
-1768
-1609
-1552
-1446
-1415
-1476
-1326
-1174
-1057
-906
-801
-653
-310
-142
143
238
205
540
766
1243
1603
1458
1307
1470
1945
2462
2573
2367
2243
2300
2580
2875
2995
2908
2462
2094
2294
2620
2703
2241
1565
1324
1446
1506
1370
922
379
23
-126
8
-85
-474
-988
-1500
-1487
-1236
-1325
-1686
-2146
-2307
-2197
-2145
-2106
-2228
-2412
-2510
-2517
-2281
-2074
-2022
-2079
-1978
-1925
-1714
-1296
-1149
-933
-940
-896
-599
-149
147
227
142
184
494
811
1095
976
990
1070
1085
1282
1431
1421
1284
1125
1183
1300
1277
1079
914
834
753
626
533
431
214
93
-120
-243
-283
-422
-627
-836
-974
-1002
-1092
-1219
-1340
-1507
-1497
-1455
-1502
-1530
-1567
-1633
-1613
-1497
-1304
-1227
-1317
-1321
-1140
-860
-618
-489
-390
-315
106
409
405
484
699
1278
1632
1494
1349
1544
1861
2449
2697
2453
2219
2200
2575
2914
3063
2905
2377
2009
2301
2768
2744
2083
1397
1336
1539
1503
1337
820
265
-24
-105
80
-70
-536
-1083
-1498
-1386
-1195
-1373
-1737
-2168
-2279
-2157
-2138
-2101
-2238
-2436
-2493
-2438
-2192
-2023
-2029
-2064
-2047
-1919
-1591
-1373
-1102
-555
-1059
-1225
-813
-88
723
330
-152
-211
283
998
1568
1335
837
491
822
1652
1921
1848
1153
501
860
1668
2000
1382
469
287
659
954
965
576
-122
-439
-388
112
140
-538
-1001
-1274
-1019
-710
-926
-1276
-1612
-1739
-1511
-1384
-1344
-1496
-1812
-1771
-1578
-1407
-1274
-1372
-1366
-1234
-1143
-818
-681
-588
-362
-153
250
188
221
596
881
1382
1608
1402
1270
1552
2103
2642
2601
2310
2211
2326
2702
3017
3097
2765
2248
2135
2538
2783
2605
2076
1499
1376
1515
1540
1326
789
286
-5
-47
90
-58
-527
-1082
-1462
-1385
-1134
-1269
-1671
-2138
-2304
-2151
-2046
-2036
-2210
-2434
-2531
-2454
-2141
-1973
-2036
-2110
-2086
-1960
-1663
-1320
-1191
-673
-1067
-1290
-791
-275
562
428
-54
-216
112
789
1534
1391
858
468
667
1488
1810
1816
1293
556
691
1433
1838
1465
617
321
545
789
906
675
37
-377
-460
-59
136
-362
-838
-1171
-1108
-874
-910
-1192
-1447
-1674
-1609
-1519
-1474
-1389
-1633
-1742
-1742
-1572
-1267
-1144
-1194
-1268
-1223
-929
-587
-342
-236
-166
114
141
316
721
1002
1317
1527
1409
1407
1673
2097
2647
2570
2319
2258
2412
2729
2968
3113
2843
2304
2132
2522
2785
2620
2093
1528
1371
1489
1577
1411
807
271
-43
-63
90
-71
-504
-1097
-1495
-1388
-1148
-1300
-1674
-2128
-2305
-2189
-2037
-1974
-2204
-2476
-2587
-2477
-2089
-1885
-2001
-2182
-2197
-1886
-1558
-1055
-1086
-1348
-1330
-1015
-237
115
-41
-325
-192
207
781
1041
876
663
645
1012
1319
1471
1380
1037
918
1194
1438
1370
1026
764
783
916
849
628
345
142
107
138
29
-323
-576
-609
-667
-682
-811
-1135
-1211
-1229
-1261
-1327
-1523
-1544
-1566
-1523
-1440
-1548
-1602
-1556
-1374
-1178
-1122
-1163
-1111
-903
-694
-398
-224
-141
173
250
363
562
968
1491
1567
1360
1319
1699
2162
2627
2615
2320
2164
2403
2827
3024
2992
2702
2350
2193
2528
2828
2606
1984
1458
1512
1655
1554
1332
789
305
88
102
162
-84
-586
-1109
-1335
-1191
-1071
-1399
-1814
-2075
-2114
-2004
-2060
-2155
-2212
-2390
-2425
-2353
-2219
-2022
-2044
-2094
-2023
-1934
-1617
-1454
-1200
-737
-1176
-1242
-837
-186
427
144
-233
-182
203
760
1301
1119
735
457
785
1425
1652
1591
1044
543
816
1434
1561
1103
492
384
602
697
681
452
-10
-338
-381
-59
-28
-510
-842
-1051
-954
-769
-991
-1257
-1367
-1446
-1440
-1447
-1439
-1416
-1548
-1584
-1498
-1403
-1306
-1234
-1150
-1044
-1069
-869
-636
-418
-205
-36
239
120
283
651
1041
1445
1515
1274
1232
1607
2195
2618
2418
2202
2163
2404
2700
2958
3040
2687
2242
2173
2558
2810
2591
2037
1534
1464
1639
1686
1448
893
425
111
130
239
89
-371
-1013
-1304
-1152
-975
-1180
-1662
-2039
-2093
-2019
-1947
-2003
-2179
-2376
-2518
-2399
-2088
-1965
-2069
-2138
-2111
-1899
-1600
-1489
-1273
-1199
-1122
-895
-805
-521
-249
-96
53
138
198
429
617
827
956
843
847
903
1098
1317
1251
1081
918
890
1075
1142
986
785
520
337
430
496
452
49
-369
-403
-329
-247
-467
-821
-1004
-1068
-1020
-992
-1142
-1316
-1494
-1548
-1385
-1244
-1305
-1542
-1663
-1433
-1160
-1077
-1128
-1175
-1051
-805
-546
-288
-266
-163
233
276
389
579
945
1424
1468
1323
1350
1613
2043
2490
2482
2271
2132
2322
2623
2833
2976
2753
2245
2060
2442
2768
2594
2020
1536
1494
1549
1553
1397
869
403
81
100
222
-8
-470
-1042
-1315
-1104
-1017
-1306
-1648
-1960
-2038
-2015
-1961
-1910
-2074
-2292
-2410
-2315
-2047
-1872
-1948
-2062
-2129
-1727
-1416
-1527
-1304
-1139
-1021
-839
-689
-414
-161
-243
-52
259
381
502
541
720
843
912
1029
956
929
1216
1244
1132
978
932
1020
949
870
838
627
353
265
359
449
71
-317
-456
-424
-323
-461
-820
-1020
-1096
-1121
-1076
-1168
-1289
-1483
-1583
-1463
-1356
-1378
-1432
-1527
-1431
-1287
-1161
-1020
-1031
-940
-740
-614
-454
-247
241
374
14
179
642
1327
1608
1330
1080
1307
1773
2348
2614
2292
2037
2007
2381
2819
3046
2846
2239
1889
2276
2784
2759
2203
1582
1405
1589
1649
1518
1129
587
256
129
261
237
-124
-654
-1132
-1124
-927
-1051
-1351
-1727
-1930
-1936
-1937
-1894
-1967
-2068
-2264
-2362
-2216
-1962
-1839
-1894
-2065
-1979
-1838
-1272
-922
-1349
-1260
-1328
-734
-93
-119
-318
-443
-283
297
827
698
541
306
618
929
1206
1346
931
656
851
1238
1405
1146
709
533
717
928
861
488
73
21
161
309
-9
-397
-543
-659
-523
-520
-822
-1078
-1217
-1185
-1051
-1119
-1320
-1512
-1548
-1326
-1259
-1354
-1426
-1460
-1287
-1058
-1032
-989
-885
-861
-571
-337
-1
196
18
52
246
979
1543
1341
939
973
1558
2150
2409
2231
2003
1973
2192
2646
2889
2814
2394
2002
2115
2544
2789
2363
1693
1411
1639
1760
1507
1176
763
443
299
255
236
3
-446
-901
-1032
-868
-904
-1273
-1656
-1776
-1725
-1750
-1889
-1972
-1995
-2107
-2215
-2128
-2045
-1892
-1825
-1926
-1892
-1815
-1530
-1268
-1081
-932
-1014
-1108
-731
-179
93
64
-254
-122
271
638
922
804
612
564
760
1147
1292
1130
871
702
892
1210
1116
822
583
483
599
563
475
309
15
-84
-96
-115
-181
-493
-684
-721
-787
-762
-964
-1185
-1195
-1204
-1243
-1320
-1349
-1294
-1322
-1422
-1375
-1296
-1158
-1152
-1196
-1059
-881
-681
-499
-486
-336
126
122
114
239
592
1203
1266
1012
1032
1285
1722
2167
2226
2123
1921
1957
2309
2671
2871
2647
1996
1858
2344
2711
2600
1844
1382
1548
1684
1637
1312
844
569
301
264
276
96
-221
-700
-945
-819
-829
-1092
-1430
-1670
-1606
-1621
-1815
-1891
-1908
-1973
-2065
-2140
-2006
-1846
-1874
-1903
-1885
-1725
-1580
-1479
-855
-1051
-1255
-1141
-871
48
110
-217
-385
-227
166
812
948
677
383
389
820
1157
1433
1149
524
527
1028
1422
1264
605
353
509
695
740
625
229
-165
-228
51
191
-149
-524
-775
-790
-522
-629
-971
-1102
-1224
-1190
-1189
-1278
-1200
-1281
-1402
-1416
-1415
-1250
-1200
-1226
-1174
-1185
-1011
-736
-621
-569
-357
-19
-39
24
258
582
1053
1205
1023
998
1225
1753
2250
2179
2024
1942
2100
2347
2643
2881
2612
2065
1925
2423
2724
2514
1854
1378
1555
1751
1691
1316
807
588
447
394
362
151
-200
-744
-950
-748
-718
-1053
-1543
-1805
-1672
-1565
-1685
-1915
-2090
-2092
-2129
-2066
-1961
-1922
-1923
-2034
-1925
-1647
-1474
-1393
-1287
-1098
-942
-880
-743
-391
-143
-82
-23
61
248
385
586
801
820
720
650
844
1086
1216
1027
784
782
903
1068
932
682
569
460
365
435
426
206
-133
-316
-247
-119
-237
-583
-765
-819
-820
-826
-881
-1003
-1117
-1303
-1317
-1184
-1061
-1123
-1393
-1448
-1284
-1103
-961
-952
-1101
-982
-859
-543
-246
-260
-36
-136
-102
280
628
1153
1174
811
871
1256
1727
2174
2067
1876
1857
1928
2332
2536
2593
2479
2040
1879
2209
2596
2500
1860
1317
1440
1770
1655
1261
792
548
443
393
397
128
-246
-661
-850
-651
-604
-938
-1431
-1639
-1489
-1359
-1538
-1806
-1904
-1910
-1931
-1948
-1899
-1815
-1836
-1868
-1855
-1618
-1501
-1342
-940
-1209
-1217
-1174
-765
-45
-71
-407
-548
-253
257
741
646
447
289
516
855
1062
1201
885
499
570
1071
1347
982
431
315
625
794
619
402
86
-59
-62
108
61
-299
-524
-675
-625
-507
-694
-925
-1057
-1055
-1007
-1072
-1178
-1226
-1178
-1146
-1135
-1241
-1209
-1192
-1039
-901
-974
-934
-846
-565
-384
-177
4
-222
-114
297
727
1131
1035
702
824
1314
1849
2128
1871
1707
1839
2130
2400
2518
2584
2360
1948
1980
2437
2622
2329
1690
1353
1581
1801
1688
1212
709
544
486
520
423
48
-315
-727
-809
-581
-642
-1037
-1462
-1646
-1527
-1435
-1532
-1751
-1950
-2015
-1993
-1932
-1735
-1751
-1917
-1944
-1869
-1512
-1276
-1271
-1252
-1168
-1152
-862
-529
-247
-171
-330
-257
4
340
513
551
424
489
661
797
898
905
871
727
665
815
963
894
572
429
477
482
431
290
188
14
-174
-216
-195
-180
-366
-723
-785
-697
-700
-794
-974
-1023
-1051
-1129
-1086
-1032
-993
-1048
-1174
-1157
-1017
-880
-800
-870
-949
-746
-609
-406
-309
-95
121
-167
-31
358
899
1220
984
673
819
1317
1862
2175
1819
1550
1621
2000
2449
2500
2340
1992
1685
1941
2412
2505
2052
1384
1170
1535
1764
1568
1032
456
379
486
555
421
-79
-476
-756
-694
-409
-595
-1052
-1478
-1580
-1338
-1240
-1420
-1657
-1850
-1877
-1772
-1627
-1688
-1706
-1838
-1850
-1621
-1417
-1200
-1314
-1252
-1185
-994
-749
-542
-383
-377
-383
-254
162
290
350
335
310
555
639
722
783
734
786
683
712
855
848
644
465
448
540
538
303
223
119
27
-30
-119
-156
-277
-391
-478
-573
-551
-605
-804
-808
-783
-851
-897
-1043
-949
-824
-965
-954
-1024
-948
-835
-824
-723
-715
-717
-499
-293
-259
93
-43
-167
97
389
1014
1149
764
572
842
1400
1947
1912
1598
1401
1536
2036
2314
2304
2101
1652
1459
1854
2243
2228
1641
988
1032
1425
1510
1270
682
294
251
334
447
144
-214
-579
-794
-611
-467
-626
-1052
-1428
-1393
-1193
-1164
-1337
-1564
-1674
-1656
-1594
-1490
-1450
-1553
-1551
-1520
-1401
-1172
-1011
-1041
-1087
-1010
-734
-364
-241
-301
-377
-258
51
419
431
248
175
299
630
775
708
563
465
513
711
799
673
442
268
350
457
437
282
15
-85
-16
47
-19
-295
-460
-438
-396
-447
-601
-665
-767
-859
-778
-741
-749
-877
-1042
-876
-744
-709
-784
-896
-847
-714
-617
-556
-554
-577
-294
-247
-24
273
-46
-19
140
545
1215
1118
674
582
909
1589
2030
1765
1435
1299
1557
2055
2265
2278
1905
1377
1403
1908
2306
2066
1286
811
1068
1478
1486
1092
473
204
249
401
441
103
-316
-728
-856
-537
-414
-740
-1237
-1549
-1396
-1163
-1171
-1380
-1600
-1746
-1663
-1491
-1473
-1488
-1546
-1479
-1469
-1393
-1141
-1043
-1038
-1033
-909
-657
-382
-270
-386
-342
-180
188
415
242
220
289
486
644
637
664
589
543
673
702
698
630
434
389
437
443
380
129
-7
73
64
-15
-211
-354
-331
-369
-412
-522
-659
-667
-716
-746
-696
-752
-850
-927
-896
-707
-668
-786
-870
-843
-663
-553
-558
-586
-596
-488
-148
-61
90
238
-130
28
302
853
1357
990
541
598
1092
1752
2031
1651
1295
1166
1634
2189
2311
2083
1572
1221
1480
2006
2188
1741
921
709
1161
1481
1315
765
216
114
233
485
380
-99
-553
-862
-615
-341
-498
-898
-1310
-1390
-1208
-1117
-1138
-1348
-1601
-1702
-1584
-1370
-1283
-1485
-1496
-1502
-1158
-692
-1242
-1460
-1311
-715
-81
-280
-764
-842
-615
-63
579
495
29
-473
-153
569
1020
1015
263
-277
128
902
1235
767
58
-137
253
644
791
519
-170
-494
-204
465
470
-184
-669
-774
-346
3
-229
-645
-872
-915
-698
-500
-488
-700
-1012
-973
-735
-441
-457
-730
-790
-658
-476
-349
-347
-392
-346
-297
-5
67
356
501
-41
119
524
1095
1440
1039
588
738
1235
1775
2098
1686
1297
1262
1680
2181
2266
2011
1510
1133
1431
1962
2028
1528
797
580
1064
1322
1102
544
-46
-13
132
320
131
-418
-730
-905
-712
-534
-777
-1116
-1378
-1399
-1218
-1161
-1305
-1481
-1550
-1478
-1453
-1448
-1375
-1370
-1217
-1184
-1182
-1193
-1238
-986
-701
-547
-593
-731
-620
-325
-155
36
38
-32
-22
72
362
530
536
365
205
312
590
737
608
378
277
396
528
515
430
237
60
18
85
235
119
-158
-308
-381
-248
-220
-383
-468
-598
-707
-670
-526
-493
-606
-770
-832
-688
-537
-429
-537
-655
-642
-513
-318
-250
-253
-255
-303
-278
-132
313
339
488
511
-38
232
517
1262
1609
1018
458
535
1109
1772
2041
1608
1214
905
1325
1878
2190
2062
1309
705
994
1711
2043
1538
633
348
663
957
987
679
108
-235
-381
32
282
-67
-620
-1159
-959
-480
-520
-872
-1261
-1354
-1200
-1093
-1054
-1019
-1187
-1550
-1525
-1288
-878
-773
-1137
-1452
-1431
-1031
-626
-530
-706
-971
-1034
-714
-204
99
-107
-411
-548
-175
281
400
329
43
-118
44
406
645
522
161
0
207
529
573
309
55
49
188
282
234
63
-64
-78
-32
2
-115
-301
-357
-259
-203
-299
-467
-556
-431
-341
-441
-557
-548
-442
-391
-430
-419
-380
-311
-274
-209
-135
-175
-147
-66
55
16
124
188
274
964
673
232
94
407
1609
1782
1029
251
313
1090
1956
2050
1501
856
613
1099
1749
2267
1976
822
178
795
1846
2139
1126
42
4
631
1046
987
341
-315
-597
-344
214
214
-245
-1077
-1365
-743
-276
-477
-1114
-1475
-1292
-1005
-888
-970
-1220
-1518
-1501
-1054
-800
-1069
-1535
-1458
-1049
-682
-688
-1072
-1155
-1003
-570
-348
-337
-424
-699
-589
-208
268
368
-195
-454
-78
452
552
220
17
68
247
432
573
517
167
-44
180
561
583
239
-105
-86
179
275
236
35
-216
-295
-205
-26
46
-184
-443
-603
-418
-110
-117
-339
-596
-605
-395
-252
-240
-270
-387
-410
-283
-46
73
-55
-177
-77
123
354
329
219
223
262
969
1087
624
237
201
1172
1797
1400
724
414
635
1453
1853
1692
1176
643
771
1268
1907
2024
1188
348
380
1157
1819
1357
423
30
164
487
707
509
76
-459
-717
-332
-45
-140
-640
-1150
-998
-766
-690
-808
-1120
-1141
-1137
-1176
-1183
-1211
-1188
-1125
-1170
-1287
-1356
-1385
-1154
-902
-905
-1091
-1329
-1170
-738
-515
-513
-843
-897
-616
-408
-121
-111
-259
-339
-336
-48
296
325
83
-88
70
372
518
420
340
362
412
384
411
525
506
439
250
219
344
367
337
178
90
98
-14
-25
50
53
-2
-284
-372
-130
-55
-112
-302
-320
-239
-207
-155
-102
-98
-251
-203
-27
202
127
-35
6
145
359
367
272
327
287
557
772
632
649
373
601
981
1105
1002
691
561
860
1244
1316
1233
875
810
905
1186
1489
1262
780
562
709
1084
1052
629
367
301
318
299
166
50
-166
-400
-335
-404
-424
-664
-902
-754
-725
-804
-1055
-1196
-1105
-1042
-1099
-1240
-1296
-1266
-1229
-1220
-1155
-1159
-1275
-1215
-1118
-965
-932
-1085
-1007
-868
-734
-723
-733
-538
-467
-456
-396
-299
-99
-54
-129
-68
34
150
238
318
359
310
342
426
568
650
590
503
496
556
616
588
474
459
425
369
354
305
241
114
-12
48
50
-61
-175
-310
-242
-162
-173
-233
-345
-335
-271
-229
-210
-216
-212
-167
-84
-28
-4
27
139
128
85
230
367
427
337
209
408
605
668
755
560
528
611
852
1104
1058
834
654
760
1042
1337
1234
943
771
876
1097
1173
1093
935
678
588
674
803
769
411
122
91
186
206
-14
-308
-431
-495
-458
-518
-691
-821
-979
-1020
-948
-930
-995
-1197
-1317
-1262
-1101
-1099
-1151
-1294
-1384
-1270
-1150
-975
-1096
-1196
-1152
-1051
-827
-740
-785
-881
-864
-568
-325
-314
-427
-442
-304
-90
96
94
58
3
106
319
449
501
410
347
352
517
704
690
581
411
447
615
683
640
417
279
300
327
370
284
125
51
-45
-57
-29
-68
-120
-241
-313
-263
-213
-247
-226
-269
-252
-194
-224
-99
-32
-10
-7
-36
47
188
271
297
310
334
367
412
495
537
536
522
566
637
700
753
731
684
660
689
821
873
813
731
601
640
774
882
831
647
505
460
581
668
644
444
192
149
234
332
258
5
-157
-243
-229
-194
-249
-365
-549
-675
-714
-672
-628
-735
-848
-915
-924
-893
-934
-947
-958
-977
-1002
-983
-939
-953
-970
-883
-782
-796
-866
-850
-719
-534
-492
-587
-570
-472
-299
-215
-223
-147
-106
-82
-13
134
260
174
69
163
354
445
371
255
239
322
399
446
396
284
215
202
278
336
263
129
31
34
100
88
25
-40
-118
-157
-136
-94
-82
-131
-223
-205
-123
-60
-57
-84
-45
-35
27
116
162
219
161
217
356
465
528
475
483
483
599
666
719
714
606
641
661
815
803
655
560
513
651
748
691
519
334
300
427
531
541
356
89
55
202
356
308
57
-81
-70
13
53
-27
-195
-274
-187
-116
-137
-318
-459
-490
-421
-268
-306
-498
-669
-691
-553
-491
-528
-646
-801
-799
-704
-600
-604
-723
-766
-732
-673
-587
-561
-605
-612
-547
-410
-310
-318
-329
-325
-271
-145
-77
-39
-53
-43
55
110
158
154
165
190
227
267
234
201
206
270
288
216
152
122
114
144
107
23
-17
-37
-7
-47
-123
-109
-103
-131
-181
-199
-149
-104
-95
-123
-151
-103
-28
3
-6
7
5
69
159
228
259
191
153
226
393
506
494
358
270
347
528
645
608
472
361
397
533
642
588
468
340
296
351
447
519
430
223
85
152
254
265
108
-31
-53
-50
-48
-105
-95
-120
-191
-287
-310
-204
-138
-157
-273
-279
-215
-183
-136
-141
-99
-131
-203
-185
-96
-11
-52
-107
-156
-154
-87
-69
-41
-73
-132
-162
-157
-78
-64
-78
-142
-169
-144
-120
-81
-99
-114
-145
-138
-96
-110
-119
-110
-60
-36
-110
-155
-159
-73
-32
-117
-170
-204
-157
-133
-161
-218
-286
-303
-282
-247
-279
-363
-439
-401
-294
-258
-276
-352
-417
-324
-201
-109
-102
-176
-184
-76
92
173
86
-41
-35
94
263
308
251
223
168
193
293
363
421
381
320
299
319
373
387
389
368
325
295
294
305
333
354
326
303
279
272
299
320
282
174
130
170
190
164
79
38
71
87
36
-23
-13
-14
12
36
12
-17
-95
-133
-82
-5
7
-67
-159
-188
-97
7
19
-57
-131
-146
-70
10
30
-12
-61
-79
-79
-27
32
42
-9
-59
-63
48
114
93
56
44
113
107
30
-5
19
61
39
-15
-48
-67
-69
-75
-80
-64
-86
-154
-235
-249
-200
-181
-213
-291
-364
-422
-436
-397
-374
-395
-464
-527
-523
-434
-352
-342
-375
-448
-445
-363
-268
-183
-203
-251
-218
-137
-48
3
13
60
110
134
190
228
248
266
270
354
395
341
279
247
351
434
405
338
263
262
297
299
296
286
209
140
159
226
258
164
71
81
104
110
58
35
81
92
47
-15
-10
33
70
15
-12
23
-13
-49
-33
42
122
102
11
-53
-11
68
102
118
76
38
12
21
107
167
143
66
42
87
111
94
39
57
131
146
71
-4
10
56
88
57
5
-13
-11
7
4
1
-19
-56
-62
-63
-30
-25
-90
-147
-145
-92
-83
-129
-203
-235
-189
-175
-217
-262
-254
-231
-235
-280
-325
-303
-278
-240
-238
-290
-320
-330
-298
-227
-189
-193
-237
-253
-198
-131
-86
-60
-73
-70
-17
6
28
25
65
137
140
133
92
105
167
203
225
207
172
170
177
180
216
213
151
99
85
101
120
106
75
61
26
-13
-37
-12
48
47
-26
-79
-65
-13
17
-9
-40
-47
-51
-55
-36
6
45
39
16
10
34
79
97
105
118
105
95
127
177
207
197
146
130
173
206
223
196
172
186
209
223
208
175
182
219
234
238
193
146
130
132
169
170
126
73
8
11
55
63
20
-77
-129
-128
-122
-144
-175
-186
-234
-284
-323
-339
-320
-340
-365
-368
-341
-341
-387
-411
-390
-314
-254
-259
-305
-321
-282
-248
-199
-148
-143
-147
-174
-160
-81
-11
4
-38
-70
-37
23
62
79
67
45
26
24
75
134
161
127
61
68
118
176
202
177
170
161
157
167
192
215
184
132
126
165
157
104
50
33
64
57
37
23
0
-41
-68
-57
-31
-13
-34
-74
-87
-66
-49
-43
-30
6
17
24
35
50
63
67
78
111
160
149
108
89
101
134
155
158
148
130
94
84
145
199
192
137
88
105
145
146
118
114
124
123
94
70
84
80
61
33
27
31
-10
-53
-86
-85
-82
-153
-218
-231
-232
-205
-218
-265
-270
-289
-305
-302
-295
-268
-254
-265
-274
-291
-284
-240
-227
-219
-192
-169
-147
-147
-137
-104
-68
-34
-11
6
20
-2
-37
-15
49
94
100
43
-3
5
41
90
102
96
89
94
104
90
104
143
168
178
138
111
139
177
183
170
174
182
148
110
144
191
201
137
56
61
95
107
69
25
32
39
-2
-41
-54
-39
-24
-17
-6
-18
-55
-101
-104
-38
26
12
-36
-67
-59
-20
-5
10
25
19
32
47
61
70
58
59
97
134
133
117
99
105
134
163
173
146
113
101
119
127
100
67
42
42
9
-45
-88
-104
-85
-95
-130
-173
-209
-227
-239
-256
-263
-263
-269
-277
-299
-327
-335
-319
-275
-250
-257
-269
-270
-222
-163
-129
-126
-148
-140
-77
7
44
5
-38
-26
62
140
154
123
74
64
104
156
185
176
130
96
105
127
122
91
73
93
108
94
48
34
66
78
90
90
64
23
1
36
93
118
72
19
27
88
113
88
80
110
141
134
118
119
135
137
133
135
134
112
85
98
117
102
58
32
38
50
45
26
24
16
-1
-17
-18
4
13
-2
-19
1
19
-2
-18
-7
33
47
24
-4
8
47
62
65
48
35
23
4
15
17
9
-24
-56
-53
-61
-78
-112
-155
-163
-158
-168
-192
-229
-252
-250
-254
-259
-270
-302
-303
-293
-292
-284
-283
-273
-269
-272
-254
-221
-193
-181
-185
-167
-133
-111
-93
-78
-60
-32
-13
7
30
36
28
33
76
125
144
131
109
104
131
162
166
143
130
135
156
174
164
128
110
111
127
164
161
127
84
79
125
175
181
119
91
108
150
188
180
167
153
151
160
190
211
179
155
171
219
238
209
169
162
190
207
211
191
166
152
147
148
148
131
99
83
89
89
70
37
22
19
25
26
7
-23
-60
-76
-75
-57
-49
-68
-108
-138
-146
-157
-159
-149
-141
-170
-218
-237
-230
-219
-226
-256
-261
-249
-249
-265
-286
-284
-282
-270
-250
-253
-267
-300
-309
-284
-253
-236
-240
-251
-258
-251
-238
-222
-208
-196
-195
-184
-160
-142
-147
-151
-123
-82
-55
-69
-93
-74
-39
-10
24
38
37
37
43
78
129
154
142
131
146
177
196
192
181
193
211
204
192
173
172
198
220
224
218
210
196
196
213
224
231
221
199
191
209
233
234
217
211
227
226
205
188
196
229
239
220
190
184
202
201
204
207
197
175
155
179
204
191
152
123
121
144
150
123
99
85
84
83
61
29
-5
-18
-14
-30
-53
-93
-132
-153
-164
-158
-175
-226
-266
-288
-290
-290
-316
-343
-365
-385
-380
-367
-356
-362
-386
-398
-393
-376
-360
-350
-336
-322
-300
-275
-263
-264
-260
-239
-207
-180
-167
-152
-147
-141
-119
-92
-56
-32
-33
-37
-25
-17
-2
24
30
44
44
28
30
35
40
37
34
37
30
18
12
25
42
39
38
46
48
36
39
67
101
116
104
100
120
136
141
158
184
203
206
212
228
254
274
276
285
314
333
322
309
305
306
323
336
335
318
286
273
282
280
273
264
242
220
204
214
224
205
165
134
137
139
120
93
65
54
43
23
10
-3
-37
-73
-87
-85
-91
-126
-164
-166
-159
-168
-201
-248
-271
-265
-265
-273
-274
-286
-314
-342
-348
-330
-314
-313
-327
-334
-330
-338
-332
-311
-287
-262
-254
-251
-249
-239
-214
-177
-149
-134
-124
-124
-116
-96
-66
-30
-10
-7
-18
-23
5
34
54
59
53
47
29
31
53
69
43
11
-2
1
9
-1
-9
-12
-12
-22
-35
-34
-21
-21
-30
-22
-6
21
35
35
43
51
65
94
125
150
165
156
167
203
234
258
260
265
288
303
313
322
320
323
322
325
335
335
326
310
296
296
293
273
262
242
210
190
171
167
156
123
97
88
79
56
30
12
-5
-29
-56
-68
-80
-89
-107
-127
-138
-159
-179
-190
-201
-214
-229
-247
-250
-251
-269
-285
-302
-308
-307
-319
-326
-331
-338
-343
-346
-336
-327
-323
-307
-300
-300
-285
-274
-260
-242
-216
-175
-152
-141
-129
-99
-57
-18
20
40
44
61
96
133
158
160
151
157
170
188
198
193
178
160
149
151
154
136
111
93
80
71
51
31
9
-9
-3
3
-10
-29
-50
-50
-21
-3
-1
-2
-3
14
33
52
84
101
104
104
129
176
214
228
228
233
249
280
295
297
299
288
291
294
293
284
264
251
237
224
215
192
162
133
111
91
65
28
-5
-23
-39
-67
-117
-160
-181
-192
-199
-214
-239
-265
-287
-292
-282
-279
-291
-306
-320
-319
-305
-301
-301
-296
-299
-298
-292
-286
-280
-266
-247
-239
-236
-236
-232
-213
-186
-164
-150
-139
-137
-117
-86
-60
-31
-21
-11
9
32
62
90
106
118
144
168
181
197
214
231
250
263
272
272
269
266
263
271
264
241
220
209
201
188
165
148
124
91
74
60
60
49
7
-25
-39
-40
-34
-49
-74
-89
-97
-102
-101
-90
-84
-91
-88
-70
-53
-34
-23
-17
5
31
59
80
95
110
122
133
146
169
192
199
196
197
197
198
201
202
196
190
179
171
164
148
115
92
73
46
32
9
-22
-53
-95
-124
-137
-156
-185
-224
-244
-257
-279
-294
-309
-320
-324
-335
-331
-319
-335
-356
-358
-336
-307
-297
-304
-304
-292
-270
-249
-242
-233
-220
-195
-167
-154
-136
-114
-83
-55
-38
-20
5
21
35
59
90
115
123
127
143
160
177
194
208
216
216
228
239
248
257
259
263
253
247
245
242
237
226
213
204
195
182
173
170
156
126
103
107
106
78
55
44
51
49
27
20
23
21
9
3
17
26
13
3
11
19
24
24
29
38
40
40
41
54
68
77
93
99
96
86
88
100
113
113
101
88
78
67
60
62
53
35
13
-6
-18
-31
-54
-71
-84
-110
-129
-151
-176
-201
-227
-242
-251
-264
-290
-316
-326
-333
-335
-340
-355
-372
-380
-375
-360
-348
-352
-357
-361
-346
-315
-287
-265
-257
-258
-248
-212
-168
-146
-140
-135
-106
-67
-33
-5
15
30
55
86
115
138
152
166
181
213
245
263
274
281
298
313
312
309
311
310
305
307
310
303
293
286
292
295
282
264
247
248
246
234
221
204
187
169
159
153
149
134
117
115
112
100
85
74
76
76
61
56
54
45
38
35
31
22
7
-4
0
7
8
-12
-30
-30
-16
4
0
-7
-15
-22
-19
-20
-21
-28
-35
-35
-28
-31
-54
-80
-104
-102
-96
-104
-124
-150
-169
-183
-191
-195
-201
-221
-245
-250
-251
-260
-275
-292
-296
-293
-292
-298
-308
-316
-325
-326
-314
-301
-298
-300
-295
-282
-266
-253
-240
-222
-207
-199
-184
-159
-143
-132
-115
-94
-69
-46
-23
9
28
39
53
76
104
131
151
171
185
190
196
212
231
249
264
269
282
292
301
309
305
303
307
315
322
306
290
282
286
289
291
290
276
264
262
269
267
244
219
215
221
215
199
178
164
156
154
158
154
130
105
105
109
102
78
54
49
49
47
38
24
6
-25
-33
-27
-30
-48
-75
-83
-91
-106
-122
-140
-150
-162
-169
-171
-180
-199
-221
-230
-228
-224
-228
-236
-245
-258
-274
-279
-269
-265
-272
-280
-285
-281
-272
-271
-267
-263
-264
-253
-240
-231
-225
-225
-222
-208
-196
-185
-182
-182
-178
-173
-164
-145
-131
-127
-114
-89
-71
-57
-60
-64
-45
-29
-17
-3
4
9
26
52
83
109
119
117
123
143
164
176
170
170
183
205
232
255
258
255
271
294
308
313
306
303
302
309
317
315
315
308
301
298
296
296
284
265
250
244
239
231
215
199
186
170
156
137
120
106
87
78
71
52
35
20
7
-5
-15
-27
-46
-60
-73
-82
-85
-90
-101
-116
-124
-127
-134
-141
-151
-154
-161
-166
-178
-187
-187
-186
-182
-185
-194
-201
-207
-214
-209
-209
-218
-225
-217
-210
-212
-215
-218
-218
-218
-223
-223
-222
-225
-224
-222
-212
-191
-182
-180
-178
-179
-176
-171
-163
-157
-154
-145
-135
-119
-107
-99
-82
-59
-39
-31
-27
-19
-8
0
10
26
48
60
66
80
103
123
129
140
153
169
183
193
200
212
223
232
246
259
260
266
278
292
300
297
298
302
302
295
289
287
282
272
256
245
246
242
230
218
207
193
178
164
153
145
129
112
90
78
79
66
50
39
26
15
-4
-22
-30
-42
-64
-74
-74
-78
-94
-116
-124
-129
-142
-155
-163
-168
-189
-207
-207
-202
-202
-215
-229
-228
-227
-230
-229
-229
-237
-245
-245
-234
-229
-236
-241
-239
-231
-226
-223
-221
-213
-210
-206
-190
-176
-167
-159
-153
-143
-131
-122
-108
-90
-76
-69
-57
-35
-24
-16
-7
-2
9
17
20
28
40
52
61
72
85
95
108
111
111
118
117
111
107
117
132
136
141
147
150
157
169
174
171
166
155
158
169
168
161
162
169
177
184
191
199
201
192
185
189
195
195
190
195
204
201
189
183
184
179
171
157
152
151
138
122
116
113
100
79
67
65
50
27
2
-17
-28
-51
-60
-66
-79
-96
-116
-126
-132
-141
-161
-182
-190
-197
-205
-216
-226
-236
-250
-252
-247
-252
-257
-268
-266
-258
-253
-248
-251
-249
-247
-245
-238
-235
-224
-214
-212
-200
-183
-175
-167
-157
-143
-126
-121
-117
-108
-100
-91
-85
-74
-52
-43
-39
-24
-4
10
13
17
30
45
52
55
68
85
96
100
113
123
128
134
142
158
165
160
155
165
186
198
199
207
212
211
205
204
214
213
206
209
214
219
213
204
209
209
200
200
199
193
179
159
149
151
148
138
132
131
128
115
108
110
103
85
72
70
64
45
33
30
26
16
6
-4
-5
-6
-20
-31
-41
-55
-64
-68
-84
-96
-109
-130
-136
-143
-151
-158
-171
-186
-192
-193
-197
-204
-213
-225
-230
-234
-234
-233
-236
-245
-251
-247
-241
-238
-236
-238
-234
-226
-216
-196
-186
-187
-190
-188
-178
-166
-158
-152
-147
-142
-135
-119
-92
-74
-67
-51
-27
-10
2
10
20
28
32
44
64
79
86
91
101
118
131
135
143
147
146
143
150
165
168
167
168
176
186
195
198
197
197
198
195
197
200
198
185
183
181
184
189
185
183
179
181
184
175
168
162
156
150
144
142
136
128
118
110
107
108
100
92
80
70
67
58
50
43
34
29
22
13
9
-3
-10
-19
-28
-36
-48
-65
-81
-92
-99
-111
-128
-134
-142
-154
-163
-170
-169
-174
-180
-183
-189
-194
-203
-217
-220
-217
-220
-229
-235
-230
-229
-228
-227
-225
-223
-222
-212
-207
-203
-201
-195
-188
-181
-166
-159
-152
-150
-146
-133
-117
-105
-93
-84
-76
-64
-51
-36
-26
-21
-9
11
25
32
42
51
59
65
82
100
113
117
123
133
147
153
151
162
173
179
182
190
198
194
191
193
205
212
208
201
201
204
198
197
202
203
201
200
199
196
184
171
170
176
173
161
152
146
143
137
128
130
129
115
106
105
98
84
68
55
56
49
30
22
16
2
-12
-20
-21
-27
-45
-56
-58
-65
-77
-91
-94
-104
-111
-114
-122
-124
-134
-151
-157
-159
-164
-167
-173
-184
-193
-198
-196
-194
-197
-207
-213
-212
-212
-217
-220
-224
-225
-220
-214
-208
-206
-205
-195
-187
-187
-182
-170
-159
-154
-150
-138
-126
-116
-108
-96
-81
-74
-70
-59
-41
-31
-27
-19
-6
7
13
24
34
42
51
63
78
89
96
100
109
123
136
145
159
172
173
177
186
195
202
206
207
215
223
219
217
219
223
220
219
221
219
217
208
203
199
194
192
185
179
173
169
157
149
140
132
121
106
98
87
77
63
55
49
35
23
15
2
-11
-18
-26
-31
-38
-50
-60
-64
-70
-78
-78
-82
-90
-94
-98
-100
-103
-106
-117
-121
-119
-121
-123
-122
-126
-135
-143
-143
-138
-137
-147
-152
-147
-145
-147
-154
-155
-159
-160
-155
-152
-150
-154
-161
-160
-149
-143
-146
-149
-142
-143
-148
-144
-137
-132
-129
-122
-112
-104
-94
-87
-81
-68
-57
-53
-44
-34
-27
-17
-5
2
10
21
34
44
53
64
71
82
94
111
119
125
130
136
147
148
154
167
176
174
171
175
181
184
183
184
188
188
185
182
185
188
177
170
166
161
157
150
149
144
130
114
110
111
101
88
80
74
65
55
47
45
36
24
15
15
14
1
-18
-21
-23
-32
-42
-46
-44
-47
-51
-53
-54
-56
-67
-75
-72
-71
-77
-83
-79
-83
-93
-96
-98
-103
-104
-110
-109
-113
-117
-118
-118
-114
-117
-121
-118
-116
-121
-124
-125
-123
-129
-128
-123
-122
-124
-127
-123
-121
-121
-123
-124
-116
-111
-112
-104
-97
-94
-94
-86
-72
-65
-62
-54
-43
-36
-39
-32
-16
-12
-11
3
18
25
29
38
56
66
69
75
90
110
112
111
122
139
148
148
156
166
170
171
168
177
181
175
172
170
175
171
165
160
152
148
140
134
126
119
115
107
102
95
86
74
64
58
52
41
34
24
17
9
-1
-9
-19
-23
-33
-35
-39
-49
-51
-57
-61
-67
-74
-77
-77
-75
-77
-81
-83
-80
-85
-85
-83
-88
-92
-87
-85
-85
-85
-84
-79
-78
-77
-79
-78
-74
-72
-69
-63
-62
-61
-62
-56
-47
-52
-53
-49
-50
-52
-55
-57
-54
-58
-63
-64
-59
-50
-55
-61
-59
-46
-41
-47
-49
-42
-37
-43
-42
-31
-25
-26
-26
-18
-6
-8
-12
-1
11
19
20
31
45
50
45
51
61
68
74
76
86
96
103
105
109
114
120
123
123
120
117
115
114
113
112
109
100
99
100
92
83
78
78
76
67
53
51
55
41
31
30
32
23
11
6
4
0
-9
-22
-23
-25
-34
-41
-41
-40
-49
-57
-57
-55
-55
-58
-58
-56
-55
-59
-62
-60
-54
-55
-55
-52
-45
-44
-48
-52
-48
-38
-42
-48
-49
-47
-49
-48
-43
-43
-43
-45
-42
-39
-39
-38
-39
-34
-34
-40
-40
-37
-38
-41
-45
-45
-39
-39
-39
-39
-35
-34
-29
-29
-28
-22
-22
-18
-12
-12
-8
-1
-3
-4
2
8
16
18
21
28
32
35
38
43
44
46
55
59
59
57
57
61
69
68
69
73
75
69
70
73
75
72
68
71
73
67
64
64
65
61
57
59
60
51
45
45
41
37
27
22
25
22
14
8
6
5
-1
-7
-14
-13
-24
-32
-35
-38
-41
-48
-45
-45
-55
-56
-54
-56
-54
-57
-59
-52
-46
-46
-46
-48
-48
-50
-46
-45
-43
-36
-35
-39
-34
-26
-22
-19
-20
-20
-13
-15
-18
-13
-12
-15
-16
-16
-19
-20
-20
-18
-11
-20
-27
-24
-19
-26
-33
-30
-30
-35
-35
-30
-31
-33
-41
-37
-29
-33
-39
-37
-29
-22
-22
-20
-12
-4
-4
-4
3
16
21
21
26
33
42
38
38
49
57
57
58
64
73
73
72
75
82
87
86
87
89
89
88
88
88
85
80
76
75
67
63
61
55
56
52
48
46
40
32
26
21
12
8
4
-3
-15
-21
-26
-35
-41
-45
-47
-51
-56
-59
-58
-59
-66
-68
-61
-60
-63
-63
-63
-61
-62
-62
-56
-52
-47
-46
-44
-37
-32
-35
-34
-26
-21
-20
-20
-14
-12
-12
-13
-12
-11
-10
-12
-10
-6
-10
-9
-12
-10
-9
-10
-12
-16
-16
-17
-19
-23
-24
-25
-35
-37
-32
-32
-34
-36
-35
-32
-34
-37
-38
-33
-30
-25
-19
-13
-11
-10
-4
8
16
15
13
13
18
24
27
28
33
40
44
48
53
56
62
69
73
78
82
79
81
88
91
90
84
84
84
81
75
70
72
68
58
57
52
51
47
39
33
30
22
16
17
10
3
-9
-13
-10
-14
-22
-28
-23
-26
-34
-36
-38
-34
-33
-35
-33
-32
-33
-33
-27
-23
-26
-27
-23
-18
-23
-27
-25
-21
-17
-17
-14
-13
-15
-15
-19
-16
-16
-21
-25
-22
-21
-26
-30
-32
-30
-31
-36
-43
-47
-48
-51
-55
-56
-56
-60
-65
-65
-61
-62
-63
-66
-62
-59
-58
-57
-57
-54
-55
-53
-47
-41
-36
-33
-26
-18
-15
-13
-6
2
8
7
12
21
21
24
33
42
47
46
49
59
65
67
71
73
75
77
78
84
89
87
82
79
85
85
78
74
74
75
72
66
62
62
56
48
48
50
48
40
35
38
37
29
22
24
21
13
5
5
11
5
-2
-7
-7
-6
-11
-16
-19
-16
-19
-21
-18
-16
-17
-22
-21
-17
-18
-22
-26
-26
-22
-23
-27
-29
-27
-29
-37
-38
-33
-31
-36
-43
-37
-34
-37
-44
-45
-42
-43
-46
-44
-42
-46
-51
-56
-49
-41
-48
-54
-52
-51
-50
-49
-47
-48
-48
-43
-41
-41
-40
-40
-41
-37
-32
-32
-28
-29
-25
-18
-16
-16
-14
-5
-5
-4
5
7
8
12
11
15
23
24
30
36
37
35
40
48
51
53
55
56
55
59
59
61
65
62
63
67
64
63
64
60
58
58
55
46
45
50
46
44
46
47
46
44
42
37
34
30
26
21
17
13
5
3
0
-3
-7
-10
-13
-14
-11
-7
-5
-5
-7
-4
-3
-1
-6
-13
-11
-9
-10
-13
-15
-15
-18
-23
-25
-22
-22
-27
-30
-27
-23
-25
-27
-24
-22
-26
-29
-26
-24
-25
-30
-35
-33
-37
-40
-40
-39
-41
-47
-52
-51
-49
-47
-46
-50
-47
-45
-47
-46
-46
-44
-42
-43
-39
-33
-30
-26
-28
-24
-17
-14
-12
-8
-4
-3
-6
-4
2
8
8
7
12
15
17
18
20
23
23
25
33
34
31
34
36
41
38
40
43
42
39
35
40
41
33
34
39
40
37
36
38
42
36
34
35
39
39
30
30
33
33
29
30
31
31
28
24
26
30
31
26
24
26
25
21
19
20
17
16
11
8
13
10
3
-1
-5
-9
-9
-9
-9
-16
-21
-24
-26
-25
-27
-29
-33
-37
-38
-38
-35
-35
-37
-36
-34
-36
-39
-34
-32
-36
-39
-39
-41
-42
-43
-43
-41
-50
-50
-43
-44
-46
-49
-45
-41
-39
-40
-36
-31
-31
-31
-22
-12
-10
-9
-5
5
11
12
15
16
17
18
15
20
26
