SAMPLES:	20691
BITSPERSAMPLE:	16
CHANNELS:	1
SAMPLERATE:	16000
NORMALIZED:	FALSE
0
0
0
0
-1
0
0
0
0
0
0
1
0
0
0
0
0
1
0
0
0
0
0
0
0
-1
1
-1
0
-1
0
0
0
0
-1
0
0
0
0
0
0
0
0
0
1
0
0
0
0
0
0
0
0
0
0
0
0
0
0
-1
0
0
0
1
0
0
0
0
-1
0
-1
0
1
0
0
1
0
0
0
0
0
0
0
0
0
0
1
-1
0
-1
0
0
-1
0
0
0
0
-1
0
0
0
0
0
1
0
0
0
0
0
0
0
-1
0
0
0
0
0
0
-1
0
0
0
0
0
0
-1
0
-1
0
-1
0
0
1
0
0
0
0
0
0
-1
0
0
0
0
0
1
0
0
0
0
1
0
-1
0
1
0
0
0
0
0
0
0
-1
-1
0
0
0
1
0
0
0
0
-1
0
0
0
-1
0
0
1
0
0
0
0
0
0
1
0
0
0
0
0
0
0
0
1
1
0
0
0
0
0
0
1
0
1
0
0
0
1
0
0
0
-1
1
1
0
-1
0
0
0
0
0
0
0
0
0
-1
0
0
-1
-1
-1
-2
-2
-2
-2
-2
0
1
1
1
0
1
1
2
2
1
1
1
0
-1
-1
-1
-1
-1
-1
-1
1
1
2
1
2
2
2
1
1
1
0
0
0
0
-1
-1
0
0
1
1
2
2
2
2
2
2
2
1
0
0
-1
-2
-2
-2
-2
-3
-3
-2
-2
-2
-2
-2
-1
-1
-1
-2
-2
-1
-2
-2
-2
-2
-2
-2
-1
-2
-2
-2
-1
-1
-1
-1
-1
1
0
1
1
1
1
0
1
1
0
0
0
0
-1
-1
-1
-1
-1
-2
-1
-1
0
0
0
0
1
0
-1
-2
-2
-1
0
-1
1
6
11
14
17
21
24
26
27
27
25
22
13
4
-4
-9
-13
-18
-23
-23
-22
-18
-12
-6
0
6
10
10
9
9
7
1
-7
-15
-21
-25
-31
-33
-33
-29
-27
-25
-21
-18
-13
-13
-15
-15
-19
-20
-25
-31
-34
-37
-37
-35
-33
-26
-17
-10
0
9
19
28
33
35
37
38
37
32
28
26
25
23
20
19
23
29
31
33
36
40
42
39
38
37
35
30
23
18
15
11
6
2
0
0
-1
-1
-1
-1
1
2
2
1
1
0
-2
-5
-7
-10
-11
-13
-15
-16
-19
-19
-22
-24
-26
-27
-29
-34
-39
-43
-46
-49
-53
-55
-57
-58
-60
-62
-60
-61
-60
-61
-67
-72
-77
-79
-78
-80
-80
-82
-78
-70
-62
-52
-39
-28
-23
-18
-15
-11
-7
-11
-17
-21
-18
-19
-20
-13
2
26
53
75
107
146
183
209
231
263
306
339
346
337
334
342
341
320
300
283
258
209
148
108
95
75
24
-37
-78
-94
-109
-134
-153
-152
-146
-160
-182
-187
-163
-134
-129
-143
-149
-135
-115
-105
-101
-90
-76
-69
-76
-83
-73
-56
-54
-76
-103
-117
-121
-127
-147
-168
-176
-176
-180
-184
-175
-145
-114
-97
-86
-57
-16
29
55
73
100
124
148
159
171
188
195
190
175
166
170
168
150
127
104
89
71
46
25
5
-17
-49
-84
-108
-119
-134
-157
-181
-195
-193
-191
-186
-175
-156
-134
-114
-94
-71
-40
-12
6
14
23
33
37
30
18
6
-3
-21
-41
-53
-60
-64
-75
-83
-77
-56
-25
9
36
54
74
107
162
229
287
325
338
350
377
411
443
458
449
412
349
290
253
232
194
118
33
-31
-74
-105
-133
-145
-153
-178
-212
-245
-249
-228
-211
-218
-251
-278
-272
-245
-220
-207
-182
-155
-139
-132
-105
-48
4
21
9
-7
-3
11
12
-2
-33
-54
-71
-91
-114
-122
-90
-68
-61
-70
-55
7
60
100
113
131
163
184
187
183
194
212
195
154
133
140
155
114
61
32
19
-7
-60
-103
-135
-160
-204
-249
-276
-284
-281
-295
-321
-331
-318
-301
-303
-311
-289
-259
-244
-239
-218
-164
-117
-90
-73
-37
11
47
66
76
94
113
119
108
99
104
118
125
128
150
174
193
209
273
369
448
482
488
535
592
632
630
609
588
532
435
325
258
233
186
78
-32
-81
-75
-80
-114
-125
-99
-83
-128
-184
-190
-159
-145
-199
-268
-301
-295
-285
-298
-305
-283
-247
-222
-214
-182
-112
-45
-15
-17
-18
3
27
29
-4
-49
-73
-89
-117
-164
-176
-154
-128
-122
-135
-90
-13
57
83
98
160
221
257
235
210
215
209
173
94
31
-9
-62
-146
-235
-274
-267
-280
-323
-348
-328
-282
-275
-283
-279
-263
-262
-304
-358
-396
-404
-407
-429
-458
-450
-391
-325
-274
-208
-114
-7
60
102
151
218
270
279
262
240
241
241
225
194
193
217
247
263
281
346
407
497
584
675
753
776
824
857
884
885
834
773
673
547
421
323
259
192
85
-19
-79
-94
-88
-106
-120
-125
-125
-160
-228
-265
-261
-264
-335
-433
-493
-495
-495
-517
-530
-508
-464
-436
-403
-345
-244
-163
-114
-93
-75
-33
-13
-10
-37
-81
-123
-166
-198
-227
-246
-245
-231
-220
-203
-158
-66
40
100
133
169
246
316
331
323
304
284
234
145
68
27
-12
-83
-178
-233
-232
-219
-219
-223
-212
-188
-170
-180
-191
-209
-234
-277
-355
-416
-454
-460
-475
-516
-518
-470
-390
-318
-257
-165
-58
27
85
134
205
280
304
285
250
239
244
218
179
147
153
165
162
178
230
319
417
530
641
746
828
895
964
1006
1029
991
919
816
677
533
397
291
197
80
-42
-121
-141
-124
-122
-128
-115
-99
-107
-153
-191
-200
-213
-280
-388
-475
-517
-535
-555
-567
-546
-501
-456
-401
-331
-229
-121
-54
-17
1
29
57
52
20
-34
-83
-134
-180
-218
-236
-234
-226
-208
-187
-141
-78
-11
58
104
148
183
209
211
188
179
160
125
78
16
-31
-69
-104
-135
-174
-197
-210
-226
-243
-264
-274
-281
-302
-341
-380
-407
-426
-458
-501
-531
-542
-538
-533
-530
-487
-414
-336
-273
-218
-124
-13
82
157
217
290
348
371
373
369
372
357
325
301
279
288
299
286
306
333
427
571
680
784
815
881
982
1051
1113
1103
1069
983
833
676
549
458
370
221
39
-80
-133
-124
-135
-151
-139
-126
-140
-183
-203
-194
-185
-246
-365
-474
-537
-545
-568
-605
-624
-622
-592
-553
-496
-380
-260
-179
-139
-124
-59
3
38
33
-20
-77
-136
-184
-218
-242
-259
-269
-264
-259
-216
-147
-58
38
84
118
135
171
196
174
141
98
53
-2
-61
-94
-106
-124
-158
-182
-184
-155
-148
-152
-170
-198
-219
-255
-293
-345
-400
-449
-501
-548
-588
-600
-586
-578
-569
-536
-457
-360
-282
-214
-127
-24
81
161
238
323
392
435
445
458
483
490
483
460
443
430
424
388
395
401
481
609
677
773
769
839
945
1011
1080
1048
1010
932
782
625
486
396
316
161
-18
-114
-133
-86
-96
-102
-70
-38
-20
-66
-73
-65
-47
-117
-253
-374
-453
-468
-516
-591
-639
-659
-651
-629
-595
-496
-393
-326
-269
-242
-165
-98
-55
-39
-88
-121
-160
-184
-212
-245
-272
-286
-295
-291
-249
-188
-103
-28
17
48
83
131
181
192
183
162
116
73
20
-20
-61
-122
-185
-242
-269
-280
-276
-279
-294
-303
-305
-303
-304
-325
-359
-396
-447
-499
-551
-585
-602
-616
-624
-614
-559
-477
-378
-281
-179
-51
78
187
282
371
470
537
559
556
562
572
572
534
506
494
497
487
449
462
527
699
815
889
901
928
1063
1154
1239
1204
1141
1068
911
724
543
454
386
214
-43
-207
-246
-200
-206
-236
-205
-169
-138
-161
-160
-117
-73
-92
-221
-362
-441
-442
-467
-550
-623
-658
-660
-657
-622
-534
-421
-351
-290
-256
-206
-127
-66
-17
-59
-131
-186
-218
-231
-280
-336
-375
-391
-394
-380
-329
-241
-141
-77
-25
23
103
202
251
251
208
181
159
100
16
-63
-122
-205
-289
-333
-332
-324
-334
-344
-341
-342
-333
-313
-327
-363
-433
-487
-529
-597
-652
-683
-697
-705
-690
-644
-537
-429
-320
-198
-86
66
204
330
436
517
600
635
621
621
633
636
599
534
513
523
486
490
502
652
823
932
1037
1040
1174
1309
1446
1507
1436
1373
1264
1094
882
690
562
427
189
-63
-205
-238
-208
-230
-242
-227
-189
-158
-158
-143
-126
-83
-161
-294
-460
-539
-548
-616
-716
-814
-853
-859
-833
-776
-666
-570
-493
-408
-343
-263
-189
-105
-63
-109
-180
-223
-233
-269
-332
-407
-433
-448
-449
-420
-366
-269
-179
-102
-29
42
139
232
280
280
250
225
200
138
53
-37
-119
-202
-275
-328
-351
-359
-372
-369
-368
-344
-318
-309
-315
-353
-400
-451
-510
-565
-619
-667
-706
-730
-716
-664
-576
-476
-361
-229
-85
76
238
392
538
661
745
791
788
787
786
758
693
606
537
514
462
426
428
545
747
886
963
988
1103
1295
1448
1504
1459
1395
1297
1112
872
681
577
445
200
-83
-238
-247
-195
-208
-230
-208
-147
-85
-97
-88
-44
7
-46
-233
-406
-476
-494
-569
-720
-830
-882
-902
-886
-836
-729
-619
-537
-450
-384
-298
-197
-104
-56
-111
-187
-234
-250
-288
-366
-441
-480
-497
-491
-467
-410
-309
-196
-93
-16
48
149
244
291
282
253
241
193
98
-16
-97
-155
-232
-315
-381
-390
-375
-381
-399
-405
-377
-346
-358
-391
-423
-463
-516
-594
-657
-693
-736
-765
-794
-774
-706
-606
-489
-385
-252
-87
99
257
394
536
677
772
803
800
808
832
801
734
652
614
609
550
508
535
725
921
1032
1057
1095
1294
1479
1622
1607
1552
1490
1353
1140
900
747
631
446
137
-113
-212
-182
-162
-207
-203
-155
-84
-58
-64
-34
13
16
-110
-286
-448
-512
-579
-701
-823
-942
-990
-1020
-989
-898
-786
-692
-605
-522
-426
-322
-224
-146
-137
-175
-250
-304
-322
-354
-412
-511
-566
-569
-537
-508
-473
-385
-284
-181
-110
-20
98
196
246
240
235
248
254
200
106
12
-60
-121
-205
-254
-291
-305
-332
-358
-349
-323
-292
-297
-320
-362
-403
-453
-521
-582
-664
-725
-784
-832
-813
-761
-662
-573
-484
-343
-158
53
232
416
591
744
849
883
923
938
955
914
820
733
679
631
566
515
585
779
945
1039
1033
1128
1328
1530
1637
1575
1501
1401
1236
987
733
587
457
205
-127
-333
-362
-294
-300
-325
-287
-204
-116
-84
-46
11
99
90
-37
-219
-347
-371
-455
-595
-746
-851
-893
-936
-912
-826
-724
-651
-583
-495
-381
-284
-198
-129
-120
-165
-238
-280
-315
-356
-439
-516
-556
-569
-536
-515
-460
-347
-217
-93
-23
54
186
296
349
343
331
327
264
156
35
-71
-163
-266
-364
-437
-463
-452
-443
-439
-422
-367
-332
-339
-373
-413
-447
-528
-627
-704
-773
-838
-906
-936
-896
-815
-710
-608
-479
-307
-103
92
266
436
609
742
811
851
865
916
901
862
791
731
705
633
584
604
774
985
1133
1153
1195
1368
1601
1795
1783
1708
1609
1456
1227
945
757
619
397
51
-235
-353
-308
-277
-315
-306
-249
-129
-63
-36
22
114
164
49
-149
-309
-348
-419
-573
-739
-867
-930
-1007
-1022
-935
-797
-703
-645
-585
-465
-329
-243
-178
-184
-208
-264
-349
-400
-440
-479
-561
-652
-670
-604
-538
-491
-421
-313
-177
-84
9
127
233
304
310
299
313
317
272
169
32
-57
-128
-206
-281
-340
-347
-364
-397
-402
-362
-303
-309
-355
-398
-433
-491
-583
-657
-725
-793
-883
-949
-937
-879
-787
-707
-613
-465
-275
-54
133
316
511
681
799
854
904
973
1007
962
881
823
782
721
639
635
778
973
1153
1199
1241
1405
1627
1863
1902
1839
1752
1612
1383
1076
836
695
490
123
-226
-399
-387
-351
-387
-389
-326
-212
-122
-86
-32
70
168
120
-59
-252
-317
-367
-524
-716
-865
-945
-1028
-1117
-1098
-979
-875
-821
-790
-690
-540
-420
-344
-333
-345
-367
-419
-473
-525
-556
-610
-695
-737
-700
-600
-524
-453
-313
-131
37
147
274
437
556
594
570
570
572
502
350
171
30
-60
-168
-297
-390
-406
-378
-411
-447
-414
-324
-287
-360
-428
-465
-507
-620
-751
-828
-887
-965
-1061
-1098
-1038
-913
-798
-696
-563
-370
-129
87
267
460
667
811
869
878
931
1003
977
911
822
811
784
701
657
751
987
1167
1285
1304
1416
1623
1837
1998
1946
1850
1713
1503
1221
912
711
552
260
-142
-422
-499
-418
-402
-436
-402
-308
-160
-92
-61
26
143
173
11
-216
-351
-388
-484
-681
-856
-957
-1013
-1085
-1092
-987
-851
-740
-678
-641
-545
-414
-302
-266
-328
-374
-423
-470
-529
-600
-627
-681
-717
-714
-644
-532
-453
-341
-205
-57
59
165
317
450
495
469
469
509
510
411
266
151
74
-4
-124
-213
-255
-258
-315
-401
-414
-364
-304
-367
-464
-520
-563
-619
-746
-838
-890
-964
-1056
-1137
-1130
-1017
-910
-832
-726
-565
-324
-100
105
319
535
732
833
899
962
1036
1075
1018
942
870
846
801
732
740
901
1117
1304
1355
1390
1561
1770
1992
2012
1907
1778
1593
1340
1004
729
561
349
-9
-388
-572
-535
-443
-459
-473
-406
-262
-139
-99
-56
38
152
107
-93
-299
-356
-359
-493
-699
-854
-891
-925
-989
-964
-846
-707
-644
-623
-556
-431
-320
-256
-282
-351
-394
-455
-512
-580
-613
-658
-727
-750
-699
-587
-512
-419
-283
-112
46
159
314
475
584
607
589
605
638
600
448
258
120
40
-76
-213
-320
-350
-370
-448
-504
-486
-403
-386
-477
-575
-632
-679
-779
-915
-1023
-1089
-1189
-1293
-1328
-1256
-1095
-968
-852
-706
-489
-209
34
251
462
664
827
889
929
1003
1076
1071
986
903
889
885
859
842
954
1168
1379
1489
1495
1619
1828
2049
2120
1993
1848
1684
1456
1133
805
605
420
119
-260
-506
-535
-425
-395
-410
-383
-257
-91
-44
-30
34
166
186
11
-219
-332
-342
-447
-647
-813
-895
-912
-970
-980
-891
-761
-659
-622
-592
-495
-388
-323
-323
-391
-440
-514
-575
-622
-666
-698
-767
-801
-752
-661
-579
-509
-384
-224
-92
-20
92
258
401
444
410
418
471
484
403
250
124
64
-4
-118
-223
-262
-255
-295
-384
-411
-349
-311
-365
-489
-572
-622
-715
-835
-955
-1028
-1108
-1195
-1249
-1225
-1103
-973
-854
-727
-556
-304
-58
160
380
595
785
890
929
1007
1101
1138
1097
1020
1001
994
982
1002
1166
1373
1572
1643
1650
1817
2002
2217
2214
2050
1876
1662
1387
1027
695
477
243
-139
-514
-706
-680
-587
-605
-622
-535
-378
-229
-193
-151
-52
65
43
-114
-269
-305
-319
-437
-600
-718
-744
-757
-795
-770
-674
-579
-518
-505
-462
-387
-333
-311
-355
-444
-527
-625
-695
-737
-784
-848
-910
-898
-800
-691
-614
-500
-311
-113
19
121
281
480
605
617
579
589
639
605
470
284
149
75
-39
-179
-280
-302
-299
-385
-484
-488
-424
-404
-496
-605
-661
-730
-855
-1004
-1095
-1144
-1227
-1327
-1392
-1331
-1196
-1048
-901
-773
-544
-290
-41
183
397
648
810
877
877
960
1049
1101
1036
970
962
959
990
1062
1312
1532
1734
1780
1862
2079
2269
2438
2331
2161
1975
1713
1389
979
676
441
136
-285
-606
-721
-650
-610
-651
-621
-514
-335
-223
-163
-85
15
62
-58
-201
-314
-329
-403
-611
-750
-820
-794
-823
-839
-737
-606
-531
-496
-427
-318
-243
-257
-281
-309
-380
-503
-635
-688
-703
-764
-878
-931
-868
-743
-650
-606
-489
-300
-114
8
78
213
396
480
476
432
447
517
480
363
223
119
81
-3
-103
-167
-192
-196
-240
-302
-318
-295
-290
-351
-467
-579
-694
-816
-955
-1071
-1178
-1280
-1350
-1390
-1363
-1281
-1143
-966
-797
-608
-376
-122
127
349
532
707
807
846
890
928
976
943
925
903
938
984
1117
1377
1580
1807
1854
1995
2195
2361
2525
2410
2256
2029
1751
1425
1006
671
406
93
-329
-638
-772
-694
-661
-709
-673
-547
-345
-244
-187
-117
8
47
-74
-206
-313
-311
-405
-596
-719
-788
-776
-806
-796
-694
-552
-471
-424
-354
-254
-182
-213
-264
-326
-417
-563
-724
-840
-900
-967
-1071
-1121
-1076
-918
-781
-693
-546
-323
-46
130
235
372
558
672
678
615
585
604
555
432
267
148
98
30
-51
-121
-129
-107
-118
-184
-225
-225
-247
-319
-458
-604
-749
-875
-1017
-1176
-1308
-1395
-1421
-1454
-1454
-1375
-1215
-997
-833
-661
-443
-175
72
265
437
572
695
738
742
778
819
848
829
776
796
890
1016
1285
1479
1743
1899
1970
2206
2350
2570
2554
2380
2184
1915
1607
1228
863
578
306
-74
-426
-615
-606
-532
-533
-546
-464
-288
-160
-98
-70
-8
81
-36
-191
-363
-438
-489
-668
-817
-894
-907
-905
-900
-817
-643
-527
-461
-389
-301
-192
-166
-224
-276
-357
-457
-605
-760
-833
-860
-931
-1011
-1020
-912
-734
-650
-568
-391
-160
48
135
212
351
476
516
463
402
410
421
354
234
98
39
16
-19
-63
-88
-64
-48
-66
-110
-119
-115
-160
-276
-467
-648
-781
-903
-1039
-1197
-1335
-1386
-1411
-1412
-1342
-1214
-1006
-840
-699
-497
-255
6
203
362
501
620
688
704
734
775
835
828
802
789
869
1005
1229
1452
1661
1853
1916
2095
2265
2471
2530
2360
2156
1920
1640
1290
930
642
390
30
-357
-576
-600
-492
-496
-550
-506
-354
-177
-151
-146
-85
34
-7
-198
-374
-435
-441
-580
-767
-862
-867
-829
-843
-812
-669
-518
-434
-390
-346
-245
-189
-245
-314
-414
-484
-610
-774
-876
-928
-977
-1049
-1069
-976
-816
-689
-591
-417
-180
45
165
256
392
517
579
533
475
461
440
379
253
132
72
45
15
-19
-35
-12
-8
-29
-37
-67
-100
-189
-324
-481
-673
-836
-978
-1111
-1250
-1400
-1475
-1492
-1461
-1392
-1264
-1087
-906
-754
-548
-315
-79
151
289
439
528
599
649
685
761
796
846
784
819
896
1160
1465
1649
1864
1898
2130
2336
2538
2681
2554
2404
2173
1897
1546
1182
891
611
226
-234
-498
-572
-483
-498
-565
-556
-441
-257
-178
-119
-75
26
23
-130
-279
-385
-384
-485
-703
-834
-887
-829
-817
-808
-709
-562
-462
-398
-345
-245
-167
-190
-261
-367
-455
-588
-712
-831
-906
-979
-1076
-1095
-1042
-900
-773
-674
-516
-296
-71
92
221
356
501
542
532
511
481
450
341
242
166
76
7
-52
-55
-37
-40
-45
-19
-2
6
-41
-112
-205
-335
-488
-685
-852
-1020
-1149
-1296
-1450
-1521
-1534
-1468
-1388
-1281
-1092
-894
-687
-481
-273
-4
220
378
495
536
626
664
671
692
726
747
782
773
971
1312
1597
1878
1912
2127
2413
2652
2846
2734
2596
2403
2113
1757
1337
990
706
359
-135
-509
-670
-609
-540
-619
-634
-534
-343
-209
-141
-70
35
45
-115
-271
-395
-408
-500
-724
-863
-965
-917
-878
-838
-708
-583
-459
-374
-284
-136
-30
-31
-106
-212
-308
-440
-612
-739
-832
-925
-1063
-1138
-1077
-944
-811
-730
-567
-328
-93
84
225
390
556
611
601
565
546
534
418
274
130
41
-21
-103
-152
-163
-132
-112
-118
-116
-95
-91
-133
-213
-336
-465
-631
-827
-1004
-1160
-1305
-1441
-1561
-1618
-1598
-1531
-1415
-1254
-1049
-817
-593
-364
-114
124
330
447
524
598
634
654
651
668
681
746
772
990
1256
1554
1865
1949
2216
2463
2778
2990
2904
2787
2581
2316
1957
1536
1166
852
431
-66
-441
-628
-607
-628
-703
-710
-593
-429
-319
-229
-105
78
68
-81
-240
-321
-302
-451
-694
-857
-965
-954
-978
-956
-799
-643
-525
-459
-364
-175
-2
44
-22
-138
-228
-348
-514
-698
-833
-936
-1091
-1211
-1246
-1146
-986
-833
-638
-391
-137
77
295
503
714
786
773
726
665
604
443
271
107
-21
-126
-227
-270
-259
-198
-155
-109
-65
-7
35
8
-48
-138
-275
-467
-687
-899
-1068
-1262
-1432
-1564
-1657
-1644
-1621
-1502
-1346
-1155
-909
-702
-458
-228
28
241
353
428
468
527
505
449
426
414
498
525
744
1011
1332
1671
1819
2162
2471
2842
3073
3045
2966
2801
2567
2207
1796
1392
1042
583
50
-325
-557
-575
-640
-725
-700
-571
-365
-248
-147
-20
175
206
52
-132
-243
-252
-426
-715
-916
-1031
-1003
-1028
-1010
-848
-663
-479
-367
-253
-29
159
237
199
87
-17
-176
-359
-557
-743
-938
-1137
-1245
-1280
-1228
-1137
-1029
-813
-589
-354
-142
53
312
534
623
629
583
587
573
422
250
79
-30
-114
-224
-288
-303
-265
-217
-173
-123
-71
-32
-19
-45
-104
-200
-365
-549
-757
-964
-1165
-1360
-1509
-1632
-1689
-1703
-1644
-1498
-1288
-1013
-782
-545
-311
-33
231
389
481
510
562
568
501
443
388
463
515
703
925
1219
1575
1766
2131
2436
2835
3102
3109
3069
2908
2700
2360
1925
1523
1133
676
144
-270
-503
-542
-614
-720
-726
-583
-355
-235
-134
-2
232
290
143
-36
-153
-149
-314
-612
-834
-980
-988
-1044
-1054
-939
-760
-577
-466
-329
-126
73
169
152
92
-8
-166
-362
-574
-745
-955
-1176
-1320
-1378
-1339
-1275
-1167
-946
-673
-395
-168
53
328
609
759
784
729
694
658
496
301
98
-34
-145
-284
-356
-377
-331
-260
-206
-122
-38
21
42
30
-14
-100
-269
-487
-699
-905
-1130
-1357
-1528
-1623
-1664
-1692
-1651
-1504
-1296
-1048
-809
-567
-293
-37
203
363
437
491
513
515
472
377
312
338
391
643
862
1149
1438
1639
2047
2370
2771
2995
3023
3007
2841
2621
2276
1905
1530
1110
605
82
-273
-485
-553
-654
-744
-717
-567
-346
-193
-48
112
331
362
262
119
22
8
-185
-462
-701
-870
-903
-958
-953
-848
-704
-523
-385
-221
4
191
291
282
211
105
-89
-299
-524
-729
-982
-1259
-1420
-1477
-1430
-1379
-1315
-1103
-831
-537
-285
-58
240
502
642
672
640
641
612
448
247
50
-76
-183
-340
-440
-456
-402
-339
-294
-198
-91
6
31
16
-1
-66
-194
-389
-609
-811
-1024
-1225
-1399
-1518
-1556
-1564
-1522
-1392
-1183
-920
-686
-464
-218
40
258
388
468
495
492
428
366
262
238
235
327
594
799
1151
1337
1626
2068
2447
2895
2979
2999
2950
2797
2580
2165
1786
1387
933
376
-140
-434
-545
-616
-745
-843
-764
-527
-324
-164
-23
179
384
342
258
143
119
73
-207
-460
-686
-787
-816
-890
-837
-719
-554
-374
-245
-21
219
394
444
393
324
210
0
-240
-487
-709
-976
-1259
-1411
-1451
-1410
-1374
-1293
-1077
-790
-510
-282
-45
258
497
590
595
570
580
509
307
106
-80
-189
-323
-474
-556
-557
-491
-425
-364
-277
-157
-70
-64
-85
-103
-150
-292
-505
-718
-891
-1078
-1277
-1422
-1518
-1541
-1541
-1475
-1320
-1090
-830
-587
-365
-137
120
319
452
496
527
527
479
370
289
263
338
578
740
1017
1173
1433
1875
2243
2691
2856
2916
2918
2786
2595
2296
1952
1607
1157
573
82
-255
-388
-488
-663
-776
-770
-609
-427
-265
-101
120
311
306
232
155
175
157
-60
-320
-531
-665
-727
-805
-807
-701
-593
-450
-330
-147
127
326
426
410
344
284
115
-107
-366
-617
-888
-1166
-1381
-1504
-1509
-1503
-1425
-1281
-1026
-679
-373
-58
215
492
701
803
843
831
778
588
332
49
-177
-330
-474
-607
-702
-729
-644
-496
-363
-238
-139
-38
16
-2
-56
-160
-318
-551
-822
-1060
-1258
-1406
-1528
-1591
-1591
-1532
-1388
-1157
-874
-579
-316
-98
137
298
450
521
523
483
386
260
138
67
88
345
515
775
953
1182
1678
2075
2556
2788
2871
2903
2815
2660
2399
2071
1702
1297
720
190
-185
-381
-442
-613
-764
-791
-645
-440
-265
-92
111
343
366
341
266
262
233
1
-263
-498
-663
-769
-868
-900
-816
-708
-567
-389
-197
78
308
439
526
510
483
341
151
-83
-344
-650
-965
-1162
-1301
-1379
-1437
-1391
-1218
-1005
-771
-516
-215
75
331
481
593
665
650
579
408
257
87
-120
-315
-458
-520
-576
-635
-628
-513
-383
-275
-213
-157
-78
-65
-90
-187
-316
-449
-643
-862
-1084
-1267
-1378
-1442
-1464
-1451
-1375
-1243
-990
-717
-460
-214
-2
237
400
476
520
517
523
419
281
159
181
415
582
804
882
1083
1490
1878
2348
2548
2650
2682
2586
2435
2198
1936
1651
1239
667
162
-186
-328
-413
-578
-739
-779
-655
-470
-313
-161
48
281
314
274
213
251
299
110
-125
-355
-457
-507
-630
-679
-638
-532
-439
-369
-193
60
304
408
455
479
469
384
227
38
-181
-479
-780
-974
-1114
-1184
-1284
-1301
-1173
-1006
-778
-578
-309
-10
231
382
452
546
591
539
368
175
8
-169
-368
-555
-665
-675
-714
-744
-716
-607
-417
-309
-275
-233
-184
-127
-188
-328
-450
-578
-733
-956
-1152
-1251
-1286
-1286
-1308
-1241
-1097
-875
-616
-393
-140
71
271
405
493
523
545
496
424
321
236
426
559
802
888
980
1363
1663
2134
2350
2458
2548
2471
2348
2112
1872
1631
1307
789
273
-99
-284
-357
-530
-694
-748
-688
-571
-475
-349
-156
72
109
88
65
132
234
120
-55
-232
-353
-384
-458
-487
-458
-424
-358
-304
-208
-3
214
364
417
396
387
342
278
162
-4
-242
-518
-722
-865
-959
-1019
-1070
-1025
-955
-851
-660
-442
-162
49
159
249
345
481
515
416
280
142
33
-145
-323
-442
-530
-595
-700
-749
-698
-615
-520
-472
-441
-376
-325
-309
-353
-423
-487
-614
-747
-908
-1005
-1054
-1133
-1128
-1108
-975
-814
-636
-397
-180
67
246
382
521
581
623
558
462
377
362
496
574
738
779
909
1203
1501
1899
2079
2174
2193
2129
2004
1802
1594
1389
1091
609
176
-141
-276
-353
-536
-665
-699
-624
-544
-475
-358
-185
8
-7
-16
-13
90
196
77
-44
-189
-234
-238
-284
-266
-249
-193
-149
-117
-19
107
281
367
419
434
398
375
288
209
128
-75
-270
-461
-614
-676
-775
-820
-814
-787
-697
-595
-450
-254
-86
42
128
191
278
316
286
221
92
-30
-193
-342
-462
-586
-685
-771
-811
-813
-792
-744
-687
-645
-609
-555
-515
-513
-546
-593
-670
-757
-869
-933
-941
-981
-970
-942
-823
-645
-489
-282
-89
130
323
447
556
618
683
628
569
458
522
672
753
890
837
1026
1315
1619
1930
1998
2066
2106
2024
1825
1598
1391
1214
857
342
-22
-262
-315
-432
-621
-707
-686
-576
-499
-420
-296
-86
46
18
-14
-6
98
155
41
-62
-179
-243
-247
-258
-201
-150
-143
-118
-79
28
167
264
302
327
312
271
219
142
68
-42
-227
-361
-465
-582
-642
-712
-697
-662
-673
-594
-476
-327
-162
-98
-6
85
163
240
219
174
133
74
-19
-167
-292
-385
-472
-593
-686
-714
-698
-682
-677
-675
-648
-602
-569
-546
-584
-623
-678
-733
-779
-835
-865
-883
-881
-845
-778
-659
-483
-300
-124
31
175
353
489
560
600
597
553
505
402
545
682
812
919
877
1124
1374
1700
1941
1983
2027
1977
1847
1648
1431
1243
1011
625
160
-172
-334
-377
-476
-601
-686
-633
-542
-475
-367
-255
-56
-15
-67
-77
-45
69
39
-79
-142
-230
-255
-306
-290
-189
-136
-112
-116
-35
136
282
359
343
347
368
332
251
136
56
-54
-242
-403
-497
-534
-576
-656
-658
-606
-525
-440
-363
-239
-101
-15
25
35
88
159
136
50
-51
-98
-139
-254
-367
-443
-494
-569
-646
-664
-652
-647
-675
-700
-700
-682
-658
-658
-677
-692
-735
-774
-823
-824
-795
-810
-793
-764
-627
-493
-377
-214
-69
137
271
393
531
607
720
682
620
569
569
807
874
1001
1034
1089
1391
1582
1887
2037
2074
2088
1965
1789
1595
1359
1129
821
369
-26
-328
-475
-555
-717
-849
-886
-812
-730
-656
-543
-375
-177
-186
-198
-159
-54
61
-31
-142
-201
-251
-243
-282
-263
-185
-131
-71
-52
36
194
356
410
390
363
360
331
239
111
-7
-136
-308
-435
-534
-567
-557
-588
-580
-561
-471
-309
-199
-94
-3
79
167
172
180
214
197
143
22
-101
-185
-249
-342
-452
-579
-637
-648
-662
-694
-742
-734
-721
-715
-720
-745
-753
-773
-809
-881
-938
-964
-935
-900
-900
-861
-771
-584
-399
-215
-66
111
324
487
615
668
731
821
770
690
556
604
866
971
1108
1045
1143
1468
1721
2028
2082
2119
2122
1991
1761
1516
1318
1112
770
236
-182
-446
-538
-630
-796
-922
-955
-858
-790
-680
-557
-384
-202
-232
-210
-171
-57
41
-63
-172
-275
-327
-318
-332
-299
-250
-225
-184
-159
-43
144
294
351
317
317
337
308
238
94
-6
-156
-315
-408
-529
-546
-553
-566
-520
-500
-376
-184
-47
76
144
232
343
363
372
332
263
197
58
-86
-246
-352
-434
-527
-658
-764
-750
-734
-753
-805
-850
-829
-808
-833
-871
-927
-989
-1025
-1100
-1160
-1185
-1161
-1082
-1040
-964
-845
-610
-362
-142
77
256
486
657
801
888
901
932
900
795
715
640
833
1013
1122
1262
1253
1549
1832
2149
2418
2396
2378
2263
2084
1862
1546
1266
946
475
-38
-443
-636
-701
-816
-986
-1127
-1079
-932
-807
-685
-600
-401
-302
-327
-328
-308
-197
-206
-361
-486
-596
-578
-546
-542
-496
-445
-364
-277
-175
1
201
327
358
367
412
415
360
247
121
6
-175
-319
-435
-491
-486
-555
-548
-486
-350
-166
-49
99
256
395
483
492
514
538
485
353
166
-35
-179
-345
-485
-644
-787
-862
-921
-923
-948
-945
-921
-940
-922
-932
-959
-997
-1086
-1152
-1245
-1339
-1401
-1422
-1382
-1344
-1263
-1111
-864
-578
-322
-22
264
574
806
983
1128
1207
1247
1228
1092
1017
938
968
1193
1287
1553
1608
1763
2154
2472
2957
3063
3060
2989
2809
2587
2218
1868
1464
1011
338
-288
-678
-876
-945
-1171
-1416
-1459
-1318
-1112
-985
-884
-658
-400
-360
-390
-445
-337
-249
-413
-619
-817
-870
-872
-889
-877
-815
-713
-640
-496
-292
-49
176
236
310
390
392
335
201
74
-30
-283
-531
-685
-744
-734
-813
-855
-753
-542
-229
-23
198
474
723
951
977
1008
1080
1026
821
470
145
-47
-303
-590
-865
-1078
-1144
-1200
-1220
-1210
-1164
-1068
-1041
-1032
-1050
-1065
-1088
-1190
-1329
-1498
-1644
-1722
-1763
-1792
-1778
-1688
-1482
-1198
-920
-574
-203
219
621
894
1147
1329
1476
1525
1441
1353
1163
1076
906
912
1140
1309
1646
1662
1914
2372
2845
3392
3473
3471
3415
3253
2981
2530
2051
1634
1077
304
-372
-829
-949
-1093
-1343
-1523
-1510
-1257
-1084
-904
-728
-432
-163
-205
-229
-302
-258
-246
-524
-778
-1004
-1151
-1172
-1259
-1258
-1133
-1024
-821
-647
-391
-86
139
317
411
493
495
365
233
80
-92
-378
-692
-837
-901
-951
-1046
-1090
-905
-649
-424
-222
29
384
691
798
831
907
972
926
668
400
188
-28
-313
-612
-842
-942
-998
-1103
-1157
-1145
-1045
-940
-933
-935
-906
-881
-907
-1059
-1204
-1305
-1428
-1558
-1726
-1776
-1718
-1594
-1419
-1234
-929
-563
-114
344
715
1093
1367
1577
1712
1700
1664
1593
1406
1211
971
878
1104
1252
1510
1600
1753
2221
2673
3227
3446
3476
3446
3261
2973
2549
2099
1654
1106
349
-391
-886
-1124
-1216
-1371
-1538
-1533
-1365
-1162
-969
-737
-423
-105
-77
-160
-235
-208
-166
-374
-669
-940
-1117
-1183
-1273
-1292
-1198
-1056
-895
-775
-569
-276
48
293
387
439
399
301
237
63
-107
-421
-744
-939
-1111
-1160
-1223
-1188
-1038
-843
-580
-316
20
379
694
858
927
1005
1032
975
752
462
201
-73
-383
-660
-880
-979
-1051
-1165
-1191
-1154
-1000
-875
-886
-869
-859
-810
-886
-1070
-1227
-1369
-1479
-1674
-1818
-1857
-1763
-1597
-1468
-1258
-918
-456
51
429
792
1188
1491
1727
1760
1750
1774
1633
1446
1222
1018
1207
1337
1549
1710
1728
2179
2557
3077
3431
3499
3569
3416
3145
2792
2381
1982
1472
743
-37
-605
-920
-1057
-1221
-1418
-1488
-1400
-1231
-1044
-808
-569
-238
-144
-192
-240
-264
-141
-228
-497
-793
-1044
-1113
-1185
-1247
-1242
-1153
-997
-906
-767
-537
-176
145
252
300
271
232
174
21
-110
-374
-711
-953
-1147
-1254
-1311
-1349
-1239
-1107
-931
-638
-321
74
376
596
776
861
953
944
844
648
371
129
-148
-417
-640
-850
-966
-1105
-1171
-1143
-1070
-935
-902
-884
-855
-811
-796
-895
-1051
-1182
-1286
-1446
-1633
-1740
-1714
-1594
-1486
-1337
-1076
-651
-181
247
630
996
1352
1597
1781
1784
1805
1709
1529
1344
1156
1299
1410
1616
1647
1705
2128
2556
3116
3361
3452
3523
3409
3181
2816
2434
2073
1579
853
101
-445
-729
-879
-1104
-1330
-1405
-1316
-1162
-1041
-853
-570
-242
-176
-234
-262
-202
-51
-162
-407
-662
-864
-920
-1006
-1042
-1055
-1009
-945
-882
-731
-555
-262
-62
69
130
88
54
-24
-123
-278
-555
-829
-1070
-1234
-1333
-1421
-1399
-1302
-1153
-963
-744
-413
-61
246
439
557
685
806
835
691
487
288
111
-116
-397
-602
-721
-808
-922
-1037
-1052
-951
-862
-869
-898
-899
-840
-844
-961
-1112
-1223
-1325
-1449
-1580
-1665
-1628
-1521
-1395
-1227
-977
-609
-175
223
571
919
1257
1527
1669
1752
1763
1705
1586
1461
1594
1658
1816
1832
1833
2195
2511
3005
3243
3314
3403
3352
3207
2882
2520
2174
1774
1126
410
-115
-438
-596
-863
-1163
-1262
-1208
-1097
-999
-903
-665
-382
-333
-336
-355
-248
-118
-207
-365
-506
-632
-727
-803
-827
-783
-754
-776
-743
-619
-423
-262
-182
-107
-41
3
-86
-182
-289
-406
-597
-902
-1085
-1194
-1283
-1382
-1490
-1440
-1279
-1115
-952
-743
-449
-110
102
223
353
523
653
572
414
285
203
44
-206
-431
-594
-687
-816
-909
-958
-968
-918
-936
-950
-956
-933
-888
-935
-1041
-1146
-1229
-1282
-1345
-1379
-1394
-1368
-1277
-1113
-843
-546
-192
151
467
791
1078
1360
1557
1643
1684
1574
1472
1358
1493
1664
1735
1799
1710
2010
2372
2794
3142
3186
3277
3266
3133
2903
2581
2313
1962
1359
649
120
-161
-320
-555
-852
-1006
-977
-897
-846
-745
-593
-344
-272
-389
-403
-342
-174
-176
-410
-534
-666
-683
-732
-817
-722
-659
-610
-643
-635
-433
-225
-102
-130
-151
-111
-111
-167
-278
-395
-562
-788
-973
-1124
-1216
-1270
-1339
-1345
-1324
-1228
-1027
-833
-632
-393
-210
-19
86
191
334
340
283
150
20
-53
-200
-353
-513
-653
-736
-819
-873
-874
-862
-861
-907
-953
-936
-919
-938
-1061
-1165
-1278
-1344
-1401
-1454
-1408
-1397
-1332
-1225
-1047
-706
-355
-29
280
568
908
1200
1406
1568
1657
1642
1563
1406
1556
1776
1977
2081
1908
2158
2504
2985
3339
3334
3424
3384
3275
3008
2650
2415
2067
1528
792
186
-85
-209
-384
-701
-978
-978
-890
-802
-730
-665
-373
-291
-421
-524
-523
-301
-251
-466
-668
-801
-788
-782
-819
-757
-704
-622
-621
-628
-448
-264
-61
-48
-132
-144
-200
-182
-242
-375
-532
-784
-916
-1007
-1106
-1170
-1236
-1162
-1080
-1035
-952
-789
-506
-260
-162
-120
-6
186
334
262
129
90
31
-57
-294
-448
-513
-588
-724
-937
-983
-943
-906
-947
-1098
-1145
-1094
-1060
-1102
-1252
-1328
-1380
-1480
-1584
-1655
-1584
-1514
-1466
-1364
-1155
-816
-459
-67
251
582
858
1123
1417
1549
1696
1664
1587
1496
1417
1666
1832
2050
2023
2028
2413
2794
3318
3481
3526
3556
3422
3220
2861
2556
2271
1823
1130
400
-48
-219
-306
-533
-833
-928
-844
-749
-665
-556
-345
-88
-169
-315
-354
-258
-64
-208
-449
-628
-750
-703
-779
-741
-642
-611
-563
-626
-478
-263
-66
30
-45
-69
-155
-244
-283
-400
-542
-854
-1148
-1242
-1314
-1304
-1328
-1303
-1114
-1006
-859
-690
-463
-92
100
114
73
68
236
257
54
-157
-312
-339
-476
-679
-788
-780
-744
-862
-981
-1002
-905
-830
-939
-1076
-1186
-1186
-1185
-1327
-1495
-1601
-1696
-1745
-1830
-1862
-1747
-1642
-1499
-1328
-1056
-654
-225
146
478
768
1058
1313
1509
1634
1700
1634
1511
1392
1397
1687
1894
2111
2140
2241
2665
3091
3618
3835
3876
3842
3656
3358
2995
2668
2306
1780
988
284
-160
-369
-470
-727
-931
-962
-850
-724
-620
-426
-157
64
-50
-211
-256
-161
-92
-304
-591
-805
-910
-967
-1000
-915
-768
-633
-635
-632
-449
-176
115
168
131
76
-12
-81
-218
-338
-515
-762
-1022
-1215
-1287
-1321
-1275
-1267
-1185
-1076
-968
-767
-571
-297
-123
-91
-69
-9
114
130
6
-141
-260
-359
-518
-678
-778
-841
-903
-1024
-1086
-1049
-965
-918
-976
-1041
-1032
-998
-1024
-1138
-1304
-1427
-1542
-1683
-1808
-1896
-1868
-1789
-1697
-1528
-1271
-850
-410
-16
373
714
1105
1430
1650
1831
1838
1826
1656
1502
1378
1439
1715
1866
2041
2001
2277
2776
3286
3785
3864
3915
3857
3646
3364
2952
2582
2133
1472
680
8
-408
-566
-711
-928
-1114
-1166
-996
-795
-549
-311
-76
115
60
14
11
89
110
-131
-409
-661
-819
-867
-884
-823
-757
-750
-745
-646
-403
-112
78
91
76
36
-12
-100
-241
-398
-616
-921
-1209
-1402
-1482
-1468
-1490
-1488
-1405
-1256
-979
-725
-491
-252
-27
148
216
230
234
253
148
-68
-332
-542
-689
-816
-981
-1142
-1228
-1248
-1174
-1146
-1118
-1064
-1036
-994
-1011
-1060
-1127
-1235
-1367
-1508
-1686
-1847
-1945
-1989
-1939
-1872
-1715
-1455
-1088
-653
-235
181
593
1041
1416
1684
1839
1934
1969
1961
1772
1620
1490
1561
1811
1930
2111
2123
2400
2883
3382
3820
3916
3918
3846
3642
3299
2880
2439
1983
1341
487
-178
-578
-674
-798
-1057
-1215
-1176
-907
-686
-463
-223
90
346
304
243
224
300
332
41
-313
-594
-755
-788
-852
-884
-844
-797
-715
-619
-435
-166
12
90
82
5
-46
-189
-294
-455
-704
-1019
-1347
-1478
-1536
-1541
-1618
-1652
-1533
-1324
-1064
-888
-643
-335
-58
75
63
137
268
343
165
-153
-410
-564
-704
-946
-1194
-1313
-1328
-1357
-1414
-1413
-1269
-1086
-1030
-1046
-1056
-1026
-1027
-1163
-1332
-1509
-1655
-1802
-1954
-2032
-2008
-1885
-1692
-1455
-1133
-682
-164
339
788
1210
1569
1874
2036
2116
2142
2092
1938
1701
1487
1476
1739
1935
2128
2147
2338
2868
3348
3850
4002
4029
4008
3767
3423
2973
2552
2084
1416
578
-154
-569
-749
-878
-1087
-1230
-1136
-910
-675
-451
-164
216
501
476
379
372
448
410
113
-235
-490
-683
-844
-977
-988
-928
-868
-824
-753
-570
-324
-64
61
85
17
-70
-158
-291
-481
-758
-1114
-1438
-1639
-1766
-1829
-1883
-1878
-1752
-1575
-1324
-1017
-676
-347
-68
76
175
297
386
389
161
-112
-336
-575
-819
-1082
-1252
-1293
-1363
-1460
-1481
-1373
-1156
-1030
-1008
-988
-943
-898
-987
-1154
-1326
-1473
-1636
-1868
-2051
-2121
-2020
-1835
-1705
-1480
-1124
-596
22
462
919
1340
1715
2038
2121
2189
2186
2134
1921
1597
1365
1375
1686
1900
2085
2114
2336
2865
3396
3919
4092
4115
4029
3773
3406
2970
2519
2022
1364
507
-233
-697
-852
-890
-1031
-1156
-1103
-879
-612
-327
-20
338
598
563
480
418
443
420
142
-212
-533
-796
-936
-1051
-1050
-960
-894
-820
-749
-523
-220
61
195
174
123
31
-101
-276
-500
-748
-1106
-1480
-1750
-1894
-1910
-1946
-1958
-1854
-1634
-1321
-1026
-720
-396
-64
154
236
263
288
310
157
-116
-439
-723
-909
-1089
-1293
-1437
-1532
-1509
-1406
-1325
-1182
-1073
-977
-910
-916
-915
-1008
-1132
-1288
-1464
-1669
-1882
-2020
-2054
-1957
-1835
-1664
-1420
-1015
-487
56
543
953
1389
1724
1994
2100
2109
2107
2004
1785
1457
1205
1208
1501
1779
1988
2058
2256
2775
3372
3955
4156
4175
4101
3872
3528
3021
2575
2147
1527
666
-174
-637
-723
-735
-870
-1038
-986
-698
-421
-178
94
434
718
653
499
394
429
415
97
-315
-682
-903
-1007
-1121
-1134
-1051
-942
-858
-790
-561
-208
112
239
211
147
47
-101
-269
-485
-728
-1147
-1579
-1841
-1965
-1955
-2032
-2054
-1917
-1684
-1351
-1080
-765
-400
-73
111
130
155
216
268
128
-184
-482
-709
-852
-1027
-1229
-1345
-1400
-1395
-1362
-1294
-1155
-1008
-942
-924
-956
-984
-1038
-1174
-1349
-1542
-1743
-1928
-2073
-2083
-1984
-1833
-1656
-1416
-1023
-519
27
488
910
1299
1627
1878
1984
2031
2040
1972
1756
1515
1327
1513
1809
2059
2226
2226
2634
3157
3749
4149
4182
4191
4022
3730
3313
2851
2462
1938
1183
309
-301
-568
-606
-721
-952
-1026
-905
-661
-451
-217
90
415
497
340
252
292
389
262
-135
-457
-696
-816
-908
-1001
-941
-845
-767
-744
-630
-337
-4
237
236
193
122
6
-131
-367
-615
-933
-1357
-1711
-1923
-1988
-1960
-2015
-1986
-1800
-1514
-1175
-895
-554
-185
74
171
195
272
339
256
-25
-341
-596
-794
-973
-1163
-1303
-1354
-1383
-1377
-1322
-1206
-1049
-962
-981
-1010
-1028
-1050
-1140
-1312
-1467
-1640
-1823
-1967
-2040
-1948
-1810
-1669
-1469
-1164
-694
-233
230
637
1010
1353
1556
1706
1806
1845
1827
1613
1412
1253
1367
1654
1884
2129
2188
2507
2972
3495
4005
4155
4181
4055
3763
3413
2986
2578
2142
1481
666
16
-353
-439
-535
-742
-867
-813
-618
-448
-258
-6
307
458
329
204
184
284
251
-69
-428
-685
-782
-815
-891
-912
-823
-736
-680
-612
-420
-83
188
262
228
154
95
-17
-211
-423
-682
-1012
-1393
-1673
-1774
-1772
-1749
-1776
-1707
-1506
-1208
-880
-602
-300
-69
73
101
113
179
206
71
-218
-514
-744
-870
-1011
-1177
-1298
-1385
-1397
-1419
-1394
-1302
-1207
-1175
-1218
-1239
-1237
-1241
-1354
-1491
-1628
-1783
-1891
-1973
-1940
-1849
-1714
-1523
-1277
-914
-510
-45
351
715
1034
1273
1478
1568
1692
1690
1592
1462
1325
1570
1758
2021
2195
2242
2675
3067
3602
3943
4025
4109
3995
3739
3358
2954
2627
2228
1574
822
235
-52
-150
-319
-543
-691
-627
-487
-364
-216
-78
199
267
156
70
1
120
80
-180
-435
-711
-771
-802
-817
-762
-737
-638
-594
-494
-324
-112
99
155
162
84
-27
-105
-259
-446
-706
-1011
-1279
-1522
-1692
-1683
-1632
-1512
-1407
-1290
-1003
-678
-306
13
171
278
309
300
256
100
-55
-275
-544
-798
-1019
-1106
-1176
-1242
-1295
-1333
-1275
-1222
-1162
-1142
-1195
-1216
-1282
-1389
-1510
-1655
-1761
-1890
-2016
-2079
-2115
-2053
-1937
-1736
-1467
-1177
-824
-462
-45
324
629
893
1087
1236
1320
1324
1304
1234
1169
1090
1283
1541
1824
2114
2190
2606
3052
3577
3997
4053
4116
4047
3821
3484
3028
2627
2234
1649
936
370
33
-74
-187
-390
-508
-451
-294
-130
24
127
340
401
315
207
54
52
-34
-266
-503
-786
-931
-970
-947
-872
-811
-728
-629
-461
-266
-61
130
191
246
212
114
30
-146
-312
-532
-833
-1056
-1250
-1402
-1440
-1482
-1387
-1260
-1169
-967
-742
-447
-194
-52
64
110
164
145
23
-150
-338
-466
-655
-886
-1062
-1183
-1217
-1284
-1334
-1322
-1275
-1204
-1207
-1254
-1284
-1291
-1304
-1377
-1513
-1650
-1762
-1855
-1943
-1989
-1976
-1892
-1762
-1561
-1304
-975
-628
-263
136
476
789
984
1139
1301
1345
1352
1202
1132
1086
1149
1372
1518
1845
1986
2251
2710
3141
3687
3877
3927
3906
3730
3507
3157
2783
2380
1863
1223
635
237
25
-97
-264
-435
-468
-360
-195
-34
94
260
434
408
354
248
181
166
-45
-264
-537
-753
-849
-913
-871
-831
-777
-697
-571
-347
-102
110
203
295
340
285
177
16
-125
-321
-637
-971
-1192
-1309
-1390
-1473
-1530
-1436
-1285
-1098
-897
-674
-369
-137
-4
18
44
112
81
-77
-318
-531
-686
-868
-1062
-1227
-1309
-1337
-1350
-1347
-1323
-1259
-1177
-1146
-1169
-1185
-1227
-1276
-1377
-1518
-1651
-1811
-1908
-1948
-1941
-1899
-1818
-1636
-1364
-1062
-746
-383
-12
382
679
895
1063
1187
1326
1332
1210
1112
1056
1289
1486
1644
1844
1933
2361
2755
3197
3614
3759
3880
3819
3613
3352
3015
2695
2273
1677
1025
508
214
30
-144
-344
-465
-422
-327
-228
-61
100
350
462
404
382
330
386
317
72
-132
-362
-472
-608
-705
-694
-688
-615
-611
-518
-296
-115
56
70
102
157
100
3
-180
-339
-513
-777
-1037
-1228
-1325
-1352
-1430
-1466
-1379
-1201
-978
-810
-626
-337
-88
73
94
112
209
181
27
-232
-445
-557
-734
-933
-1146
-1266
-1275
-1295
-1318
-1324
-1287
-1208
-1192
-1234
-1266
-1294
-1321
-1445
-1584
-1716
-1851
-1927
-1989
-1977
-1895
-1793
-1592
-1339
-1030
-674
-324
14
372
688
929
1087
1185
1282
1291
1182
1078
960
1132
1311
1470
1717
1761
2149
2587
3056
3496
3606
3698
3693
3521
3239
2881
2532
2163
1624
931
395
104
-34
-149
-356
-484
-374
-232
-96
77
206
471
615
559
557
492
549
523
267
39
-219
-331
-446
-581
-608
-629
-580
-573
-490
-293
-102
88
113
140
181
118
56
-143
-345
-482
-804
-1064
-1297
-1439
-1404
-1521
-1558
-1465
-1295
-1026
-871
-680
-399
-152
36
63
93
136
114
-1
-265
-481
-638
-795
-932
-1155
-1254
-1273
-1280
-1233
-1256
-1201
-1142
-1126
-1109
-1158
-1167
-1234
-1352
-1489
-1657
-1739
-1842
-1926
-1957
-1918
-1772
-1578
-1334
-1067
-729
-354
21
390
680
969
1163
1288
1336
1336
1276
1187
1092
1010
1224
1349
1623
1801
1890
2357
2712
3242
3558
3578
3660
3522
3344
3024
2600
2242
1792
1191
523
66
-163
-267
-413
-623
-657
-512
-317
-143
25
226
519
618
561
529
455
501
374
79
-131
-397
-516
-620
-709
-701
-709
-640
-548
-373
-174
26
175
246
331
315
205
21
-180
-335
-593
-948
-1262
-1469
-1540
-1609
-1689
-1625
-1435
-1184
-875
-612
-245
163
431
604
639
734
789
669
364
-34
-371
-693
-969
-1269
-1501
-1617
-1695
-1654
-1578
-1456
-1262
-1155
-1106
-1081
-1076
-1081
-1177
-1390
-1594
-1797
-1994
-2110
-2211
-2224
-2130
-1982
-1686
-1385
-1036
-582
-132
322
675
973
1196
1350
1393
1319
1248
1081
945
849
650
772
978
1275
1669
1767
2188
2691
3204
3696
3776
3806
3750
3540
3225
2766
2308
1883
1351
667
58
-277
-402
-440
-538
-632
-486
-252
-11
246
404
730
987
972
868
665
626
557
216
-162
-535
-762
-892
-1058
-1071
-1002
-851
-664
-523
-271
4
290
516
572
552
402
227
52
-195
-475
-879
-1253
-1520
-1708
-1782
-1856
-1804
-1613
-1381
-1101
-846
-524
-126
201
359
396
359
376
328
63
-244
-573
-803
-1013
-1299
-1492
-1558
-1522
-1485
-1480
-1386
-1184
-975
-915
-927
-937
-940
-1004
-1212
-1433
-1599
-1716
-1872
-2054
-2127
-2028
-1816
-1602
-1374
-1058
-614
-126
304
665
996
1301
1499
1553
1490
1428
1403
1268
1104
874
825
1126
1344
1689
1841
2049
2585
3003
3537
3772
3801
3795
3573
3243
2820
2371
1942
1420
719
63
-373
-574
-625
-680
-747
-719
-522
-305
-19
267
520
826
824
719
589
477
463
219
-135
-471
-774
-923
-1029
-1054
-965
-855
-725
-604
-416
-98
250
503
582
515
405
232
58
-164
-480
-848
-1260
-1595
-1796
-1897
-1897
-1835
-1703
-1503
-1229
-890
-492
-57
312
519
605
624
608
554
329
30
-313
-655
-934
-1169
-1320
-1400
-1430
-1430
-1394
-1282
-1124
-991
-933
-952
-973
-1012
-1137
-1314
-1522
-1677
-1837
-2050
-2186
-2215
-2083
-1911
-1750
-1527
-1193
-702
-217
228
583
880
1204
1384
1449
1454
1447
1415
1312
1078
999
1239
1482
1849
1927
2063
2534
2962
3522
3748
3809
3832
3645
3351
2926
2507
2127
1655
939
197
-276
-498
-514
-637
-804
-790
-656
-452
-239
12
321
652
686
594
534
511
609
447
104
-201
-492
-617
-748
-808
-767
-691
-614
-587
-450
-247
68
299
354
338
182
71
-19
-216
-434
-781
-1149
-1423
-1643
-1749
-1767
-1756
-1635
-1491
-1262
-930
-589
-181
122
337
436
469
547
491
357
102
-210
-435
-728
-969
-1143
-1276
-1317
-1443
-1490
-1423
-1318
-1172
-1172
-1189
-1172
-1172
-1202
-1355
-1527
-1657
-1798
-1930
-2059
-2062
-1935
-1804
-1632
-1441
-1114
-677
-234
199
541
901
1195
1392
1517
1564
1582
1592
1430
1300
1433
1513
1843
1934
2014
2423
2694
3217
3460
3551
3643
3508
3310
2936
2547
2165
1749
1147
447
-61
-389
-534
-664
-855
-887
-781
-668
-499
-361
-148
217
319
321
264
226
397
358
203
-11
-252
-307
-420
-460
-482
-479
-359
-366
-264
-152
40
291
348
398
330
213
136
-34
-173
-412
-726
-976
-1235
-1378
-1502
-1569
-1469
-1380
-1209
-1043
-797
-404
-43
238
375
443
547
593
474
268
7
-199
-437
-759
-1028
-1222
-1288
-1367
-1477
-1529
-1498
-1377
-1336
-1359
-1401
-1383
-1367
-1471
-1641
-1787
-1879
-1961
-2078
-2183
-2133
-2002
-1816
-1618
-1385
-969
-548
-126
227
542
935
1217
1379
1444
1462
1523
1521
1412
1551
1649
1924
2083
2050
2433
2759
3286
3576
3556
3634
3585
3473
3152
2694
2317
1924
1388
689
122
-178
-344
-507
-789
-943
-826
-727
-596
-486
-345
8
106
106
112
117
275
230
61
-53
-181
-221
-327
-405
-356
-334
-270
-285
-211
-21
116
249
276
315
384
316
223
66
-89
-244
-551
-801
-1002
-1146
-1273
-1444
-1435
-1294
-1130
-965
-833
-574
-220
26
186
240
336
435
336
145
-126
-288
-401
-685
-958
-1208
-1285
-1298
-1406
-1472
-1511
-1412
-1342
-1400
-1442
-1453
-1381
-1400
-1608
-1756
-1851
-1890
-1935
-2058
-2009
-1916
-1783
-1586
-1381
-1006
-622
-220
166
463
792
1039
1246
1414
1453
1490
1411
1280
1471
1598
1846
2023
1983
2364
2646
3083
3464
3524
3643
3584
3421
3143
2740
2410
2064
1563
879
295
-4
-167
-294
-566
-781
-698
-615
-499
-432
-399
-73
39
-17
-90
-144
31
55
-156
-331
-464
-443
-433
-501
-464
-431
-299
-251
-238
-103
50
263
291
246
245
214
222
98
-32
-162
-404
-601
-787
-894
-929
-1028
-1061
-1027
-950
-772
-621
-437
-199
-36
127
189
246
360
313
183
-40
-241
-327
-509
-706
-916
-1052
-1112
-1220
-1298
-1355
-1338
-1301
-1387
-1490
-1532
-1564
-1577
-1730
-1868
-1958
-2044
-2102
-2184
-2143
-2052
-1888
-1748
-1568
-1217
-820
-382
-58
237
583
886
1107
1245
1331
1373
1392
1217
1304
1493
1752
2093
2016
2283
2614
3065
3567
3586
3654
3620
3504
3274
2833
2478
2157
1727
1059
400
54
-64
-151
-399
-674
-677
-561
-486
-419
-394
-157
22
-90
-194
-266
-128
5
-188
-349
-486
-505
-458
-496
-387
-297
-200
-138
-132
46
185
348
415
343
338
203
152
114
-1
-98
-384
-593
-686
-778
-820
-939
-970
-868
-838
-796
-740
-557
-235
-108
-89
-81
16
234
201
12
-156
-273
-303
-542
-808
-946
-990
-1000
-1209
-1369
-1394
-1314
-1250
-1401
-1542
-1563
-1544
-1551
-1722
-1887
-1935
-1993
-2020
-2133
-2131
-1987
-1884
-1684
-1528
-1254
-826
-465
-65
223
501
834
1059
1278
1397
1430
1488
1348
1449
1662
1846
2189
2138
2372
2693
2990
3466
3540
3629
3588
3383
3166
2761
2448
2119
1662
1081
432
64
-122
-260
-414
-672
-707
-638
-609
-489
-473
-235
-1
-108
-183
-294
-172
26
-134
-265
-405
-452
-378
-477
-406
-278
-160
-81
-151
-35
133
316
409
306
285
165
53
-20
-194
-300
-559
-812
-941
-1074
-1065
-1118
-1111
-915
-751
-508
-392
-225
137
410
563
487
398
478
453
205
-141
-414
-464
-612
-890
-1133
-1211
-1060
-1025
-1118
-1212
-1154
-980
-1032
-1239
-1458
-1514
-1505
-1722
-2031
-2241
-2302
-2312
-2403
-2453
-2307
-2085
-1859
-1640
-1344
-907
-463
-84
216
513
796
1005
1140
1223
1315
1311
1280
1137
1251
1507
1800
2123
2148
2453
2812
3246
3669
3713
3764
3706
3498
3137
2676
2275
1935
1463
736
115
-280
-417
-469
-705
-852
-794
-634
-471
-398
-269
60
258
179
19
-85
50
68
-169
-392
-577
-582
-623
-690
-602
-444
-210
-165
-95
69
286
547
523
509
440
316
200
-24
-133
-284
-514
-739
-952
-1025
-1037
-1045
-977
-853
-700
-545
-417
-194
50
227
291
239
270
288
214
54
-210
-382
-520
-691
-853
-1040
-1110
-1119
-1164
-1229
-1282
-1217
-1136
-1179
-1321
-1426
-1410
-1448
-1602
-1812
-1970
-2024
-2129
-2273
-2335
-2301
-2117
-1949
-1784
-1496
-1096
-599
-189
173
506
857
1210
1382
1487
1530
1519
1545
1402
1282
1469
1628
1979
2157
2170
2581
2890
3402
3729
3723
3770
3599
3348
3004
2525
2138
1724
1126
436
-159
-462
-576
-671
-852
-973
-863
-722
-549
-365
-184
149
264
181
103
53
174
132
-106
-292
-502
-591
-663
-689
-562
-472
-415
-399
-304
-85
145
304
311
304
263
137
27
-117
-227
-384
-699
-949
-1118
-1191
-1161
-1189
-1129
-1034
-910
-681
-447
-167
80
268
401
414
423
405
343
218
-18
-257
-501
-722
-862
-991
-1095
-1225
-1299
-1281
-1242
-1208
-1232
-1247
-1251
-1276
-1341
-1471
-1616
-1738
-1879
-2036
-2196
-2286
-2248
-2156
-2030
-1869
-1614
-1210
-806
-346
30
399
819
1108
1386
1512
1590
1682
1680
1637
1543
1694
1860
2141
2358
2365
2675
2929
3379
3719
3701
3677
3531
3313
2982
2503
2058
1686
1144
450
-169
-579
-716
-828
-1032
-1186
-1172
-1027
-827
-657
-521
-210
-18
38
55
6
158
214
100
-49
-259
-326
-369
-370
-341
-304
-254
-255
-168
-56
127
262
259
277
212
138
3
-162
-232
-381
-612
-916
-1107
-1149
-1146
-1152
-1201
-1140
-968
-741
-529
-346
-97
170
378
422
405
443
480
409
152
-115
-325
-483
-685
-963
-1163
-1269
-1293
-1338
-1420
-1424
-1374
-1346
-1361
-1425
-1463
-1504
-1620
-1764
-1923
-2090
-2203
-2295
-2327
-2296
-2219
-2015
-1758
-1399
-999
-572
-90
371
807
1156
1423
1629
1792
1875
1838
1827
1720
1731
1882
1977
2324
2417
2569
2880
3158
3689
3847
3804
3714
3515
3262
2817
2321
1896
1451
782
74
-470
-718
-760
-899
-1121
-1237
-1073
-830
-634
-527
-331
48
171
139
40
72
244
175
-45
-264
-395
-415
-467
-512
-481
-419
-377
-337
-254
-104
72
130
126
72
9
-108
-237
-317
-441
-613
-878
-1115
-1217
-1213
-1162
-1183
-1171
-1064
-828
-602
-422
-168
120
381
428
394
449
562
559
302
-42
-263
-379
-557
-856
-1120
-1195
-1210
-1295
-1448
-1515
-1371
-1259
-1298
-1419
-1501
-1468
-1504
-1665
-1846
-2010
-2102
-2184
-2312
-2343
-2253
-2011
-1726
-1509
-1169
-720
-179
332
730
1092
1371
1614
1750
1796
1825
1762
1744
1621
1521
1697
1890
2293
2481
2588
2952
3289
3784
3995
3920
3821
3595
3261
2789
2221
1748
1287
634
-88
-638
-879
-931
-996
-1135
-1159
-962
-725
-478
-312
-111
219
312
257
133
113
230
130
-124
-374
-526
-537
-585
-614
-572
-486
-352
-306
-227
-80
96
229
228
170
84
-85
-236
-398
-562
-767
-1106
-1321
-1438
-1460
-1444
-1481
-1341
-1129
-907
-667
-417
-67
267
438
476
506
554
583
433
113
-177
-427
-655
-920
-1173
-1303
-1345
-1403
-1497
-1500
-1376
-1201
-1144
-1221
-1276
-1273
-1288
-1449
-1692
-1867
-1982
-2085
-2263
-2379
-2323
-2120
-1857
-1632
-1329
-879
-354
160
554
980
1381
1639
1808
1805
1827
1813
1739
1637
1465
1329
1331
1580
1854
2248
2507
2726
3155
3495
3972
4159
4043
3887
3582
3204
2668
2033
1513
1062
428
-272
-785
-987
-914
-912
-1026
-1003
-773
-448
-189
-68
107
412
462
284
34
-115
-89
-265
-647
-973
-1181
-1187
-1189
-1202
-1067
-853
-609
-462
-310
-57
242
430
398
262
107
-73
-292
-529
-774
-1034
-1346
-1585
-1662
-1633
-1500
-1384
-1182
-895
-593
-249
26
353
649
763
772
662
592
488
226
-71
-423
-713
-932
-1118
-1208
-1287
-1292
-1241
-1192
-1066
-968
-866
-814
-882
-943
-1092
-1275
-1473
-1722
-1890
-2103
-2291
-2396
-2403
-2228
-2039
-1792
-1471
-1059
-512
-39
400
816
1176
1535
1668
1677
1686
1605
1571
1425
1225
1147
1057
1146
1454
1745
2256
2607
2868
3307
3621
4090
4242
4103
3853
3456
3015
2418
1797
1227
733
151
-504
-889
-994
-872
-759
-808
-699
-402
-49
229
343
433
635
609
363
58
-174
-233
-467
-848
-1143
-1297
-1268
-1233
-1149
-955
-696
-448
-313
-69
186
407
488
322
206
31
-224
-494
-842
-1089
-1372
-1747
-1954
-1982
-1845
-1685
-1623
-1403
-1011
-574
-199
30
336
648
815
765
538
440
321
79
-316
-777
-986
-1101
-1214
-1341
-1432
-1278
-1102
-972
-858
-754
-596
-541
-615
-770
-972
-1159
-1368
-1634
-1896
-2122
-2237
-2233
-2164
-2003
-1771
-1442
-1028
-562
-74
360
738
1079
1360
1571
1643
1580
1510
1405
1245
1042
854
814
906
971
1030
1355
1789
2374
2798
2944
3313
3614
3935
4010
3665
3389
3048
2580
1982
1285
825
517
111
-383
-714
-713
-488
-293
-257
-115
214
511
636
605
586
725
645
264
-157
-485
-592
-768
-1148
-1385
-1462
-1380
-1256
-1199
-960
-630
-307
-120
-37
96
227
284
140
-102
-354
-653
-954
-1259
-1514
-1665
-1810
-1892
-1849
-1706
-1456
-1211
-887
-534
-237
26
230
446
566
531
368
164
-17
-217
-460
-753
-990
-1149
-1253
-1322
-1340
-1228
-1050
-924
-881
-836
-724
-644
-677
-832
-982
-1092
-1298
-1548
-1770
-1857
-1845
-1895
-1903
-1775
-1515
-1166
-842
-486
-80
313
643
870
1092
1312
1479
1464
1329
1250
1157
1115
1021
988
1087
1204
1266
1427
1828
2298
2839
3008
3112
3375
3550
3816
3689
3388
3126
2721
2266
1678
1187
914
684
248
-254
-459
-363
-120
-43
-102
29
246
387
418
374
417
456
181
-208
-548
-728
-774
-1021
-1313
-1461
-1500
-1411
-1320
-1131
-829
-579
-417
-332
-166
-20
52
-36
-224
-405
-695
-1012
-1282
-1431
-1511
-1710
-1943
-1988
-1806
-1537
-1341
-1191
-909
-565
-322
-110
106
414
653
590
401
267
285
255
26
-337
-620
-748
-931
-1101
-1198
-1150
-1020
-1041
-1091
-1024
-847
-677
-678
-795
-889
-949
-1088
-1275
-1454
-1538
-1576
-1707
-1760
-1665
-1445
-1166
-939
-646
-282
55
353
632
908
1187
1328
1328
1292
1266
1265
1207
1085
1047
1118
1238
1262
1302
1661
2100
2628
2848
2916
3236
3474
3770
3743
3452
3255
2986
2603
2051
1479
1144
921
538
8
-328
-325
-136
-34
-145
-130
108
329
411
308
247
338
225
-94
-476
-757
-834
-1055
-1397
-1609
-1696
-1599
-1531
-1492
-1280
-1019
-774
-649
-560
-388
-241
-228
-388
-587
-736
-914
-1091
-1299
-1457
-1539
-1624
-1620
-1556
-1414
-1183
-961
-738
-492
-263
-33
172
314
419
438
346
219
94
-41
-200
-413
-642
-808
-949
-1016
-1030
-1000
-918
-853
-821
-784
-687
-584
-541
-609
-738
-822
-908
-1025
-1165
-1258
-1299
-1340
-1375
-1361
-1256
-1052
-795
-607
-404
-156
135
471
724
923
1119
1265
1342
1308
1284
1301
1327
1298
1221
1224
1274
1320
1537
1838
2226
2603
2690
2913
3145
3397
3627
3510
3310
3060
2731
2320
1835
1419
1125
815
338
-101
-290
-204
-72
-117
-235
-175
55
162
105
-25
6
27
-236
-626
-957
-1068
-1127
-1369
-1622
-1769
-1758
-1631
-1545
-1418
-1197
-996
-815
-715
-624
-493
-446
-466
-564
-673
-829
-1011
-1119
-1202
-1248
-1375
-1475
-1401
-1249
-1065
-955
-814
-531
-203
24
162
296
477
613
533
336
178
82
-50
-336
-644
-863
-958
-1012
-1068
-1077
-995
-839
-734
-665
-595
-469
-350
-373
-503
-633
-745
-887
-1054
-1216
-1313
-1400
-1515
-1531
-1457
-1275
-1029
-828
-582
-296
34
381
664
937
1169
1309
1338
1325
1326
1344
1317
1281
1233
1274
1274
1429
1788
2132
2616
2785
2962
3269
3525
3882
3842
3621
3415
3098
2708
2153
1656
1354
1030
510
-61
-369
-348
-221
-228
-402
-404
-207
-57
-15
-129
-129
-34
-230
-567
-895
-1060
-1092
-1340
-1654
-1844
-1885
-1791
-1740
-1664
-1491
-1264
-1062
-948
-805
-662
-527
-498
-596
-676
-811
-963
-1065
-1191
-1247
-1358
-1482
-1432
-1308
-1107
-930
-800
-558
-249
47
264
399
581
757
780
632
448
368
287
66
-253
-549
-663
-732
-820
-862
-843
-688
-557
-491
-414
-309
-175
-162
-289
-448
-621
-782
-990
-1228
-1443
-1646
-1758
-1806
-1782
-1663
-1482
-1196
-880
-582
-239
89
443
746
941
1092
1124
1139
1116
1038
982
997
1050
1151
1103
1263
1682
2198
2782
2900
3129
3485
3847
4193
4028
3811
3629
3310
2854
2163
1621
1337
1008
438
-186
-490
-425
-288
-336
-486
-399
-161
-4
27
-56
37
131
-85
-422
-793
-925
-951
-1255
-1570
-1824
-1856
-1746
-1750
-1647
-1462
-1199
-983
-926
-738
-552
-395
-377
-558
-644
-797
-1009
-1189
-1393
-1475
-1633
-1818
-1788
-1666
-1447
-1285
-1110
-702
-264
117
381
569
891
1115
1147
1019
824
742
542
169
-233
-540
-639
-767
-941
-1037
-963
-736
-568
-465
-366
-214
-67
-89
-233
-404
-604
-815
-1173
-1538
-1747
-1919
-2021
-2133
-2140
-1935
-1647
-1327
-986
-568
-108
292
601
882
1150
1326
1341
1256
1155
1094
1033
974
972
1071
1117
1386
1719
2282
2910
3125
3487
3728
4160
4504
4335
4099
3771
3410
2921
2193
1549
1130
725
144
-457
-800
-750
-597
-633
-726
-581
-278
-68
-41
-131
61
160
-66
-470
-904
-981
-1059
-1424
-1792
-2061
-2002
-1907
-1922
-1787
-1509
-1092
-860
-764
-578
-331
-81
-129
-336
-506
-686
-831
-1096
-1358
-1487
-1598
-1652
-1669
-1585
-1327
-1029
-752
-439
-114
218
521
731
938
1023
978
828
641
491
260
2
-317
-575
-682
-777
-796
-804
-717
-508
-364
-256
-172
-71
9
-74
-237
-434
-658
-923
-1277
-1565
-1788
-1955
-2071
-2165
-2111
-1953
-1729
-1460
-1144
-718
-327
17
299
583
904
1028
1040
1001
959
987
877
821
822
969
1116
1303
1682
2145
2856
3225
3498
3823
4152
4601
4572
4300
4005
3666
3202
2509
1791
1301
946
350
-261
-707
-763
-584
-611
-700
-642
-378
-150
-99
-172
-97
61
-114
-488
-918
-1102
-1111
-1377
-1751
-2023
-2023
-1880
-1819
-1724
-1441
-1027
-751
-629
-472
-263
-29
-60
-266
-455
-699
-920
-1201
-1457
-1600
-1756
-1869
-1886
-1776
-1523
-1249
-974
-614
-234
122
378
609
883
1054
1058
867
683
594
432
179
-151
-383
-446
-517
-585
-605
-501
-276
-131
-75
-5
77
148
49
-171
-405
-639
-901
-1268
-1634
-1880
-2042
-2143
-2240
-2237
-2031
-1779
-1494
-1208
-836
-388
-27
227
440
686
884
939
873
828
858
882
880
867
1044
1228
1552
1941
2349
3017
3342
3663
3947
4183
4554
4473
4197
3859
3443
2960
2261
1568
1078
669
109
-513
-908
-931
-788
-785
-918
-823
-506
-277
-222
-317
-182
28
-146
-530
-933
-1051
-1004
-1266
-1615
-1843
-1809
-1642
-1599
-1487
-1211
-798
-526
-437
-292
-105
104
69
-143
-326
-575
-820
-1097
-1350
-1478
-1642
-1797
-1831
-1710
-1431
-1180
-958
-624
-213
173
420
569
812
1019
1047
868
622
536
435
194
-127
-417
-482
-485
-532
-571
-521
-322
-161
-103
-91
-40
5
-86
-284
-533
-758
-1029
-1374
-1678
-1922
-2090
-2189
-2242
-2172
-2010
-1817
-1552
-1225
-840
-445
-105
144
406
660
811
900
850
856
912
914
940
975
1131
1319
1704
2064
2563
3079
3350
3765
3989
4314
4530
4362
4117
3746
3345
2799
2118
1494
1033
582
-49
-579
-866
-838
-738
-853
-927
-761
-483
-283
-286
-344
-151
-46
-249
-617
-956
-1005
-1041
-1354
-1684
-1880
-1800
-1635
-1591
-1455
-1191
-812
-545
-428
-265
-57
127
74
-127
-319
-568
-811
-1098
-1328
-1491
-1692
-1855
-1847
-1647
-1391
-1174
-983
-603
-144
222
458
640
902
1073
1056
834
665
635
484
178
-215
-417
-410
-452
-547
-604
-496
-294
-186
-151
-103
-9
25
-116
-356
-554
-740
-966
-1329
-1682
-1872
-2005
-2105
-2214
-2170
-1951
-1741
-1495
-1254
-843
-387
-92
144
339
625
821
845
786
763
802
850
851
902
1052
1243
1680
2025
2604
3082
3339
3770
3960
4373
4518
4285
4021
3602
3205
2605
1885
1320
875
402
-245
-734
-896
-828
-719
-840
-870
-615
-348
-177
-207
-235
10
3
-260
-632
-928
-921
-1065
-1406
-1674
-1804
-1663
-1563
-1494
-1280
-980
-609
-429
-276
-83
87
206
46
-128
-292
-586
-865
-1199
-1414
-1528
-1755
-1916
-1880
-1684
-1404
-1239
-1028
-549
-45
334
549
715
1044
1249
1233
1031
856
795
584
209
-255
-458
-461
-547
-704
-848
-695
-422
-268
-201
-152
7
99
-29
-286
-479
-657
-910
-1300
-1707
-1927
-2075
-2183
-2256
-2243
-2028
-1795
-1524
-1179
-787
-334
11
254
490
713
862
881
807
770
760
739
677
761
901
1078
1478
1813
2441
2933
3199
3614
3846
4257
4415
4202
3948
3571
3142
2552
1840
1247
814
352
-238
-723
-924
-839
-714
-792
-807
-543
-258
-70
-87
-127
112
117
-142
-526
-864
-886
-1054
-1376
-1646
-1792
-1681
-1606
-1497
-1271
-917
-523
-329
-121
84
278
400
259
88
-140
-454
-759
-1115
-1324
-1457
-1691
-1825
-1865
-1686
-1370
-1199
-925
-556
-140
199
296
487
791
972
922
605
447
437
297
13
-383
-511
-502
-575
-662
-741
-567
-351
-254
-187
-164
-29
21
-104
-273
-498
-667
-896
-1223
-1490
-1734
-1892
-1987
-2049
-1973
-1838
-1662
-1396
-1081
-699
-342
-23
280
538
776
899
932
921
911
916
852
824
845
1018
1130
1329
1685
2151
2775
3020
3233
3509
3808
4127
4014
3714
3420
3077
2590
1938
1319
933
616
77
-460
-793
-771
-612
-623
-728
-670
-404
-197
-160
-276
-197
-51
-210
-567
-936
-1037
-1041
-1256
-1558
-1738
-1687
-1554
-1453
-1307
-1022
-647
-378
-245
-107
91
278
261
91
-113
-342
-586
-891
-1123
-1257
-1408
-1572
-1655
-1509
-1261
-1037
-810
-504
-99
233
399
567
802
974
950
695
483
389
251
-1
-347
-570
-607
-645
-722
-771
-682
-442
-270
-234
-210
-137
-35
-78
-288
-519
-722
-933
-1216
-1526
-1757
-1907
-1968
-2025
-1994
-1851
-1648
-1357
-1037
-695
-361
-60
196
449
681
792
835
823
812
805
800
830
943
1067
1158
1495
1840
2400
2816
2991
3325
3529
3888
4033
3814
3566
3277
2924
2409
1771
1256
932
549
-15
-483
-671
-575
-465
-592
-670
-507
-264
-136
-220
-280
-92
-34
-295
-692
-941
-911
-941
-1230
-1506
-1594
-1459
-1333
-1311
-1146
-836
-495
-328
-278
-148
50
163
60
-138
-314
-544
-809
-1096
-1290
-1402
-1603
-1762
-1776
-1667
-1411
-1265
-1019
-617
-244
205
415
686
1044
1231
1314
1119
972
911
682
276
-199
-489
-592
-750
-985
-1101
-978
-716
-523
-411
-301
-59
84
15
-125
-322
-465
-728
-1187
-1548
-1847
-2034
-2156
-2290
-2199
-2000
-1753
-1433
-1091
-600
-139
226
482
707
948
1032
1039
905
804
733
679
605
618
652
918
1303
1669
2262
2563
3004
3384
3676
4086
4059
3920
3653
3286
2889
2263
1665
1176
771
237
-329
-666
-702
-559
-544
-644
-529
-231
21
124
28
134
313
187
-155
-573
-749
-797
-1077
-1453
-1739
-1776
-1663
-1612
-1526
-1296
-930
-597
-386
-208
-9
227
279
166
-5
-247
-473
-751
-1021
-1226
-1403
-1560
-1662
-1618
-1434
-1182
-949
-653
-283
71
343
477
693
904
949
774
485
364
267
11
-345
-688
-776
-755
-822
-880
-866
-663
-414
-298
-236
-164
-36
-29
-184
-371
-527
-685
-942
-1256
-1500
-1678
-1783
-1836
-1878
-1731
-1550
-1331
-1072
-807
-369
-32
229
461
644
887
937
892
835
792
817
754
678
705
762
1106
1411
1810
2256
2463
2906
3175
3535
3836
3720
3618
3339
2982
2600
2007
1584
1182
716
186
-322
-495
-489
-435
-502
-610
-461
-237
-56
-5
-69
92
168
-6
-283
-589
-669
-725
-1020
-1276
-1503
-1486
-1380
-1349
-1202
-1026
-693
-440
-324
-147
-2
189
201
22
-123
-353
-583
-840
-1056
-1187
-1399
-1585
-1647
-1541
-1328
-1181
-1008
-704
-354
-32
122
264
542
720
754
541
313
298
175
-67
-416
-699
-722
-752
-811
-885
-835
-628
-463
-366
-308
-192
-64
-96
-226
-399
-513
-653
-927
-1188
-1403
-1547
-1676
-1766
-1720
-1570
-1392
-1254
-1034
-652
-248
84
265
491
744
903
945
848
828
890
878
836
679
759
1168
1529
1968
2136
2366
2856
3239
3644
3757
3682
3612
3380
2988
2488
1994
1616
1224
635
24
-378
-489
-483
-535
-684
-697
-510
-370
-231
-190
-88
86
6
-178
-395
-485
-498
-662
-935
-1157
-1247
-1235
-1186
-1139
-989
-773
-586
-451
-298
-77
118
193
137
42
-91
-284
-500
-692
-860
-1079
-1272
-1457
-1506
-1424
-1304
-1119
-974
-766
-465
-196
81
281
428
569
528
438
335
213
84
-185
-444
-647
-773
-836
-878
-829
-775
-719
-634
-514
-354
-268
-264
-314
-398
-465
-591
-778
-991
-1206
-1362
-1523
-1667
-1715
-1637
-1439
-1269
-1143
-938
-576
-148
165
407
587
763
928
905
907
936
920
958
793
826
1095
1393
1903
2061
2279
2666
2990
3500
3622
3563
3505
3246
2952
2463
1951
1630
1239
715
62
-385
-479
-481
-551
-765
-790
-617
-497
-396
-404
-248
14
-45
-216
-385
-387
-232
-375
-620
-766
-824
-735
-764
-761
-634
-467
-314
-291
-185
-10
179
279
171
97
-32
-198
-320
-488
-621
-830
-1114
-1308
-1387
-1341
-1267
-1231
-1112
-958
-739
-543
-339
-34
179
272
230
151
234
224
63
-172
-452
-549
-637
-779
-846
-856
-776
-709
-748
-693
-532
-365
-300
-408
-491
-512
-520
-626
-865
-1031
-1166
-1276
-1427
-1576
-1520
-1404
-1269
-1163
-1018
-720
-380
-64
180
412
606
738
817
834
896
902
900
804
837
1061
1334
1724
1905
2129
2487
2840
3257
3413
3415
3375
3183
2900
2490
2045
1698
1306
771
211
-200
-366
-404
-482
-644
-681
-566
-444
-345
-318
-209
-30
-24
-132
-302
-322
-236
-296
-473
-668
-711
-683
-664
-622
-556
-385
-301
-274
-180
-82
112
169
117
38
-91
-169
-339
-504
-632
-817
-991
-1196
-1294
-1289
-1217
-1094
-981
-856
-710
-491
-199
98
294
404
420
399
361
267
179
-10
-244
-460
-672
-786
-849
-878
-877
-870
-820
-741
-660
-596
-567
-556
-568
-643
-744
-857
-966
-1083
-1239
-1373
-1469
-1458
-1426
-1374
-1260
-1099
-863
-601
-356
-92
167
373
553
651
709
747
757
740
749
691
695
927
1143
1564
1805
1953
2355
2653
3105
3325
3276
3258
3117
2887
2528
2069
1722
1403
955
383
-79
-269
-292
-329
-538
-654
-547
-389
-279
-287
-273
-79
-24
-166
-337
-459
-379
-372
-578
-762
-881
-817
-721
-688
-600
-443
-243
-133
-47
61
233
378
341
259
162
61
-50
-241
-403
-533
-672
-797
-927
-994
-961
-896
-808
-729
-608
-435
-279
-146
-44
77
171
137
75
-18
-58
-139
-334
-484
-629
-712
-760
-855
-887
-888
-873
-807
-797
-770
-745
-744
-748
-788
-804
-854
-947
-1052
-1146
-1216
-1291
-1357
-1367
-1303
-1241
-1131
-1007
-789
-508
-267
-11
178
386
570
677
765
804
832
849
864
808
941
1189
1494
1872
1993
2251
2587
2955
3354
3424
3357
3235
3032
2740
2317
1895
1553
1187
640
68
-275
-373
-377
-487
-708
-745
-627
-499
-418
-445
-358
-209
-243
-417
-582
-614
-524
-591
-817
-968
-987
-865
-744
-675
-544
-376
-203
-65
62
220
356
397
379
276
168
41
-95
-142
-311
-491
-664
-783
-743
-747
-731
-693
-622
-487
-365
-286
-145
18
157
215
144
131
135
123
12
-191
-369
-493
-588
-712
-875
-968
-960
-933
-970
-1029
-957
-858
-829
-891
-974
-938
-917
-993
-1130
-1238
-1283
-1315
-1366
-1430
-1394
-1288
-1131
-990
-827
-589
-288
11
242
438
580
734
827
836
819
787
832
870
804
964
1195
1592
1963
2089
2385
2695
3135
3473
3453
3338
3182
2945
2586
2047
1588
1280
881
297
-264
-521
-506
-488
-605
-760
-691
-516
-383
-336
-357
-201
-96
-180
-381
-553
-541
-519
-657
-838
-968
-966
-886
-804
-659
-494
-321
-169
-41
114
235
333
381
333
233
27
-157
-223
-299
-411
-640
-830
-815
-732
-645
-622
-560
-384
-206
-97
-42
130
339
435
327
151
131
185
126
-133
-402
-526
-563
-676
-877
-991
-962
-925
-974
-1100
-1101
-968
-907
-991
-1121
-1188
-1147
-1164
-1299
-1398
-1454
-1441
-1443
-1501
-1456
-1319
-1098
-884
-722
-531
-270
64
331
533
655
753
874
912
879
842
815
905
902
860
1073
1370
1873
2203
2301
2605
2933
3358
3576
3455
3299
3103
2787
2315
1753
1339
1039
601
-13
-512
-676
-638
-612
-771
-848
-699
-543
-451
-454
-409
-183
-147
-356
-596
-692
-595
-624
-818
-980
-1037
-959
-900
-826
-675
-479
-265
-148
-37
99
224
350
353
287
167
-27
-157
-250
-311
-424
-591
-703
-705
-628
-546
-462
-333
-167
-1
111
202
388
562
627
530
362
315
303
164
-132
-413
-573
-658
-812
-1018
-1102
-1055
-1022
-1085
-1191
-1144
-993
-965
-1082
-1226
-1277
-1243
-1324
-1499
-1608
-1642
-1613
-1654
-1687
-1600
-1381
-1160
-989
-799
-550
-177
123
353
545
699
868
924
893
894
929
968
994
880
1027
1327
1704
2151
2295
2581
2911
3250
3617
3653
3534
3377
3095
2702
2178
1651
1294
923
370
-221
-609
-706
-660
-691
-828
-790
-639
-504
-407
-417
-270
-74
-130
-341
-573
-618
-524
-631
-861
-1027
-1047
-932
-847
-775
-633
-397
-187
-95
-2
115
301
410
321
179
-17
-203
-302
-425
-528
-686
-875
-938
-917
-800
-656
-482
-307
-156
10
144
351
539
628
637
474
331
246
137
-11
-308
-577
-723
-853
-962
-1082
-1099
-1029
-1033
-1088
-1146
-1063
-958
-992
-1091
-1228
-1274
-1323
-1461
-1576
-1659
-1671
-1660
-1695
-1652
-1476
-1229
-985
-805
-583
-225
140
406
568
731
926
1022
1007
945
975
1009
1021
931
930
1225
1550
2006
2255
2435
2817
3139
3533
3708
3630
3533
3282
2872
2367
1813
1421
1070
530
-65
-540
-716
-680
-675
-756
-785
-643
-482
-389
-351
-268
-46
-25
-253
-495
-625
-566
-592
-831
-1037
-1140
-1097
-992
-904
-744
-528
-328
-194
-86
44
224
368
388
271
86
-110
-256
-342
-492
-659
-853
-996
-1001
-972
-864
-714
-546
-355
-177
-4
223
475
647
708
639
536
488
391
215
-50
-347
-565
-759
-947
-1062
-1125
-1103
-1121
-1174
-1146
-1068
-959
-957
-1040
-1136
-1223
-1311
-1459
-1608
-1723
-1799
-1829
-1862
-1854
-1715
-1467
-1177
-911
-661
-307
111
451
689
883
1051
1176
1183
1096
1033
1022
991
962
856
901
1246
1608
2085
2324
2540
2953
3270
3668
3821
3730
3569
3238
2794
2258
1700
1281
913
366
-272
-723
-841
-765
-734
-854
-840
-651
-486
-349
-331
-190
56
34
-190
-468
-561
-475
-551
-826
-1065
-1162
-1098
-1013
-960
-802
-570
-314
-205
-136
26
222
394
344
150
-25
-221
-352
-474
-653
-795
-966
-1078
-1085
-1042
-876
-653
-455
-291
-144
72
357
592
711
717
646
533
428
293
96
-129
-377
-613
-811
-960
-1016
-997
-997
-1033
-1062
-1048
-978
-939
-1007
-1114
-1235
-1342
-1468
-1652
-1798
-1865
-1894
-1927
-1977
-1886
-1649
-1333
-1078
-855
-529
-182
229
500
698
894
1002
1112
1087
1019
1031
1046
1093
1017
982
1273
1661
2182
2467
2627
3002
3333
3768
3929
3814
3690
3404
3004
2462
1853
1437
1091
574
-76
-594
-772
-719
-674
-789
-869
-722
-580
-469
-474
-429
-171
-149
-333
-620
-775
-659
-640
-806
-1016
-1114
-1013
-894
-811
-674
-473
-216
-77
-33
19
139
296
310
190
-36
-260
-365
-450
-578
-734
-902
-981
-1008
-1030
-941
-773
-496
-298
-165
-18
162
509
741
828
785
652
599
479
269
5
-274
-472
-686
-932
-1089
-1124
-1024
-1003
-1088
-1127
-1072
-926
-964
-1144
-1304
-1417
-1479
-1679
-1920
-2055
-2067
-2031
-2070
-2062
-1897
-1549
-1197
-954
-677
-321
117
500
694
866
1020
1126
1143
1029
964
986
989
1008
919
1061
1433
1840
2373
2589
2834
3184
3514
3940
3992
3825
3617
3267
2853
2259
1689
1346
976
433
-204
-608
-633
-532
-518
-670
-662
-481
-372
-327
-371
-274
-99
-200
-467
-737
-830
-738
-792
-981
-1173
-1252
-1123
-998
-874
-715
-506
-270
-204
-163
-70
75
201
125
-75
-287
-477
-560
-613
-742
-849
-968
-1003
-954
-907
-745
-559
-367
-218
-138
-7
226
476
603
576
486
454
442
364
192
-3
-196
-363
-548
-723
-817
-838
-834
-916
-1031
-1063
-1003
-961
-1055
-1207
-1310
-1359
-1470
-1641
-1755
-1799
-1779
-1811
-1834
-1768
-1575
-1294
-1033
-773
-508
-181
180
477
733
949
1080
1177
1160
1108
1095
1073
1073
1070
1013
1064
1380
1757
2252
2530
2644
2971
3304
3689
3834
3629
3406
3129
2686
2150
1600
1223
916
403
-212
-624
-705
-591
-537
-669
-738
-605
-466
-402
-435
-425
-267
-286
-562
-833
-910
-802
-760
-981
-1189
-1216
-1103
-960
-883
-740
-515
-313
-237
-198
-78
76
205
161
-38
-198
-358
-437
-505
-653
-727
-814
-864
-862
-828
-642
-448
-282
-157
-56
113
301
475
586
583
536
459
356
262
104
-42
-220
-441
-624
-763
-803
-831
-884
-948
-993
-1007
-1009
-1014
-1068
-1171
-1292
-1397
-1516
-1651
-1757
-1808
-1804
-1815
-1827
-1768
-1573
-1311
-1034
-762
-517
-186
147
411
654
811
959
1080
1046
1012
999
1014
1091
1094
1031
1212
1569
2011
2456
2596
2790
3126
3452
3767
3763
3558
3360
3025
2540
2008
1531
1226
908
351
-205
-499
-497
-384
-404
-565
-576
-456
-388
-415
-486
-405
-284
-423
-749
-989
-962
-826
-873
-1090
-1224
-1150
-1011
-895
-803
-631
-376
-238
-248
-256
-142
66
126
-20
-245
-430
-525
-610
-693
-759
-851
-914
-958
-914
-787
-633
-434
-284
-150
-29
138
380
549
587
551
502
481
420
290
141
-34
-220
-394
-554
-658
-697
-717
-774
-904
-1001
-995
-931
-974
-1136
-1277
-1351
-1423
-1580
-1759
-1841
-1829
-1837
-1890
-1878
-1717
-1424
-1165
-974
-731
-421
-22
294
505
722
858
971
1013
978
1009
1017
1006
999
967
1018
1333
1719
2188
2534
2673
2958
3275
3650
3864
3754
3516
3219
2806
2311
1804
1412
1143
749
189
-262
-421
-292
-181
-287
-407
-389
-286
-260
-348
-375
-279
-283
-552
-893
-1044
-955
-859
-1016
-1232
-1297
-1179
-1004
-921
-815
-598
-384
-314
-361
-333
-161
15
-34
-247
-430
-536
-586
-629
-736
-780
-821
-886
-850
-805
-594
-373
-256
-162
-91
67
244
379
458
457
377
260
185
160
92
-45
-220
-367
-454
-588
-684
-720
-730
-786
-946
-1056
-1065
-1032
-1107
-1319
-1478
-1526
-1570
-1687
-1833
-1856
-1744
-1691
-1718
-1695
-1474
-1104
-852
-700
-502
-171
214
447
599
760
925
1049
1038
1004
1049
1149
1196
1176
1139
1294
1676
2067
2455
2640
2795
3078
3345
3610
3663
3515
3288
2948
2482
2005
1590
1289
992
505
10
-293
-312
-193
-168
-267
-321
-264
-224
-250
-319
-298
-212
-341
-658
-918
-960
-822
-793
-978
-1128
-1126
-999
-840
-770
-651
-485
-371
-366
-417
-380
-259
-165
-254
-496
-688
-815
-838
-856
-957
-986
-1044
-1070
-1021
-942
-705
-498
-391
-326
-227
-16
191
334
409
428
403
342
301
273
202
68
-118
-287
-412
-510
-587
-660
-719
-815
-927
-983
-1002
-1004
-1089
-1231
-1340
-1412
-1493
-1598
-1679
-1688
-1672
-1664
-1622
-1530
-1292
-1030
-820
-602
-379
-48
263
469
648
802
926
992
968
957
999
1051
1064
1044
1019
1161
1557
1927
2291
2486
2618
2929
3202
3466
3553
3402
3210
2902
2463
2029
1647
1395
1135
659
170
-113
-117
-4
-16
-136
-205
-146
-109
-169
-234
-221
-135
-270
-618
-880
-926
-805
-816
-1038
-1198
-1189
-1062
-947
-886
-743
-536
-406
-428
-470
-380
-219
-133
-276
-506
-667
-790
-848
-917
-967
-989
-1054
-1117
-1088
-908
-663
-448
-351
-292
-134
29
193
322
371
380
274
128
53
42
0
-139
-346
-521
-595
-620
-637
-678
-723
-756
-807
-878
-918
-935
-1001
-1118
-1287
-1432
-1516
-1611
-1641
-1644
-1651
-1592
-1532
-1404
-1174
-914
-642
-402
-203
39
288
489
670
789
840
887
873
860
902
934
988
1001
995
1156
1555
1967
2343
2542
2645
2928
3198
3475
3562
3377
3138
2814
2397
1980
1598
1347
1117
672
183
-91
-76
86
121
-12
-91
-28
-1
-63
-139
-143
-72
-232
-593
-834
-861
-742
-758
-997
-1128
-1090
-962
-828
-765
-616
-406
-300
-339
-395
-340
-194
-152
-331
-572
-756
-867
-939
-1020
-1091
-1121
-1184
-1236
-1195
-1044
-792
-626
-543
-457
-333
-148
8
118
181
181
119
66
30
-12
-67
-167
-286
-424
-553
-597
-578
-600
-673
-757
-795
-794
-828
-914
-1024
-1114
-1214
-1342
-1479
-1557
-1555
-1540
-1556
-1555
-1461
-1282
-1034
-825
-638
-427
-227
37
274
437
603
720
825
849
828
883
967
1056
1089
1078
1129
1226
1523
1928
2288
2569
2605
2765
3015
3273
3480
3360
3148
2860
2476
2097
1732
1469
1260
912
453
76
-44
76
155
73
-80
-72
1
-45
-119
-192
-122
-160
-485
-759
-875
-807
-765
-962
-1118
-1133
-1051
-923
-875
-758
-562
-438
-446
-535
-485
-338
-278
-414
-650
-822
-926
-1005
-1078
-1135
-1135
-1161
-1218
-1167
-1025
-758
-562
-459
-324
-200
-42
56
117
236
276
189
79
-28
-44
-41
-137
-253
-402
-495
-534
-559
-570
-641
-716
-823
-898
-928
-1013
-1100
-1219
-1337
-1431
-1567
-1634
-1621
-1585
-1544
-1536
-1457
-1276
-1050
-817
-652
-485
-260
-3
226
368
527
706
828
869
887
961
1071
1153
1198
1210
1244
1322
1517
1889
2203
2476
2590
2620
2807
3039
3295
3326
3070
2784
2519
2192
1838
1542
1352
1118
681
222
24
90
195
170
-4
-118
-75
-53
-81
-147
-178
-136
-274
-581
-780
-774
-682
-751
-973
-1072
-1002
-906
-845
-768
-607
-445
-423
-510
-497
-370
-290
-360
-568
-753
-857
-973
-1055
-1071
-1098
-1127
-1224
-1264
-1104
-903
-719
-633
-581
-453
-319
-208
-120
-11
104
98
-21
-120
-83
1
-72
-235
-409
-494
-509
-569
-609
-666
-723
-773
-859
-902
-921
-959
-1045
-1190
-1288
-1352
-1397
-1401
-1415
-1387
-1391
-1370
-1239
-1070
-858
-694
-544
-333
-139
92
300
450
631
748
814
851
904
1029
1111
1128
1124
1144
1227
1354
1654
2001
2294
2493
2512
2672
2936
3198
3385
3236
2965
2722
2435
2139
1787
1502
1288
922
444
83
17
136
185
46
-139
-136
-63
-66
-122
-184
-170
-228
-482
-732
-816
-774
-755
-910
-1088
-1122
-1056
-941
-830
-714
-571
-484
-479
-485
-407
-320
-320
-451
-649
-795
-902
-960
-990
-1031
-1097
-1170
-1189
-1059
-857
-713
-602
-526
-397
-265
-185
-86
-1
57
28
-86
-175
-176
-137
-160
-304
-465
-536
-531
-555
-640
-695
-743
-796
-870
-958
-967
-1003
-1091
-1200
-1313
-1341
-1351
-1359
-1366
-1365
-1327
-1272
-1175
-1046
-878
-677
-532
-390
-219
-17
209
366
509
642
752
844
914
1029
1145
1218
1244
1244
1298
1405
1644
1983
2262
2452
2465
2536
2803
3079
3299
3228
2973
2747
2477
2192
1878
1579
1363
1037
580
208
69
160
219
97
-98
-163
-107
-103
-158
-232
-249
-279
-496
-747
-872
-857
-805
-918
-1097
-1136
-1073
-923
-804
-740
-622
-523
-480
-492
-485
-409
-374
-451
-640
-801
-885
-919
-922
-956
-992
-1031
-1039
-933
-774
-632
-505
-438
-351
-260
-196
-115
-51
1
-5
-108
-184
-183
-134
-122
-257
-411
-474
-512
-566
-655
-720
-765
-846
-945
-1021
-1023
-1010
-1066
-1195
-1289
-1288
-1240
-1225
-1259
-1276
-1237
-1184
-1140
-1060
-895
-705
-569
-476
-341
-115
143
328
444
565
702
806
874
966
1088
1176
1172
1145
1179
1316
1606
1921
2199
2345
2363
2502
2783
3114
3306
3215
2994
2750
2489
2202
1902
1661
1421
1037
547
194
125
194
188
16
-173
-203
-197
-212
-244
-273
-230
-302
-530
-712
-776
-702
-700
-862
-997
-1043
-978
-881
-810
-717
-600
-542
-558
-549
-477
-355
-311
-433
-585
-695
-770
-790
-812
-837
-905
-1025
-1014
-898
-763
-638
-574
-488
-396
-323
-238
-156
-52
10
-19
-106
-145
-83
-41
-104
-263
-386
-430
-499
-597
-675
-747
-816
-925
-1030
-1054
-1052
-1060
-1119
-1209
-1252
-1254
-1225
-1206
-1206
-1202
-1205
-1169
-1101
-986
-835
-698
-564
-434
-277
-92
94
268
444
597
687
772
878
1005
1119
1131
1105
1112
1131
1290
1574
1856
2120
2201
2257
2476
2781
3130
3253
3139
2963
2726
2460
2164
1900
1680
1369
902
425
179
165
195
128
-34
-121
-89
-87
-106
-151
-149
-135
-331
-577
-722
-711
-631
-760
-980
-1075
-1036
-932
-874
-801
-661
-532
-508
-546
-487
-358
-259
-265
-425
-546
-641
-733
-736
-795
-845
-908
-1014
-974
-858
-702
-583
-561
-500
-406
-318
-255
-185
-97
-72
-140
-238
-210
-116
-132
-245
-402
-506
-537
-613
-699
-763
-845
-912
-1025
-1116
-1116
-1102
-1104
-1174
-1248
-1252
-1223
-1207
-1224
-1220
-1200
-1175
-1157
-1107
-962
-821
-723
-606
-444
-232
-46
83
259
484
653
755
821
937
1107
1181
1149
1125
1155
1337
1634
1881
2100
2219
2352
2636
2936
3235
3409
3377
3223
2969
2680
2428
2195
1934
1566
1078
600
336
274
245
147
-19
-107
-122
-159
-197
-222
-201
-218
-398
-659
-795
-756
-683
-766
-984
-1108
-1072
-959
-871
-821
-738
-621
-562
-577
-569
-491
-359
-342
-477
-612
-692
-734
-795
-852
-865
-891
-962
-990
-902
-751
-618
-562
-542
-490
-413
-322
-234
-164
-131
-120
-152
-183
-154
-124
-134
-239
-378
-448
-487
-541
-638
-758
-842
-914
-1000
-1056
-1077
-1107
-1174
-1246
-1255
-1213
-1203
-1245
-1258
-1233
-1194
-1174
-1149
-1039
-892
-778
-669
-529
-314
-79
87
227
392
582
766
872
934
1023
1123
1143
1112
1085
1214
1541
1787
1968
2049
2145
2442
2765
3090
3303
3299
3196
3000
2726
2460
2220
2000
1690
1183
657
371
303
287
166
-35
-129
-121
-137
-174
-199
-178
-153
-279
-502
-644
-642
-561
-617
-805
-944
-957
-854
-740
-662
-585
-502
-445
-437
-440
-396
-309
-265
-331
-466
-573
-622
-645
-694
-781
-850
-864
-849
-833
-826
-797
-705
-636
-645
-654
-598
-488
-414
-448
-476
-421
-344
-306
-340
-381
-371
-366
-422
-557
-651
-662
-697
-829
-972
-1007
-973
-1016
-1133
-1226
-1230
-1184
-1191
-1222
-1236
-1226
-1170
-1121
-1108
-1069
-989
-871
-758
-673
-523
-308
-90
81
220
381
568
765
919
1027
1093
1136
1162
1171
1166
1296
1554
1782
1971
2014
2087
2370
2740
3115
3270
3212
3152
3023
2790
2498
2242
2047
1717
1182
665
397
367
335
164
-76
-195
-167
-157
-193
-236
-228
-219
-376
-585
-691
-653
-555
-637
-830
-945
-935
-817
-721
-660
-585
-502
-464
-456
-406
-337
-284
-305
-394
-468
-525
-594
-611
-646
-697
-751
-806
-726
-656
-664
-694
-687
-605
-565
-614
-645
-566
-449
-422
-465
-456
-337
-196
-204
-288
-277
-226
-221
-358
-526
-554
-584
-698
-877
-1006
-1002
-1020
-1116
-1212
-1258
-1218
-1189
-1229
-1264
-1274
-1259
-1245
-1249
-1209
-1115
-1034
-988
-885
-714
-526
-347
-192
25
253
417
583
764
955
1098
1096
1047
1042
1067
1227
1435
1620
1820
1898
1990
2234
2599
3027
3247
3211
3113
2999
2832
2588
2315
2073
1752
1252
721
412
347
335
186
-55
-155
-113
-72
-105
-161
-104
-75
-235
-464
-574
-495
-418
-540
-725
-805
-759
-683
-654
-580
-467
-353
-308
-321
-243
-127
-46
-99
-215
-271
-298
-333
-439
-544
-612
-701
-736
-715
-693
-662
-694
-725
-706
-672
-613
-599
-574
-532
-528
-542
-542
-465
-372
-363
-413
-440
-398
-369
-425
-506
-596
-670
-762
-885
-937
-978
-1044
-1144
-1250
-1272
-1266
-1283
-1338
-1389
-1368
-1351
-1363
-1363
-1275
-1132
-1086
-1061
-933
-701
-437
-288
-168
56
313
527
658
789
967
1117
1151
1079
1031
1045
1186
1402
1543
1724
1829
1920
2160
2461
2888
3167
3149
3070
2946
2782
2564
2264
2019
1726
1239
713
384
315
329
201
-61
-193
-130
-75
-103
-182
-155
-41
-152
-402
-526
-462
-327
-428
-687
-775
-693
-570
-544
-543
-435
-301
-241
-267
-226
-70
54
12
-122
-173
-140
-145
-255
-400
-488
-535
-610
-689
-744
-782
-806
-854
-894
-884
-803
-734
-720
-685
-605
-496
-413
-374
-336
-303
-297
-288
-320
-403
-498
-547
-601
-755
-903
-956
-921
-936
-1070
-1184
-1170
-1096
-1109
-1215
-1306
-1320
-1312
-1377
-1486
-1487
-1375
-1282
-1276
-1264
-1081
-789
-525
-324
-142
111
408
665
835
979
1130
1265
1284
1169
1082
1080
1070
1142
1284
1488
1749
1796
1916
2247
2675
3117
3242
3165
3099
2974
2737
2386
2038
1771
1408
832
308
69
86
97
-106
-334
-291
-116
-49
-100
-156
-18
92
-78
-327
-418
-325
-295
-516
-768
-814
-728
-664
-680
-645
-501
-352
-280
-235
-118
44
147
83
-15
-64
-102
-176
-320
-462
-595
-720
-831
-900
-930
-955
-995
-1011
-988
-931
-844
-741
-621
-544
-453
-337
-231
-124
-112
-121
-103
-136
-234
-401
-511
-549
-650
-824
-955
-943
-859
-894
-1022
-1049
-959
-887
-974
-1120
-1189
-1190
-1259
-1443
-1586
-1568
-1457
-1440
-1476
-1370
-1067
-729
-518
-339
-24
387
709
887
1024
1230
1406
1402
1272
1169
1167
1133
1044
1044
1191
1440
1613
1719
1949
2333
2794
3075
3131
3101
3029
2882
2574
2168
1812
1475
1025
482
72
-60
-70
-159
-338
-398
-265
-112
-72
-117
-78
52
67
-81
-249
-290
-240
-329
-538
-694
-716
-653
-650
-638
-566
-416
-267
-162
-55
50
170
206
194
171
99
-44
-218
-375
-524
-706
-907
-1023
-1072
-1123
-1202
-1247
-1152
-1001
-895
-818
-706
-526
-358
-278
-245
-191
-128
-117
-173
-280
-363
-442
-573
-703
-822
-896
-911
-903
-875
-873
-878
-855
-849
-861
-908
-995
-1081
-1197
-1329
-1458
-1559
-1571
-1537
-1500
-1453
-1302
-989
-669
-400
-152
148
534
829
1012
1164
1307
1433
1432
1324
1234
1201
1189
1094
998
1060
1234
1451
1570
1719
2050
2433
2722
2820
2840
2884
2831
2583
2208
1861
1590
1237
768
342
87
-24
-135
-256
-321
-232
-94
-51
-52
-51
46
134
54
-103
-212
-255
-309
-458
-590
-630
-643
-649
-663
-626
-491
-360
-244
-171
-128
-40
49
115
104
8
-144
-331
-486
-642
-806
-958
-1093
-1180
-1269
-1319
-1273
-1190
-1068
-961
-859
-709
-553
-382
-251
-177
-114
-80
-76
-101
-161
-219
-311
-429
-538
-625
-684
-740
-752
-745
-758
-791
-787
-747
-741
-816
-931
-1011
-1075
-1172
-1320
-1445
-1480
-1453
-1441
-1441
-1320
-1045
-734
-520
-339
-68
312
663
861
1000
1141
1303
1373
1307
1223
1188
1174
1103
947
862
1002
1189
1353
1450
1609
1935
2249
2480
2583
2619
2631
2559
2330
2035
1749
1519
1251
850
469
262
223
170
57
-29
20
145
155
102
103
202
292
197
3
-90
-78
-77
-206
-388
-448
-431
-431
-508
-549
-466
-332
-270
-319
-340
-283
-215
-225
-323
-418
-507
-632
-770
-911
-1023
-1087
-1145
-1225
-1310
-1333
-1273
-1185
-1149
-1122
-1012
-869
-735
-651
-558
-417
-306
-251
-238
-220
-184
-202
-291
-406
-485
-519
-580
-667
-732
-749
-736
-748
-734
-701
-678
-699
-786
-849
-878
-930
-1009
-1084
-1122
-1114
-1113
-1082
-950
-734
-501
-326
-148
108
400
640
811
951
1096
1211
1215
1166
1129
1144
1136
1021
886
872
962
1046
1114
1214
1409
1593
1713
1850
2021
2186
2245
2180
2060
1947
1805
1641
1422
1172
940
727
575
453
385
346
314
262
212
208
240
285
263
193
106
44
11
-13
-69
-177
-265
-350
-411
-457
-496
-498
-502
-543
-596
-612
-582
-503
-457
-483
-555
-608
-620
-646
-728
-829
-896
-986
-1107
-1224
-1273
-1265
-1285
-1327
-1324
-1249
-1101
-937
-831
-729
-593
-454
-344
-307
-288
-247
-251
-340
-467
-563
-604
-640
-711
-789
-826
-791
-714
-671
-667
-633
-575
-545
-573
-641
-676
-677
-707
-772
-830
-811
-716
-593
-494
-402
-240
-34
172
338
491
673
819
909
950
968
1032
1065
1052
1004
936
924
935
953
951
968
1051
1147
1251
1363
1494
1644
1738
1796
1844
1862
1859
1812
1728
1582
1404
1250
1115
980
825
671
570
494
425
360
327
350
374
367
325
271
273
282
231
115
2
-70
-161
-282
-429
-519
-553
-615
-722
-824
-827
-749
-700
-714
-745
-711
-668
-681
-737
-799
-832
-884
-1006
-1155
-1264
-1290
-1308
-1376
-1450
-1444
-1322
-1188
-1094
-1007
-859
-694
-589
-547
-495
-415
-365
-385
-464
-527
-542
-568
-609
-660
-697
-685
-641
-594
-564
-552
-518
-466
-440
-453
-477
-477
-470
-476
-517
-555
-520
-443
-374
-341
-279
-138
18
153
264
377
530
663
753
805
855
939
1007
997
943
935
986
994
946
911
950
1010
1024
1041
1113
1239
1331
1377
1418
1491
1585
1632
1622
1591
1567
1517
1429
1320
1221
1114
978
829
697
600
519
466
447
439
427
419
422
440
459
458
403
302
176
36
-119
-298
-467
-612
-747
-888
-986
-1020
-988
-934
-920
-908
-861
-778
-724
-749
-791
-817
-868
-993
-1162
-1266
-1309
-1385
-1505
-1585
-1544
-1453
-1361
-1279
-1175
-1029
-863
-706
-617
-560
-495
-423
-431
-515
-558
-553
-554
-621
-700
-715
-668
-600
-554
-500
-429
-324
-236
-198
-171
-149
-101
-73
-95
-124
-135
-115
-99
-104
-101
-49
30
86
149
233
350
457
518
571
625
693
747
777
784
776
800
823
828
812
799
833
851
856
872
903
963
970
959
979
1030
1068
1079
1082
1087
1106
1102
1098
1091
1086
1064
1012
952
894
848
800
755
697
628
601
565
531
494
470
454
387
310
248
182
100
2
-107
-218
-329
-428
-510
-572
-622
-661
-718
-748
-751
-755
-760
-774
-776
-790
-824
-882
-944
-986
-1027
-1083
-1149
-1184
-1188
-1171
-1149
-1153
-1142
-1072
-982
-933
-912
-853
-771
-733
-741
-736
-705
-683
-692
-711
-716
-688
-650
-628
-622
-611
-567
-504
-464
-448
-405
-338
-275
-250
-231
-165
-94
-56
-40
-4
62
120
154
172
221
273
306
325
336
374
399
412
418
432
473
516
551
557
572
631
694
735
761
811
885
921
937
963
999
1044
1055
1048
1051
1066
1087
1084
1062
1048
1066
1078
1048
1004
976
970
968
944
917
883
873
877
843
802
755
733
695
599
492
395
331
244
126
11
-74
-121
-196
-284
-331
-347
-368
-432
-483
-485
-491
-538
-634
-714
-764
-820
-912
-1019
-1086
-1119
-1172
-1267
-1329
-1302
-1254
-1251
-1271
-1230
-1129
-1078
-1088
-1090
-1038
-983
-993
-1029
-1034
-1000
-963
-972
-990
-938
-846
-793
-786
-756
-663
-572
-529
-507
-455
-373
-326
-307
-276
-203
-109
-44
-3
54
150
236
290
337
375
403
430
453
462
462
469
484
478
470
468
495
531
536
517
512
542
581
591
586
617
665
703
710
720
776
836
878
886
909
983
1057
1077
1058
1066
1098
1096
1044
974
949
947
905
832
766
740
718
684
637
598
589
589
567
503
458
447
433
373
278
214
167
117
40
-43
-103
-152
-207
-275
-335
-370
-405
-450
-493
-532
-557
-606
-675
-745
-801
-837
-903
-978
-1034
-1058
-1079
-1129
-1163
-1158
-1135
-1126
-1139
-1122
-1073
-1035
-1009
-993
-954
-915
-899
-883
-865
-829
-803
-786
-773
-761
-733
-705
-669
-632
-595
-542
-482
-408
-333
-248
-146
-48
49
138
224
295
339
387
404
406
393
380
351
307
288
281
278
260
267
313
368
402
433
480
527
542
533
532
541
542
516
482
481
510
533
550
588
664
760
842
891
946
1019
1075
1090
1068
1045
1027
987
920
841
795
758
700
637
592
568
537
497
461
432
398
361
310
248
191
137
75
16
-36
-82
-135
-187
-225
-250
-262
-272
-281
-300
-309
-306
-315
-349
-391
-412
-434
-489
-561
-624
-669
-714
-770
-832
-882
-903
-909
-922
-937
-923
-883
-840
-821
-800
-753
-707
-675
-664
-647
-624
-620
-633
-651
-660
-659
-660
-648
-613
-568
-518
-454
-366
-284
-196
-104
-12
64
114
161
206
238
237
216
200
186
159
126
129
144
148
152
171
206
247
277
292
303
309
314
302
270
242
217
192
159
135
156
199
241
281
342
436
531
600
655
723
785
792
775
771
766
743
696
653
627
608
585
565
553
552
557
553
532
498
475
455
423
366
297
247
208
153
96
43
-2
-39
-73
-106
-127
-128
-125
-128
-146
-155
-151
-152
-166
-184
-198
-216
-233
-267
-302
-338
-367
-396
-448
-487
-508
-524
-542
-551
-557
-553
-534
-531
-512
-492
-472
-466
-459
-454
-459
-464
-486
-497
-519
-530
-535
-538
-537
-519
-466
-405
-353
-301
-228
-153
-84
-33
10
59
87
94
88
69
63
50
17
-14
-38
-44
-43
-41
-28
-9
21
45
56
68
84
92
80
56
31
16
10
-12
-31
-10
13
43
100
167
250
320
386
462
533
577
613
633
638
633
625
625
600
577
560
550
533
522
535
529
505
471
448
432
394
339
285
237
183
131
73
41
27
1
-30
-56
-77
-83
-87
-98
-106
-119
-132
-138
-143
-152
-158
-164
-173
-191
-201
-201
-210
-229
-256
-277
-294
-316
-341
-348
-350
-360
-354
-340
-326
-306
-300
-295
-279
-266
-268
-280
-287
-299
-312
-331
-345
-350
-353
-342
-324
-288
-243
-204
-148
-83
-17
41
75
106
133
146
133
107
87
63
35
-1
-21
-29
-32
-26
-17
3
37
53
57
60
62
58
43
28
5
-22
-47
-69
-78
-71
-57
-35
-2
40
82
129
183
224
267
304
331
348
358
369
374
373
362
357
360
359
346
342
348
347
332
301
284
271
243
204
163
125
81
37
-1
-41
-78
-106
-136
-168
-193
-208
-209
-205
-204
-199
-189
-177
-171
-153
-131
-113
-103
-107
-102
-93
-96
-96
-93
-90
-89
-93
-90
-85
-75
-76
-82
-77
-77
-75
-78
-82
-95
-110
-117
-129
-148
-156
-165
-183
-196
-199
-205
-210
-198
-182
-162
-145
-115
-78
-38
6
40
74
105
133
149
146
144
144
141
115
86
71
53
39
39
39
50
65
78
83
80
82
84
76
57
30
6
-21
-53
-73
-81
-90
-96
-86
-65
-38
-15
15
54
87
117
138
158
186
202
209
198
201
213
212
204
190
192
188
182
170
157
151
139
125
108
92
75
56
22
5
-12
-35
-56
-82
-97
-116
-135
-150
-156
-156
-161
-175
-177
-170
-161
-160
-165
-159
-151
-142
-137
-135
-129
-118
-114
-107
-100
-89
-78
-74
-72
-71
-70
-68
-66
-69
-78
-92
-94
-100
-115
-125
-136
-139
-154
-158
-156
-154
-144
-138
-120
-101
-77
-48
-19
15
46
78
110
136
159
177
186
197
204
205
214
215
216
212
211
225
236
233
229
231
234
221
196
179
156
125
82
37
9
-11
-33
-53
-62
-56
-44
-37
-28
-11
8
22
27
24
20
13
6
-7
-23
-27
-26
-28
-25
-15
4
29
36
39
49
56
60
49
33
18
-7
-35
-59
-80
-79
-90
-103
-103
-103
-96
-95
-89
-78
-69
-71
-80
-83
-83
-79
-82
-89
-91
-93
-88
-85
-77
-60
-47
-34
-22
-11
2
10
18
23
19
8
7
7
1
-8
-22
-28
-37
-47
-60
-71
-80
-91
-98
-115
-125
-131
-128
-117
-110
-104
-97
-84
-62
-43
-21
3
22
36
41
49
64
79
89
94
98
101
107
112
120
131
133
131
131
130
129
131
125
116
114
106
90
75
65
56
44
29
13
4
1
-5
-3
-5
7
19
22
31
41
58
68
66
72
77
74
73
65
63
64
56
53
51
49
51
53
56
59
58
52
40
34
24
8
-10
-26
-44
-67
-88
-107
-117
-125
-133
-140
-142
-142
-134
-125
-123
-116
-114
-113
-109
-109
-103
-105
-107
-96
-88
-82
-75
-59
-39
-29
-22
-8
6
20
20
13
6
-1
-10
-30
-45
-61
-81
-89
-100
-105
-106
-103
-93
-82
-76
-68
-57
-47
-35
-23
-10
-4
10
20
27
41
47
61
65
74
83
87
100
108
116
121
129
133
133
133
131
128
125
120
117
111
101
92
82
74
71
68
72
76
75
81
86
88
89
87
84
79
75
69
62
47
26
11
-8
-26
-40
-50
-54
-59
-61
-58
-47
-34
-25
-19
-12
-3
8
6
3
-9
-21
-33
-55
-73
-94
-109
-123
-127
-124
-122
-116
-113
-99
-86
-77
-69
-72
-69
-69
-70
-75
-79
-85
-85
-84
-90
-86
-73
-55
-35
-22
-3
23
48
64
74
80
84
83
71
58
39
21
-1
-28
-52
-71
-79
-89
-98
-98
-95
-86
-74
-63
-53
-43
-38
-24
-22
-19
-12
-8
6
14
16
29
49
70
84
99
122
146
168
180
185
188
185
184
179
168
152
137
127
116
106
98
95
94
89
91
95
100
101
96
96
94
82
69
55
38
20
-7
-31
-52
-79
-97
-115
-125
-135
-147
-151
-152
-140
-136
-129
-120
-115
-104
-95
-87
-79
-78
-76
-76
-79
-75
-76
-79
-77
-73
-64
-53
-48
-42
-38
-32
-29
-30
-35
-43
-44
-56
-64
-72
-78
-84
-92
-93
-88
-79
-68
-57
-46
-27
-9
3
12
18
24
30
35
36
34
31
24
19
17
18
17
16
19
25
31
39
49
62
66
67
65
67
66
60
58
57
61
60
55
58
70
85
93
100
109
120
132
136
134
131
117
104
94
82
73
67
62
61
62
68
76
78
79
84
86
88
86
81
70
58
47
35
28
16
0
-15
-26
-33
-47
-64
-77
-91
-103
-114
-116
-117
-120
-122
-122
-114
-110
-108
-106
-98
-94
-93
-94
-100
-97
-104
-108
-110
-112
-102
-97
-92
-84
-77
-69
-63
-56
-47
-46
-51
-59
-61
-63
-64
-64
-64
-65
-63
-57
-45
-32
-20
-15
-3
7
10
11
5
0
-6
-12
-19
-24
-27
-28
-25
-21
-16
-3
6
13
19
21
25
31
39
43
43
49
52
56
56
52
59
65
70
77
79
90
103
108
115
115
119
122
123
126
124
124
120
117
115
116
120
120
123
124
124
128
129
132
133
131
130
128
120
114
112
109
105
93
80
66
54
41
17
-9
-30
-46
-58
-79
-93
-104
-111
-117
-121
-125
-129
-128
-124
-125
-128
-133
-133
-135
-134
-136
-140
-136
-138
-137
-136
-137
-133
-132
-130
-125
-124
-126
-125
-120
-116
-116
-112
-105
-100
-100
-101
-98
-94
-87
-79
-79
-79
-75
-68
-56
-49
-44
-45
-43
-38
-36
-31
-27
-27
-21
-18
-10
-9
-4
7
10
13
12
13
19
24
25
27
34
45
55
63
69
82
100
115
127
132
146
163
174
177
181
187
193
193
193
193
195
196
193
186
175
166
162
159
152
142
140
145
151
153
148
146
144
138
132
119
103
92
77
60
45
25
13
1
-16
-31
-51
-65
-73
-85
-103
-124
-137
-148
-157
-167
-173
-177
-179
-181
-176
-172
-169
-164
-158
-156
-158
-155
-151
-145
-140
-135
-126
-115
-104
-97
-86
-78
-69
-60
-56
-49
-47
-46
-48
-49
-47
-51
-58
-57
-48
-50
-52
-47
-36
-32
-35
-30
-27
-31
-35
-35
-35
-39
-40
-40
-39
-36
-35
-29
-21
-16
-9
-1
4
15
25
28
32
39
47
51
52
61
69
74
79
90
95
97
106
124
131
130
131
135
140
139
135
127
120
115
110
107
103
97
93
90
90
93
95
98
99
98
95
93
98
98
97
89
83
73
64
60
54
48
41
30
19
4
-6
-16
-32
-50
-70
-80
-90
-100
-104
-109
-114
-120
-126
-127
-128
-130
-132
-138
-142
-148
-146
-141
-138
-133
-124
-114
-106
-99
-87
-74
-55
-46
-38
-26
-22
-16
-13
-14
-10
-8
1
13
19
22
16
18
23
26
36
30
24
16
7
13
11
8
-1
-10
-12
-15
-22
-26
-29
-32
-41
-43
-36
-39
-34
-34
-34
-32
-31
-22
-15
-14
-12
-8
-1
7
15
20
24
40
49
53
56
62
74
77
76
82
89
97
99
98
98
97
99
103
98
94
93
91
87
78
74
73
69
68
67
64
62
61
64
66
57
49
45
39
28
13
-1
-8
-20
-30
-36
-45
-51
-54
-60
-65
-71
-79
-82
-89
-93
-98
-100
-97
-99
-99
-101
-100
-98
-94
-94
-93
-88
-84
-77
-70
-66
-59
-51
-36
-23
-23
-17
-4
4
10
11
14
21
20
18
19
21
21
27
36
41
42
50
55
59
63
65
63
54
40
32
25
15
2
-11
-23
-37
-47
-47
-48
-55
-61
-60
-61
-65
-61
-62
-59
-62
-61
-54
-47
-44
-40
-30
-21
-15
-10
0
13
23
30
40
54
67
76
89
106
116
122
124
132
141
141
136
132
131
124
118
116
121
118
115
114
113
106
101
100
94
84
68
50
36
18
-4
-22
-37
-55
-76
-94
-108
-114
-124
-134
-136
-141
-139
-145
-150
-148
-149
-154
-159
-162
-169
-167
-166
-163
-152
-147
-139
-128
-115
-97
-81
-68
-55
-44
-36
-26
-17
-10
2
14
24
31
40
45
52
59
64
76
81
91
99
106
111
115
123
123
124
123
118
113
93
80
76
70
60
44
36
28
14
5
0
-9
-22
-29
-30
-32
-40
-41
-40
-39
-35
-33
-30
-29
-25
-17
-12
-9
-4
5
16
24
30
32
39
42
45
48
51
57
53
51
52
57
62
58
57
60
68
68
70
74
67
65
64
64
59
48
41
30
18
7
-4
-11
-24
-37
-48
-58
-65
-73
-72
-78
-82
-83
-82
-83
-91
-96
-98
-102
-111
-121
-127
-128
-135
-138
-134
-134
-133
-128
-117
-105
-93
-83
-70
-64
-59
-49
-48
-42
-37
-38
-33
-30
-26
-20
-11
4
17
21
29
48
61
68
73
83
90
93
94
94
97
94
89
86
80
79
78
78
76
74
68
72
72
65
56
55
54
47
37
26
24
23
19
17
16
13
13
13
16
18
19
23
20
22
24
25
31
37
39
39
44
51
51
51
53
54
55
50
46
45
42
46
48
47
43
39
43
44
42
43
41
35
25
18
8
-3
-9
-20
-33
-36
-45
-50
-52
-66
-71
-75
-79
-82
-91
-97
-105
-112
-122
-132
-139
-145
-151
-154
-159
-159
-158
-155
-153
-150
-146
-137
-137
-133
-127
-124
-116
-112
-101
-88
-84
-75
-62
-48
-38
-26
-9
4
14
25
39
53
64
73
86
98
111
120
128
138
144
144
148
149
149
143
138
137
131
127
123
119
118
110
104
101
92
83
72
65
58
50
36
22
12
3
-5
-8
-6
-12
-12
-16
-16
-15
-15
-10
-9
-2
-1
-3
-1
1
3
5
5
11
13
11
9
10
15
12
13
16
19
22
25
30
35
36
33
38
34
32
30
22
18
14
7
2
-5
-12
-14
-17
-16
-23
-24
-22
-25
-32
-41
-46
-56
-68
-87
-98
-109
-118
-128
-137
-136
-138
-137
-135
-134
-135
-136
-135
-136
-134
-132
-130
-128
-125
-116
-110
-105
-96
-85
-77
-68
-61
-50
-41
-39
-34
-25
-13
-3
8
16
24
39
51
63
76
86
92
96
103
107
110
116
116
120
123
129
136
141
144
144
138
138
139
134
129
119
104
98
90
85
76
70
73
67
66
65
64
65
60
56
52
47
48
39
31
24
18
11
5
3
6
5
-1
-4
-2
-4
-6
-14
-19
-20
-26
-31
-32
-28
-27
-29
-28
-24
-26
-27
-27
-29
-34
-38
-36
-37
-40
-42
-45
-41
-42
-47
-52
-55
-59
-65
-71
-76
-81
-89
-94
-96
-102
-102
-104
-105
-101
-102
-101
-101
-101
-100
-102
-97
-96
-94
-92
-93
-87
-84
-81
-76
-69
-60
-48
-39
-28
-18
-6
6
17
25
33
43
45
51
57
63
64
64
66
69
76
77
83
88
90
95
97
101
107
107
103
102
105
106
99
92
89
85
82
76
71
68
64
61
62
60
59
56
51
50
50
46
43
41
37
35
34
35
34
27
24
25
19
14
9
8
5
-2
-4
-5
-4
-10
-13
-16
-11
-16
-23
-23
-26
-26
-32
-41
-42
-45
-47
-47
-54
-52
-49
-55
-56
-58
-57
-57
-66
-69
-70
-77
-83
-94
-97
-99
-102
-102
-102
-98
-95
-95
-90
-86
-78
-77
-72
-70
-66
-61
-63
-59
-53
-51
-50
-45
-42
-37
-31
-30
-23
-20
-12
-5
3
10
18
32
34
38
48
58
64
63
68
73
72
70
69
71
70
69
68
70
76
75
77
78
77
84
81
77
77
72
73
66
61
60
54
53
49
50
52
51
51
49
50
47
42
37
28
27
19
12
4
3
5
6
4
3
7
6
7
5
4
3
-3
-4
-6
-5
-4
-3
-5
-5
-5
-8
-5
-6
-7
-12
-13
-13
-14
-13
-14
-12
-13
-14
-14
-14
-15
-18
-30
-32
-34
-44
-51
-64
-71
-77
-87
-94
-96
-92
-94
-93
-92
-90
-89
-87
-84
-77
-72
-70
-70
-67
-62
-67
-69
-64
-63
-57
-57
-53
-44
-40
-29
-23
-16
-3
6
13
19
19
23
31
31
36
41
41
46
43
43
48
47
48
46
51
56
55
58
59
61
68
65
65
69
69
67
65
63
63
59
56
53
54
51
51
52
54
57
55
57
59
65
71
71
73
67
64
60
56
54
49
44
35
31
26
29
29
31
33
30
25
22
26
26
24
19
11
4
-3
-9
-15
-15
-24
-35
-46
-55
-56
-61
-62
-66
-69
-74
-84
-84
-81
-79
-80
-88
-93
-92
-97
-101
-100
-98
-97
-98
-104
-103
-96
-93
-86
-88
-85
-79
-79
-76
-79
-71
-64
-62
-58
-54
-46
-42
-39
-32
-24
-22
-25
-25
-20
-19
-20
-16
-10
-3
-3
-1
8
17
21
20
22
29
31
31
34
38
44
48
53
57
59
65
66
68
70
73
81
80
85
89
89
92
89
95
102
107
105
105
109
109
106
105
107
99
89
87
81
79
76
72
69
64
60
55
54
53
48
46
47
46
44
43
42
39
34
26
17
8
0
-5
-13
-20
-24
-31
-32
-37
-45
-48
-51
-56
-60
-68
-70
-70
-77
-82
-92
-94
-100
-110
-110
-114
-117
-121
-125
-125
-129
-131
-133
-130
-130
-131
-129
-131
-122
-115
-113
-106
-103
-95
-91
-85
-76
-67
-63
-61
-53
-46
-35
-29
-22
-9
-6
-2
2
12
21
21
27
31
35
41
43
47
56
61
61
64
67
75
80
83
88
90
90
93
98
101
101
98
97
94
91
88
87
85
83
78
74
73
70
70
70
74
76
76
78
74
73
71
67
64
65
60
54
49
48
47
43
38
32
28
25
24
23
21
20
19
11
10
12
7
6
0
-2
-5
-7
-12
-18
-19
-25
-28
-31
-32
-36
-40
-42
-48
-48
-49
-49
-54
-60
-61
-64
-69
-74
-79
-81
-85
-88
-95
-104
-101
-107
-109
-109
-110
-106
-110
-108
-104
-101
-98
-102
-94
-96
-92
-88
-86
-80
-78
-68
-67
-63
-57
-54
-45
-44
-39
-33
-27
-21
-21
-13
-9
-4
0
7
13
17
27
30
36
43
45
53
56
64
67
65
71
74
79
79
82
81
86
87
83
89
89
90
87
85
90
89
90
88
86
86
83
77
75
76
74
72
65
61
64
61
62
59
56
55
53
53
52
54
54
51
45
41
37
40
42
38
35
31
29
23
19
20
13
7
4
-2
-6
-9
-14
-14
-19
-20
-22
-27
-32
-35
-42
-45
-51
-56
-59
-69
-76
-78
-84
-85
-91
-93
-93
-96
-98
-98
-96
-98
-99
-98
-97
-99
-104
-102
-102
-98
-98
-98
-96
-97
-91
-89
-86
-79
-74
-75
-73
-68
-63
-57
-50
-42
-35
-31
-25
-15
-6
0
1
10
20
23
25
28
33
34
35
36
41
45
45
48
48
53
54
54
56
59
61
62
68
72
72
71
74
81
84
83
85
88
90
87
85
89
87
85
83
84
83
79
77
78
77
78
78
77
79
76
72
70
66
64
64
60
54
48
45
40
34
31
32
29
18
13
12
10
4
-4
-10
-18
-25
-34
-42
-46
-51
-55
-59
-63
-69
-74
-78
-81
-83
-86
-93
-96
-98
-106
-105
-104
-101
-100
-103
-99
-95
-97
-93
-87
-83
-83
-84
-81
-76
-74
-73
-69
-65
-61
-60
-58
-51
-48
-44
-40
-36
-30
-27
-25
-19
-16
-10
-7
-4
0
4
7
13
16
15
17
18
22
27
31
34
35
40
40
40
42
43
47
48
51
52
53
59
60
61
60
59
61
62
60
61
62
63
62
63
62
63
61
56
56
53
51
49
47
46
46
48
48
46
45
49
45
40
41
40
37
31
27
31
28
24
20
20
16
9
9
11
6
-2
-5
-6
-6
-11
-11
-13
-18
-17
-20
-23
-21
-26
-28
-30
-33
-33
-37
-40
-40
-41
-41
-42
-46
-46
-49
-52
-52
-54
-55
-64
-64
-64
-67
-63
-63
-62
-63
-59
-54
-59
-62
-60
-55
-54
-53
-48
-46
-40
-38
-36
-30
-24
-21
-17
-15
-12
-7
-7
-5
-5
-4
-3
-2
-1
5
6
5
8
15
20
21
23
28
33
33
34
40
43
45
46
50
55
55
54
53
57
60
60
56
52
53
49
46
42
38
37
31
33
34
30
32
29
31
31
24
22
21
19
18
16
16
15
11
10
10
11
11
6
4
0
-2
-6
-6
-4
-10
-11
-14
-16
-13
-14
-12
-12
-15
-12
-14
-13
-13
-15
-16
-19
-19
-18
-18
-18
-20
-19
-17
-17
-17
-19
-19
-19
-20
-21
-22
-21
-20
-21
-20
-21
-25
-26
-27
-26
-28
-32
-35
-39
-38
-38
-37
-35
-39
-40
-37
-33
-30
-31
-30
-26
-27
-26
-22
-17
-12
-15
-12
-10
-5
-1
3
8
8
7
10
13
15
18
19
21
23
24
26
24
27
30
33
35
34
38
37
37
39
41
43
40
38
37
39
39
40
36
36
39
37
39
37
34
32
32
34
33
33
27
24
24
23
22
19
18
14
10
10
11
5
4
4
0
-1
-4
-6
-6
-7
-9
-9
-12
-12
-14
-21
-19
-20
-25
-24
-28
-32
-32
-34
-34
-33
-39
-40
-39
-37
-38
-37
-37
-39
-38
-39
-35
-32
-33
-33
-33
-33
-32
-32
-30
-30
-32
-36
-34
-34
-32
-32
-29
-26
-27
-26
-22
-16
-15
-12
-12
-8
-5
-6
-4
-1
1
2
3
9
13
16
16
20
27
31
30
34
35
36
36
39
42
41
43
42
43
47
47
46
49
50
51
48
46
44
39
38
33
32
27
24
23
19
20
16
13
13
13
8
1
0
-3
-5
-10
-10
-9
-9
-9
-9
-8
-6
-4
-5
-5
-5
-7
-7
-4
-3
-4
-5
-5
0
1
4
4
6
5
4
3
2
2
-4
-6
-8
-9
-9
-12
-10
-9
-8
-9
-11
-12
-15
-18
-23
-28
-31
-39
-42
-46
-46
-44
-47
-49
-46
-44
-44
-45
-44
-44
-43
-48
-51
-49
-47
-46
-47
-45
-41
-37
-32
-29
-25
-20
-17
-12
-10
-1
4
6
11
14
21
23
24
31
32
34
35
39
43
43
42
42
43
47
50
53
52
51
51
53
54
51
50
46
47
41
39
35
34
35
32
29
26
27
27
25
24
23
23
23
19
19
16
12
10
7
10
7
7
9
7
5
2
1
4
4
0
-6
-7
-7
-8
-7
-11
-10
-11
-12
-13
-11
-14
-15
-17
-20
-21
-26
-30
-30
-31
-33
-35
-35
-32
-31
-29
-30
-30
-32
-33
-33
-37
-37
-37
-37
-37
-40
-37
-37
-36
-36
-34
-34
-33
-29
-26
-27
-27
-28
-27
-26
-27
-23
-19
-19
-16
-14
-11
-12
-11
-8
-7
-4
-3
1
3
3
5
5
10
12
16
16
18
21
21
23
23
26
29
28
30
34
35
37
41
42
43
43
42
42
43
42
38
36
32
33
35
32
31
31
34
33
34
36
36
36
35
37
36
29
25
24
23
23
24
23
22
19
17
20
19
17
12
9
6
5
4
0
-2
-4
-6
-7
-10
-11
-10
-13
-9
-11
-13
-18
-23
-22
-25
-26
-29
-31
-35
-38
-35
-35
-37
