SAMPLES:	20767
BITSPERSAMPLE:	16
CHANNELS:	1
SAMPLERATE:	16000
NORMALIZED:	FALSE
1
0
0
0
0
0
0
0
0
0
0
-1
1
-1
0
0
0
0
0
0
0
0
1
0
1
0
0
0
1
-1
0
0
0
0
0
0
0
0
0
0
-1
0
0
0
0
1
1
0
1
0
0
0
0
0
0
0
0
0
0
-1
-1
-1
-1
0
0
0
0
0
-1
0
0
0
0
0
-1
0
-1
0
1
0
0
1
0
0
-1
1
0
0
1
0
0
0
1
0
0
0
0
0
0
0
1
0
-1
1
1
0
1
-1
-1
-1
0
0
-1
-1
0
-1
-1
0
-1
-1
0
0
0
-1
0
0
0
1
0
-1
0
-1
0
1
0
1
-1
0
1
0
0
0
0
0
-1
0
0
0
0
0
0
0
0
0
0
0
0
0
0
0
1
0
0
0
0
0
1
1
1
0
1
0
2
2
2
2
2
2
3
3
3
3
3
4
4
4
3
3
3
3
4
3
3
2
0
-1
-1
0
0
-1
-3
-5
-7
-7
-6
-5
-6
-9
-13
-12
-11
-7
-8
-10
-13
-14
-12
-10
-8
-9
-12
-12
-10
-7
-5
-5
-5
-5
-4
-1
1
2
3
3
5
6
9
9
10
11
11
14
14
15
14
14
16
16
15
14
12
12
12
14
13
10
8
5
5
6
5
2
0
-3
-3
-2
-1
1
-3
-6
-10
-8
-1
3
2
-4
-10
-8
0
8
8
0
-7
-6
1
11
13
5
-5
-12
-4
8
11
2
-14
-18
-11
-3
-1
-14
-26
-29
-26
-21
-21
-29
-40
-43
-40
-34
-36
-42
-52
-53
-45
-37
-38
-39
-46
-42
-37
-34
-11
-6
0
3
-10
3
23
57
81
71
59
54
73
112
148
151
136
109
114
151
180
202
173
135
123
135
169
170
147
113
81
77
86
85
63
27
-7
-25
-37
-43
-58
-96
-117
-136
-146
-156
-178
-200
-215
-224
-207
-217
-244
-253
-260
-222
-209
-203
-204
-225
-207
-170
-128
-100
-100
-106
-94
-66
-7
46
40
33
26
64
122
142
156
130
119
140
162
181
170
152
133
114
115
123
103
71
45
26
22
-12
-33
-50
-79
-89
-118
-137
-160
-176
-173
-188
-217
-222
-211
-197
-193
-209
-209
-186
-136
-94
-106
-122
-99
-7
96
123
84
46
99
245
381
400
323
260
297
438
572
608
520
403
387
489
619
648
535
382
326
388
479
463
330
192
123
136
149
99
5
-107
-173
-201
-225
-270
-341
-422
-476
-498
-508
-543
-612
-651
-647
-631
-633
-660
-667
-650
-607
-578
-582
-527
-504
-312
-312
-364
-349
-301
-29
76
133
17
-38
88
301
475
492
425
310
326
463
667
724
568
417
348
494
597
584
446
247
249
254
290
222
94
21
-57
-83
-135
-180
-228
-325
-377
-412
-405
-458
-530
-559
-548
-521
-530
-597
-643
-576
-483
-422
-455
-490
-464
-397
-274
-115
-85
-125
-196
-85
227
378
397
219
181
416
702
889
767
599
581
731
996
1114
1036
827
693
763
955
1080
967
698
462
505
666
722
531
208
69
93
151
87
-104
-281
-395
-433
-455
-492
-605
-752
-829
-831
-789
-845
-947
-1018
-1012
-907
-879
-914
-976
-970
-825
-705
-675
-668
-679
-566
-442
-306
-32
-118
-191
-183
36
433
560
488
293
261
538
879
945
850
676
618
729
866
1027
946
682
538
509
681
743
620
346
112
150
236
224
18
-199
-302
-302
-330
-405
-470
-619
-698
-747
-742
-722
-834
-858
-909
-894
-828
-831
-862
-898
-832
-744
-660
-626
-565
-524
-502
-354
-264
-102
-71
39
233
236
314
386
559
751
867
921
894
846
1010
1211
1298
1329
1198
1113
1104
1175
1345
1280
1115
922
762
823
869
827
600
318
229
207
144
73
-82
-281
-435
-509
-514
-576
-710
-825
-923
-976
-968
-1011
-1058
-1088
-1108
-1072
-1066
-1073
-1049
-1019
-916
-857
-835
-793
-700
-554
-458
-418
-337
-215
-106
185
205
115
194
384
735
837
760
593
546
840
1180
1228
984
711
647
847
1078
1115
867
460
306
384
596
613
291
-86
-350
-278
-103
-131
-444
-795
-914
-829
-719
-824
-961
-1116
-1244
-1142
-1051
-995
-1132
-1259
-1142
-1082
-960
-897
-920
-942
-886
-674
-453
-365
-353
-282
-244
-63
209
373
527
597
602
636
739
1163
1407
1391
1291
1224
1393
1561
1771
1859
1702
1522
1443
1504
1650
1654
1490
1218
1009
961
975
892
756
470
222
119
43
-46
-256
-429
-553
-750
-882
-943
-984
-1058
-1232
-1329
-1376
-1384
-1355
-1386
-1414
-1396
-1403
-1358
-1302
-1233
-1177
-1137
-1022
-930
-855
-729
-600
-501
-393
-245
-129
-4
13
387
510
505
486
460
938
1075
1164
918
769
966
1240
1394
1176
936
792
895
1013
1056
906
552
349
230
402
433
191
-156
-559
-496
-394
-336
-605
-1030
-1130
-1036
-907
-1018
-1167
-1236
-1332
-1278
-1197
-1069
-1132
-1234
-1164
-1090
-884
-790
-773
-830
-733
-429
-232
-176
-193
-121
86
318
495
577
537
718
971
1081
1104
1157
1303
1414
1525
1591
1643
1537
1513
1618
1719
1775
1596
1376
1242
1276
1433
1317
1024
718
565
611
619
479
160
-150
-280
-268
-360
-468
-647
-894
-1037
-1113
-1044
-1063
-1222
-1336
-1433
-1400
-1338
-1302
-1300
-1354
-1354
-1288
-1205
-1092
-1020
-992
-898
-789
-716
-597
-472
-322
-222
-176
65
107
190
289
393
556
645
837
772
705
732
933
1079
1117
1032
822
750
800
1012
1011
814
593
397
416
449
476
325
-1
-206
-299
-246
-274
-392
-646
-868
-924
-873
-809
-912
-1095
-1209
-1174
-1075
-1047
-1098
-1118
-1164
-1107
-960
-878
-850
-873
-773
-654
-553
-392
-299
-221
-158
-19
175
326
408
495
534
683
1044
1142
1074
991
1146
1472
1604
1622
1543
1416
1433
1634
1782
1751
1565
1349
1290
1300
1411
1411
1106
818
611
671
734
572
307
-41
-168
-112
-185
-400
-630
-762
-830
-927
-1006
-1039
-1172
-1282
-1277
-1308
-1257
-1329
-1399
-1350
-1346
-1221
-1205
-1248
-1163
-1143
-966
-810
-773
-736
-732
-544
-293
-192
-170
-2
-13
195
300
332
566
564
747
657
663
821
863
964
950
865
774
754
824
901
799
661
547
376
433
394
329
159
-165
-199
-269
-250
-347
-620
-781
-877
-847
-814
-908
-1043
-1179
-1181
-1096
-1052
-1074
-1097
-1119
-1117
-995
-863
-814
-829
-800
-652
-496
-372
-248
-221
-138
19
186
390
493
563
607
644
986
1287
1293
1147
1084
1349
1665
1800
1747
1548
1432
1591
1781
1891
1777
1536
1372
1284
1404
1464
1328
1051
743
608
623
635
497
153
-164
-263
-218
-333
-567
-776
-866
-930
-1066
-1131
-1210
-1277
-1349
-1413
-1389
-1384
-1426
-1453
-1457
-1375
-1301
-1282
-1254
-1219
-1117
-978
-872
-807
-743
-678
-492
-370
-227
-86
-154
44
123
332
496
483
525
535
655
798
932
853
824
787
869
907
863
903
772
661
590
570
606
427
268
96
-10
-45
-135
-255
-478
-613
-708
-726
-775
-883
-952
-1079
-1128
-1082
-1061
-1028
-1146
-1170
-1113
-1050
-916
-872
-860
-826
-796
-594
-431
-366
-244
-197
-46
68
202
396
523
604
692
720
947
1277
1317
1282
1183
1349
1675
1816
1852
1685
1564
1651
1813
1993
1922
1685
1499
1404
1474
1567
1464
1183
876
690
706
683
557
280
-102
-284
-298
-301
-464
-745
-929
-1045
-1103
-1144
-1204
-1301
-1426
-1506
-1508
-1479
-1487
-1507
-1500
-1496
-1461
-1423
-1350
-1235
-1193
-1126
-1044
-943
-829
-757
-643
-494
-424
-188
-106
-147
-6
123
349
490
532
527
437
552
822
899
884
775
697
695
758
916
905
652
452
417
487
504
349
148
-82
-175
-139
-194
-368
-587
-724
-773
-777
-803
-908
-1058
-1133
-1069
-1023
-1002
-1089
-1151
-1085
-944
-844
-819
-858
-825
-682
-501
-313
-299
-292
-193
29
239
354
405
540
631
778
939
1065
1348
1365
1329
1317
1478
1798
1942
1933
1798
1671
1731
1931
2060
2075
1846
1601
1477
1519
1679
1625
1329
978
741
744
771
685
389
-31
-264
-282
-276
-442
-713
-946
-1047
-1179
-1248
-1266
-1353
-1461
-1628
-1680
-1594
-1586
-1630
-1694
-1670
-1586
-1593
-1571
-1474
-1385
-1332
-1256
-1148
-1036
-934
-842
-695
-581
-457
-125
-214
-132
-14
41
452
572
633
416
349
631
918
1052
928
713
566
691
902
1053
912
560
410
373
565
590
386
103
-200
-156
-129
-140
-336
-597
-750
-781
-702
-756
-900
-1055
-1066
-1003
-992
-983
-1076
-1097
-994
-904
-791
-842
-863
-738
-584
-399
-315
-333
-258
-56
164
326
388
497
607
717
879
1088
1385
1472
1331
1296
1469
1845
2124
2047
1832
1672
1745
2069
2228
2176
1903
1602
1543
1631
1817
1753
1396
980
742
788
910
783
376
-91
-311
-241
-215
-443
-810
-1057
-1108
-1144
-1249
-1390
-1535
-1608
-1671
-1700
-1717
-1736
-1769
-1798
-1736
-1668
-1646
-1636
-1577
-1451
-1348
-1242
-1146
-1071
-970
-855
-646
-478
-260
-224
-292
-182
116
491
576
479
272
354
664
1049
1101
814
608
605
900
1075
1083
880
556
474
575
779
701
338
40
-123
-8
85
-88
-466
-716
-730
-653
-666
-832
-1021
-1155
-1164
-1086
-1057
-1087
-1192
-1302
-1199
-1088
-912
-883
-1029
-909
-774
-550
-426
-423
-278
-110
75
178
259
451
696
793
850
957
1257
1628
1579
1387
1438
1768
2221
2316
2081
1859
1877
2167
2394
2380
2216
1965
1783
1806
1947
2001
1760
1288
984
978
1061
1012
613
142
-121
-169
-114
-319
-692
-964
-1149
-1177
-1238
-1402
-1537
-1740
-1867
-1849
-1843
-1823
-1961
-2123
-2015
-1904
-1805
-1820
-1900
-1744
-1587
-1464
-1362
-1302
-1141
-1057
-878
-669
-449
-356
-312
-304
-146
250
478
600
330
303
516
842
1100
1008
843
672
774
1043
1155
1051
845
680
581
681
787
697
383
34
57
99
118
-94
-411
-564
-628
-546
-599
-794
-954
-1083
-1105
-1053
-986
-1047
-1208
-1281
-1239
-1009
-926
-918
-1014
-989
-756
-606
-462
-457
-296
-144
-27
155
290
483
554
703
888
1245
1411
1294
1219
1307
1878
2229
2171
1871
1661
1869
2246
2474
2405
2070
1787
1750
1909
2126
2054
1651
1180
972
1091
1244
1067
634
90
-140
-20
22
-201
-656
-1007
-1091
-1125
-1167
-1277
-1510
-1719
-1909
-1902
-1742
-1743
-1910
-2092
-2079
-1869
-1795
-1805
-1773
-1699
-1576
-1485
-1384
-1214
-1082
-962
-760
-660
-540
-357
-117
-45
-29
143
448
627
546
525
577
853
1011
1080
994
842
921
1034
1110
1073
956
859
703
661
754
691
446
171
58
63
2
-132
-318
-599
-712
-703
-657
-803
-1060
-1173
-1179
-1153
-1152
-1189
-1272
-1341
-1357
-1214
-1121
-1066
-1096
-1082
-954
-792
-626
-524
-381
-318
-137
57
301
399
478
676
998
1370
1293
1265
1274
1636
2130
2297
2174
1896
1908
2195
2539
2650
2525
2168
1902
1957
2244
2404
2103
1561
1215
1167
1360
1352
1002
491
69
2
33
-21
-365
-767
-1048
-1196
-1253
-1306
-1405
-1621
-1910
-2084
-2037
-1914
-1920
-2057
-2185
-2193
-2121
-2010
-1895
-1821
-1760
-1739
-1663
-1454
-1213
-1014
-988
-857
-550
-444
-229
-118
4
266
508
630
569
543
791
1111
1168
1081
973
1010
1169
1272
1256
1114
933
919
894
918
847
667
414
168
198
246
89
-230
-471
-536
-523
-597
-763
-936
-1077
-1126
-1142
-1196
-1222
-1311
-1359
-1363
-1391
-1351
-1306
-1238
-1210
-1188
-1076
-976
-873
-754
-552
-349
-297
-172
41
337
422
537
739
1136
1468
1309
1276
1337
1864
2351
2373
2089
1825
2013
2428
2701
2616
2364
2053
1980
2143
2336
2338
1933
1440
1240
1265
1449
1272
811
327
57
130
101
-150
-557
-854
-998
-1104
-1254
-1370
-1492
-1679
-1879
-2000
-1985
-1942
-2022
-2126
-2120
-2089
-2068
-2091
-1959
-1758
-1698
-1705
-1667
-1467
-1177
-967
-837
-786
-733
-412
-197
-14
123
227
457
512
567
686
913
1053
1064
944
956
1124
1251
1230
1038
931
946
956
914
832
697
521
329
250
252
220
32
-275
-475
-476
-433
-502
-716
-939
-1048
-1053
-1011
-1053
-1190
-1283
-1317
-1270
-1272
-1244
-1208
-1193
-1199
-1132
-939
-885
-801
-729
-508
-331
-234
-78
88
263
421
628
933
1284
1191
1133
1204
1652
2218
2276
2057
1743
1853
2299
2635
2660
2369
1993
1909
2084
2371
2374
1997
1474
1210
1297
1494
1384
918
411
113
171
178
-10
-416
-792
-961
-1023
-1157
-1315
-1459
-1627
-1814
-1991
-2001
-1963
-2035
-2145
-2204
-2143
-2086
-2115
-2078
-1925
-1743
-1689
-1712
-1589
-1314
-1028
-748
-738
-776
-653
-256
197
324
302
251
389
623
978
1175
1117
962
879
1098
1334
1453
1379
1100
925
922
1137
1211
975
694
475
436
387
369
259
25
-258
-408
-415
-485
-559
-734
-911
-1034
-1148
-1118
-1142
-1219
-1320
-1419
-1393
-1375
-1331
-1299
-1270
-1278
-1252
-1115
-957
-847
-776
-627
-472
-309
-132
82
205
318
542
1012
1326
1130
1044
1193
1795
2265
2299
2016
1735
1923
2400
2748
2676
2400
2062
1982
2135
2438
2511
2079
1493
1219
1393
1611
1433
948
407
192
226
172
-35
-434
-705
-906
-1070
-1229
-1341
-1438
-1621
-1824
-2010
-2019
-2000
-2039
-2126
-2204
-2160
-2152
-2144
-2055
-1890
-1732
-1770
-1773
-1579
-1283
-992
-857
-869
-724
-541
-222
50
164
298
353
507
600
804
1023
1124
1043
931
1036
1233
1372
1268
1075
1002
1007
1016
944
869
783
591
395
264
264
212
60
-243
-413
-466
-501
-560
-785
-915
-1029
-1081
-1104
-1181
-1215
-1289
-1366
-1318
-1340
-1306
-1290
-1275
-1227
-1181
-1012
-929
-923
-814
-572
-379
-264
-239
-61
162
438
653
1026
1061
941
1010
1309
2005
2194
2088
1721
1718
2134
2579
2736
2513
2189
2036
2132
2355
2548
2366
1889
1486
1443
1650
1683
1314
871
435
420
476
317
-85
-505
-608
-681
-840
-1121
-1341
-1451
-1560
-1690
-1809
-1918
-2003
-2086
-2107
-2088
-2023
-2092
-2161
-2084
-1855
-1707
-1749
-1747
-1586
-1306
-1005
-683
-879
-935
-680
-181
282
287
222
97
226
603
1115
1230
962
625
655
1077
1383
1471
1110
660
627
892
1214
1055
595
263
153
339
458
301
-137
-468
-548
-374
-315
-537
-835
-1109
-1102
-969
-931
-1047
-1286
-1431
-1388
-1243
-1125
-1175
-1296
-1330
-1256
-1118
-938
-818
-839
-828
-682
-361
-214
-121
-66
27
329
656
1164
1085
782
810
1348
2127
2333
2019
1618
1637
2115
2788
2895
2530
2060
1934
2243
2550
2723
2433
1768
1414
1521
1880
1907
1375
782
398
490
682
560
41
-477
-706
-650
-651
-846
-1097
-1446
-1671
-1714
-1659
-1656
-1849
-2103
-2184
-2151
-2017
-1975
-2086
-2092
-1965
-1871
-1819
-1806
-1582
-1255
-1124
-1095
-1180
-944
-557
-161
10
-139
-126
93
461
668
808
833
813
749
804
1104
1267
1250
955
719
818
1007
1079
832
505
376
343
345
298
180
-26
-340
-495
-454
-362
-435
-696
-983
-1135
-1008
-899
-897
-1114
-1303
-1336
-1278
-1110
-1063
-1094
-1179
-1261
-1161
-959
-754
-675
-699
-715
-583
-275
-29
-23
3
211
663
1080
856
711
867
1484
2031
2111
1908
1606
1714
2142
2727
2877
2551
2051
1879
2187
2689
2835
2383
1664
1342
1634
2019
1934
1338
691
468
613
721
539
30
-370
-618
-662
-668
-762
-998
-1356
-1629
-1668
-1612
-1634
-1774
-2008
-2077
-2080
-2048
-1999
-1993
-1939
-1910
-1973
-1895
-1722
-1498
-1294
-1171
-1140
-1182
-979
-607
-216
-59
-131
-129
34
334
674
900
820
678
659
871
1171
1232
1151
926
748
813
948
1007
806
492
310
266
298
272
122
-157
-416
-534
-482
-445
-552
-759
-1038
-1097
-1036
-970
-982
-1139
-1292
-1312
-1218
-1127
-1068
-1124
-1118
-1125
-1099
-914
-780
-645
-591
-592
-483
-328
-175
28
186
442
795
661
574
675
1214
1883
1928
1671
1390
1552
2064
2539
2608
2390
2034
1916
2139
2463
2730
2447
1809
1484
1569
1985
2021
1522
975
611
715
832
711
313
-123
-338
-412
-490
-613
-774
-1030
-1281
-1406
-1450
-1470
-1612
-1766
-1799
-1853
-1874
-1949
-1981
-1844
-1730
-1724
-1875
-1888
-1598
-1270
-1136
-1155
-1161
-1106
-846
-505
-114
-31
-144
-166
-20
435
780
886
692
493
644
985
1214
1197
957
758
719
822
951
925
680
383
211
193
316
296
49
-329
-524
-492
-381
-421
-637
-871
-1042
-1014
-945
-942
-1000
-1178
-1229
-1208
-1172
-1056
-1078
-1071
-1087
-1117
-993
-874
-713
-579
-551
-535
-451
-386
-138
162
404
674
430
359
524
1049
1706
1771
1499
1197
1293
1848
2410
2468
2207
1803
1738
2005
2358
2535
2266
1733
1428
1491
1847
1939
1531
1001
634
701
874
782
399
37
-202
-241
-346
-487
-597
-801
-1014
-1178
-1254
-1264
-1356
-1486
-1570
-1679
-1707
-1716
-1706
-1657
-1611
-1604
-1630
-1709
-1562
-1291
-1081
-1073
-1116
-835
-773
-689
-513
-262
78
149
102
-7
125
555
959
898
595
478
682
974
1025
1035
837
541
482
636
872
698
343
56
-45
134
197
70
-328
-612
-572
-431
-407
-638
-864
-965
-946
-894
-923
-1004
-1076
-1126
-1068
-1011
-1009
-992
-1080
-982
-855
-790
-780
-706
-543
-474
-352
-396
-282
-58
264
673
453
215
264
759
1468
1597
1400
1045
1039
1487
2074
2280
2032
1657
1498
1722
2064
2367
2206
1634
1258
1341
1733
1868
1505
1040
676
673
866
890
595
157
-109
-127
-90
-196
-362
-631
-848
-917
-909
-931
-1083
-1260
-1349
-1387
-1398
-1413
-1441
-1435
-1422
-1446
-1486
-1477
-1373
-1124
-1025
-976
-1071
-1089
-848
-577
-236
-250
-396
-424
-193
186
408
390
263
198
321
610
789
770
598
426
455
604
741
682
406
222
152
239
262
189
32
-210
-342
-336
-247
-267
-435
-646
-767
-709
-618
-633
-749
-907
-975
-870
-760
-756
-855
-941
-854
-757
-692
-696
-651
-538
-456
-407
-348
-297
-256
-2
184
545
510
201
195
517
1273
1576
1339
854
757
1231
1903
2126
1829
1430
1241
1485
1845
2086
1991
1467
1040
1061
1461
1750
1429
872
436
453
744
868
587
93
-224
-262
-123
-119
-281
-549
-835
-948
-881
-764
-807
-1051
-1249
-1288
-1213
-1147
-1164
-1197
-1177
-1180
-1191
-1248
-1181
-969
-722
-555
-853
-980
-799
-389
26
-11
-176
-375
-263
187
574
594
309
51
177
548
828
833
475
197
249
530
749
570
224
-22
0
181
211
34
-223
-337
-395
-378
-418
-450
-535
-676
-758
-786
-740
-723
-766
-864
-922
-885
-780
-807
-797
-780
-730
-701
-708
-627
-539
-412
-313
-247
-297
-240
-149
93
284
484
709
420
261
386
998
1604
1513
1028
704
958
1571
2046
1908
1488
1152
1201
1541
1828
1910
1564
1005
814
1069
1469
1428
923
443
257
447
655
562
163
-209
-354
-283
-241
-303
-436
-675
-896
-920
-799
-733
-863
-1060
-1101
-1097
-1063
-1040
-1045
-992
-938
-1007
-1054
-1066
-822
-653
-616
-654
-685
-217
-366
-417
-331
-74
358
204
81
-69
107
399
622
515
289
262
354
492
417
471
436
160
11
13
248
177
-157
-439
-550
-344
-262
-387
-765
-951
-855
-711
-688
-944
-1012
-1014
-1022
-965
-969
-949
-1001
-1040
-923
-826
-831
-738
-775
-663
-496
-468
-398
-312
-142
50
115
59
74
285
739
1266
1066
585
476
972
1923
2133
1907
1296
1107
1517
2251
2673
2314
1752
1355
1565
2000
2456
2286
1533
928
929
1528
1752
1313
693
213
329
541
587
270
-251
-465
-482
-435
-512
-625
-813
-1043
-1201
-1139
-1009
-1072
-1227
-1333
-1328
-1269
-1284
-1211
-1143
-1068
-1037
-1224
-1157
-959
-615
-468
-632
-730
-708
-342
-79
90
-1
-90
-86
78
337
457
548
327
205
220
480
702
566
293
87
126
275
315
142
-112
-258
-331
-327
-435
-499
-527
-717
-899
-1108
-967
-853
-917
-1102
-1348
-1295
-1146
-1027
-1048
-1137
-1263
-1185
-1007
-873
-816
-803
-739
-698
-627
-439
-265
-209
-95
-18
129
292
315
341
576
874
1495
1315
778
721
1221
2267
2438
2006
1345
1263
1812
2557
2748
2355
1747
1425
1662
2098
2493
2184
1387
741
927
1576
1754
1124
292
-64
258
554
481
-72
-615
-722
-655
-520
-608
-793
-1098
-1365
-1336
-1097
-1005
-1177
-1448
-1478
-1347
-1265
-1248
-1237
-1151
-1017
-1038
-1144
-1061
-823
-469
-440
-550
-442
-450
-224
37
160
299
172
195
227
360
677
732
548
320
318
586
718
590
420
167
50
133
223
213
-82
-400
-560
-641
-520
-472
-612
-981
-1295
-1285
-1056
-980
-1165
-1337
-1533
-1491
-1371
-1236
-1161
-1278
-1360
-1330
-1190
-972
-826
-804
-801
-791
-647
-434
-236
-99
-38
47
198
350
529
529
715
879
1385
1730
1296
1039
1063
1979
2656
2538
1897
1459
1695
2369
2928
2760
2209
1627
1610
1966
2385
2476
1858
1003
755
1164
1645
1382
609
-7
-36
214
314
21
-482
-767
-896
-765
-785
-916
-1101
-1360
-1418
-1338
-1301
-1303
-1410
-1479
-1448
-1441
-1382
-1315
-1235
-1067
-1071
-1178
-1156
-907
-556
-375
-502
-678
-468
-185
173
211
107
74
191
546
621
606
508
556
618
645
672
629
543
428
404
344
256
156
41
-55
-190
-297
-468
-621
-677
-708
-822
-1100
-1188
-1232
-1232
-1249
-1362
-1397
-1494
-1501
-1446
-1425
-1312
-1311
-1336
-1330
-1225
-1006
-882
-844
-863
-744
-584
-437
-252
-151
4
154
250
473
523
612
883
1160
1757
1657
1231
1104
1517
2538
2924
2543
1739
1586
2132
2939
3221
2809
2143
1639
1811
2323
2799
2575
1620
831
880
1507
1814
1261
408
-103
-32
185
220
-129
-610
-955
-1069
-981
-994
-1050
-1247
-1570
-1647
-1570
-1459
-1444
-1664
-1679
-1624
-1575
-1502
-1543
-1435
-1277
-1254
-1253
-1200
-972
-716
-678
-779
-649
-377
294
325
-261
-381
-13
984
1287
781
152
-31
583
1310
1432
962
278
139
493
822
1001
680
-31
-510
-333
242
389
-276
-980
-1254
-929
-615
-778
-1143
-1522
-1690
-1508
-1394
-1396
-1473
-1686
-1689
-1705
-1509
-1367
-1428
-1392
-1354
-1209
-1084
-1086
-967
-693
-478
-397
-522
-382
82
518
626
513
337
574
1209
1884
2362
1614
1044
1231
2280
3367
3283
2497
1670
1751
2675
3693
3579
2782
1873
1701
2212
2816
3157
2472
1240
609
1054
1866
1877
926
-35
-450
-235
106
124
-425
-1064
-1544
-1555
-1290
-1173
-1241
-1767
-2204
-2169
-1910
-1658
-1756
-2111
-2170
-2137
-1914
-1720
-1750
-1683
-1609
-1548
-1412
-1257
-934
-700
-737
-697
-505
-193
325
688
262
25
178
943
1519
1329
1043
585
684
1142
1691
1734
1119
585
551
874
1150
1245
713
-36
-326
103
574
112
-611
-1037
-921
-706
-794
-1011
-1389
-1673
-1724
-1513
-1406
-1584
-1780
-1926
-1868
-1703
-1600
-1516
-1606
-1554
-1475
-1345
-1221
-1110
-873
-755
-656
-695
-468
-33
354
397
302
255
622
1214
1797
2166
1436
1073
1331
2470
3415
3126
2314
1720
2067
2976
3734
3453
2659
1940
1994
2525
2939
3011
2289
1288
903
1324
1923
1617
687
-48
-187
43
85
-85
-642
-1151
-1497
-1421
-1235
-1312
-1564
-2057
-2211
-2134
-1998
-1879
-2073
-2185
-2228
-2235
-2032
-1921
-1814
-1769
-1740
-1613
-1463
-1288
-1033
-889
-757
-500
-411
-80
122
86
553
580
741
990
923
1111
1035
1276
1476
1364
1219
1207
1220
1364
1212
1054
996
644
630
575
516
345
-99
-331
-449
-450
-397
-774
-1169
-1395
-1366
-1250
-1342
-1689
-1826
-1862
-1830
-1721
-1797
-1826
-1978
-1878
-1588
-1418
-1569
-1606
-1497
-1157
-792
-806
-773
-811
-402
42
345
366
292
350
818
1350
1945
2180
1449
1238
1532
2773
3600
3240
2251
1720
2309
3377
3823
3324
2617
2061
2207
2561
3004
2934
2179
1173
873
1426
1974
1584
457
-306
-316
119
244
-311
-1069
-1446
-1517
-1303
-1373
-1571
-1869
-2305
-2402
-2249
-1992
-1953
-2345
-2549
-2477
-2279
-1936
-1981
-2127
-2047
-1808
-1535
-1471
-1503
-1135
-852
-636
-471
-531
-96
130
312
568
699
909
1034
971
1124
1398
1614
1680
1274
1244
1373
1623
1684
1271
1008
954
971
980
780
481
234
10
-114
-218
-312
-495
-859
-1190
-1243
-1169
-1198
-1440
-1734
-1845
-1789
-1745
-1735
-1820
-1879
-1923
-1884
-1688
-1538
-1507
-1566
-1559
-1301
-1058
-877
-777
-695
-456
-202
61
266
342
424
892
1250
1919
1795
1313
1373
1849
3052
3331
2860
2132
2009
2729
3622
3712
3205
2516
2193
2447
2811
3243
2907
1903
1060
1141
1907
2141
1256
174
-341
19
407
158
-627
-1292
-1499
-1398
-1283
-1481
-1755
-2235
-2550
-2435
-2188
-2070
-2330
-2702
-2677
-2515
-2267
-2174
-2320
-2299
-2064
-1827
-1747
-1813
-1585
-1115
-835
-762
-745
-594
-161
278
360
476
633
864
1020
1123
1334
1486
1554
1432
1370
1575
1671
1684
1527
1238
1158
1212
1235
988
666
472
396
224
24
-177
-377
-576
-843
-992
-1045
-1204
-1371
-1539
-1619
-1641
-1708
-1841
-1919
-1811
-1739
-1758
-1841
-1743
-1575
-1481
-1494
-1347
-1240
-1031
-873
-748
-446
-347
-142
82
277
414
737
1059
1793
1749
1307
1311
1712
2878
3302
2956
2203
1995
2548
3586
3882
3377
2640
2165
2503
2936
3393
3178
2137
1255
1187
1931
2414
1656
461
-219
34
493
422
-244
-1003
-1446
-1448
-1206
-1257
-1561
-2068
-2545
-2500
-2264
-2150
-2288
-2730
-2797
-2663
-2519
-2340
-2459
-2386
-2223
-2122
-1957
-2022
-1823
-1337
-1126
-888
-989
-947
-389
-123
318
246
375
671
866
953
1086
1381
1520
1653
1305
1401
1422
1684
1814
1455
1261
1031
1057
1105
954
767
425
89
-45
-19
-43
-312
-763
-1054
-993
-980
-1015
-1383
-1676
-1692
-1655
-1531
-1655
-1840
-1839
-1851
-1754
-1589
-1505
-1395
-1512
-1582
-1295
-980
-728
-704
-730
-473
-265
50
228
262
635
919
1600
1669
1192
1194
1729
2832
3278
2890
2135
2055
2571
3575
3974
3484
2775
2154
2512
3132
3602
3417
2251
1273
1368
2156
2555
1814
644
53
188
494
558
-45
-758
-1299
-1453
-1157
-1188
-1406
-1915
-2434
-2465
-2322
-2229
-2297
-2619
-2771
-2746
-2752
-2588
-2489
-2455
-2333
-2419
-2294
-2198
-1989
-1594
-1368
-1117
-1272
-1174
-742
-265
157
95
43
227
733
1102
1122
1053
1097
1417
1490
1551
1546
1544
1491
1332
1374
1400
1339
1032
829
696
645
535
235
51
-154
-227
-443
-698
-762
-879
-920
-1157
-1385
-1425
-1419
-1422
-1561
-1664
-1706
-1613
-1622
-1574
-1490
-1451
-1379
-1484
-1344
-1107
-895
-679
-640
-558
-483
-221
1
260
553
971
1486
1104
959
1136
2044
2966
2913
2469
1925
2170
2956
3745
3729
3243
2575
2460
2768
3264
3765
3201
2112
1385
1749
2618
2545
1626
650
306
529
660
578
38
-584
-1128
-1280
-1140
-1061
-1269
-1925
-2373
-2454
-2228
-2161
-2423
-2659
-2809
-2828
-2789
-2718
-2563
-2521
-2562
-2635
-2556
-2288
-1952
-1776
-1673
-1631
-1454
-1144
-846
-359
-313
-240
-24
311
753
823
833
911
1172
1466
1575
1503
1382
1476
1605
1677
1498
1347
1264
1123
1088
950
793
421
141
139
142
-16
-477
-797
-780
-766
-792
-1007
-1293
-1471
-1466
-1396
-1419
-1546
-1713
-1684
-1702
-1627
-1477
-1449
-1409
-1478
-1397
-1111
-930
-752
-679
-540
-441
-155
-31
208
486
878
1570
1197
985
1037
1916
2946
3006
2537
2019
2159
2858
3714
3789
3434
2707
2473
2753
3241
3727
3285
2287
1579
1744
2479
2509
1749
863
453
566
601
485
88
-310
-904
-1255
-1318
-1185
-1124
-1670
-2251
-2483
-2370
-2246
-2329
-2530
-2694
-2879
-2920
-2751
-2575
-2450
-2567
-2737
-2634
-2349
-1937
-1771
-1878
-1877
-1623
-1202
-540
-342
-452
-721
-482
418
1060
1158
640
398
650
1456
1931
1867
1216
924
1258
1636
1947
1687
1214
799
664
1061
1286
829
147
-267
-44
186
19
-450
-801
-1007
-899
-849
-946
-1103
-1381
-1498
-1517
-1467
-1362
-1448
-1625
-1651
-1581
-1342
-1311
-1336
-1263
-1135
-1012
-887
-751
-373
-300
-201
-120
-151
355
716
1415
1441
836
734
1288
2475
3099
2741
2032
1788
2262
3285
3800
3502
2817
2248
2422
2929
3486
3502
2557
1689
1528
2119
2569
2092
1179
549
517
630
580
244
-186
-630
-1102
-1251
-1202
-1131
-1366
-1997
-2346
-2325
-2247
-2184
-2363
-2572
-2680
-2825
-2714
-2562
-2459
-2405
-2594
-2621
-2358
-2022
-1764
-1782
-1851
-1675
-1256
-1009
-294
-167
-717
-745
-258
934
1287
915
326
238
860
1723
2175
1666
969
799
1354
1838
1969
1773
1029
466
625
1278
1525
717
-118
-381
4
241
43
-419
-898
-1032
-965
-749
-886
-1196
-1455
-1593
-1513
-1397
-1375
-1537
-1600
-1634
-1489
-1379
-1375
-1224
-1255
-1007
-927
-987
-735
-437
-71
-95
-250
-179
322
902
1522
1516
832
666
1267
2682
3254
2763
1954
1720
2343
3341
3922
3496
2704
2177
2468
3052
3488
3378
2528
1628
1491
2075
2535
2039
1076
492
409
516
545
284
-242
-859
-1295
-1199
-1116
-1131
-1513
-2173
-2411
-2402
-2152
-2160
-2531
-2707
-2783
-2708
-2627
-2541
-2427
-2544
-2637
-2498
-2192
-2015
-1927
-1949
-1708
-1350
-1110
-892
-833
-677
-411
-49
276
583
585
548
571
961
1421
1478
1433
1210
1259
1437
1581
1674
1544
1285
1080
1040
1118
1125
912
509
143
73
246
152
-211
-617
-797
-706
-746
-896
-1097
-1249
-1302
-1409
-1364
-1364
-1503
-1524
-1513
-1387
-1376
-1422
-1278
-1145
-1037
-970
-977
-840
-597
-313
-29
-141
-109
18
256
805
1119
1595
1259
865
1079
1811
2842
2953
2406
1798
1918
2573
3414
3488
3017
2440
2106
2428
2816
3203
3016
2084
1286
1291
1983
2348
1628
562
66
234
537
434
-148
-711
-1185
-1250
-1077
-1065
-1259
-1837
-2297
-2301
-2022
-1909
-2189
-2556
-2656
-2581
-2473
-2381
-2419
-2500
-2440
-2297
-2116
-2063
-2031
-1818
-1546
-1248
-1244
-1218
-862
-518
-256
-206
-106
278
610
599
580
759
1065
1340
1288
1195
1197
1309
1403
1421
1407
1315
1096
939
968
1013
928
528
152
84
200
232
-126
-595
-769
-737
-563
-673
-977
-1232
-1366
-1294
-1188
-1161
-1315
-1440
-1557
-1379
-1197
-1174
-1177
-1252
-1101
-960
-832
-595
-579
-468
-247
-46
118
230
266
518
808
1271
1912
1407
1073
1034
1891
3083
3090
2449
1688
1774
2622
3507
3506
2994
2087
1811
2252
2873
3452
2748
1433
856
1301
2272
2161
1030
186
14
360
417
58
-420
-837
-1249
-1274
-1221
-1229
-1444
-2068
-2343
-2240
-2003
-2030
-2433
-2639
-2534
-2465
-2440
-2508
-2471
-2259
-2220
-2262
-2251
-2113
-1680
-1462
-1395
-1450
-1338
-828
-628
-444
-385
-178
232
508
373
345
626
1016
1368
1125
1013
1007
1207
1472
1452
1378
1129
926
990
1103
1184
959
486
169
182
410
475
112
-504
-779
-635
-318
-354
-810
-1142
-1271
-1162
-997
-989
-1087
-1380
-1506
-1350
-1098
-992
-1142
-1279
-1133
-855
-671
-656
-756
-589
-216
114
130
2
195
403
838
1097
1532
1763
1170
1074
1410
2468
3134
2808
1985
1591
2115
3055
3636
3087
2353
1925
2187
2670
2950
2883
2120
1274
1117
1653
2100
1602
651
124
180
298
144
-148
-501
-887
-1257
-1286
-1274
-1371
-1706
-2059
-2155
-2173
-2192
-2328
-2464
-2442
-2463
-2605
-2633
-2466
-2251
-2249
-2397
-2384
-2130
-1857
-1653
-1651
-1490
-1299
-1210
-894
-610
-265
-200
-344
-150
294
783
874
595
461
683
1091
1444
1360
1028
897
908
1187
1364
1328
1006
599
533
694
838
585
167
-85
-72
-43
-246
-440
-538
-679
-762
-838
-858
-924
-1130
-1196
-1117
-1066
-1124
-1217
-1210
-1147
-1154
-1066
-870
-796
-760
-799
-694
-410
-167
80
105
7
270
527
719
989
1108
1822
1665
1224
1318
1801
2909
3043
2573
1979
1936
2529
3315
3355
2893
2419
2087
2320
2549
2932
2839
1903
1155
1143
1793
2106
1363
531
130
174
241
95
-191
-526
-1023
-1433
-1500
-1410
-1280
-1662
-2236
-2482
-2426
-2201
-2236
-2502
-2620
-2714
-2696
-2570
-2491
-2406
-2419
-2401
-2272
-2176
-1966
-1708
-1574
-1430
-1411
-1262
-919
-413
-267
-478
-454
-43
540
753
634
363
425
717
1200
1412
1237
896
633
869
1235
1498
1292
691
397
604
963
937
438
4
-85
49
96
-80
-361
-562
-713
-726
-630
-676
-871
-1147
-1207
-1030
-900
-949
-1192
-1264
-1153
-982
-746
-741
-792
-847
-735
-375
-238
-142
-66
69
224
456
610
655
864
1134
1938
1841
1299
1197
1644
2762
3076
2720
2010
1706
2199
3120
3457
3091
2339
1837
2080
2462
3071
2953
1889
1053
1002
1765
2184
1495
641
18
-28
190
236
26
-533
-1239
-1514
-1387
-1237
-1267
-1809
-2302
-2453
-2320
-2164
-2310
-2545
-2589
-2646
-2717
-2702
-2579
-2343
-2304
-2395
-2405
-2283
-1954
-1694
-1569
-1516
-1543
-1278
-986
-747
-146
-170
-396
-448
-117
610
1029
1003
539
202
323
1163
1731
1572
799
370
665
1153
1571
1449
921
312
164
610
972
883
272
-341
-439
-199
154
-53
-495
-907
-1000
-705
-631
-739
-927
-1140
-1168
-1085
-993
-873
-974
-1065
-979
-877
-668
-605
-641
-439
-369
-260
-23
172
408
440
458
541
871
1239
1932
1892
1295
1128
1523
2752
3163
2799
1988
1644
2108
3099
3584
3104
2309
1795
2101
2529
3000
2906
2038
1141
1022
1697
2163
1641
637
-10
-10
212
290
-33
-577
-1222
-1620
-1486
-1311
-1280
-1739
-2354
-2627
-2487
-2206
-2183
-2440
-2681
-2851
-2873
-2656
-2386
-2295
-2419
-2585
-2510
-2233
-1906
-1643
-1629
-1697
-1601
-1340
-835
-699
-254
-227
-681
-455
-3
885
940
661
221
163
585
1348
1776
1277
619
274
927
1427
1672
1439
723
281
369
968
1218
770
145
-262
-136
3
154
-28
-419
-805
-990
-601
-483
-648
-991
-1195
-1107
-998
-902
-914
-1029
-1116
-1017
-828
-665
-675
-688
-574
-517
-382
-112
209
301
135
180
430
817
1121
1432
1784
1377
1091
1257
2124
2927
2868
2237
1573
1761
2606
3459
3211
2504
1970
2011
2341
2640
2948
2612
1693
984
1236
1966
2072
1252
258
-58
152
390
281
-299
-930
-1473
-1466
-1130
-1066
-1452
-2204
-2630
-2449
-2052
-1971
-2330
-2782
-2891
-2707
-2513
-2321
-2378
-2537
-2581
-2508
-2148
-1925
-1759
-1755
-1811
-1622
-1251
-921
-704
-685
-663
-396
-157
228
303
316
498
647
797
776
851
1123
1260
1226
1043
907
1065
1290
1326
1228
963
676
602
629
932
887
379
-129
-381
-7
260
45
-508
-984
-876
-576
-522
-758
-965
-1141
-1202
-1072
-952
-816
-983
-1195
-1129
-927
-619
-641
-776
-754
-547
-253
-50
95
53
145
273
520
861
1061
1518
1526
1149
1076
1473
2447
2888
2496
1741
1524
2185
3060
3268
2735
2218
1988
2179
2446
2807
2856
2107
1245
1040
1696
2172
1632
578
-69
116
413
354
-167
-805
-1256
-1412
-1194
-1118
-1381
-1999
-2514
-2477
-2141
-1985
-2283
-2772
-2920
-2696
-2490
-2378
-2478
-2588
-2563
-2472
-2176
-1940
-1827
-1847
-1848
-1574
-1311
-943
-724
-636
-565
-576
-170
228
548
523
509
569
734
982
1083
1321
1317
1263
1045
994
1293
1616
1547
1158
889
873
957
996
981
803
354
6
-22
204
274
-52
-501
-842
-745
-541
-495
-776
-1066
-1209
-1212
-1113
-1071
-1015
-1082
-1337
-1411
-1161
-817
-661
-938
-1061
-921
-504
-46
80
-78
-240
-16
366
888
1059
1289
1260
897
1047
1506
2384
2721
2316
1732
1584
2216
3017
3185
2726
2292
2115
2240
2466
2780
2859
2237
1408
1138
1626
2161
1777
826
101
55
352
410
2
-605
-1149
-1424
-1315
-1197
-1286
-1841
-2455
-2587
-2297
-2015
-2235
-2673
-2863
-2802
-2630
-2456
-2365
-2448
-2586
-2592
-2342
-1970
-1748
-1682
-1809
-1621
-1404
-916
-544
-619
-290
-527
-133
297
571
780
558
655
784
1074
1156
1382
1382
1390
1189
1114
1446
1561
1589
1313
1094
1115
950
948
929
909
612
73
-40
70
245
7
-405
-773
-810
-703
-641
-750
-1027
-1227
-1354
-1289
-1181
-1110
-1129
-1419
-1598
-1340
-905
-784
-1089
-1241
-1030
-539
-250
-159
-266
-346
-104
232
711
947
1241
1195
836
937
1496
2400
2673
2297
1708
1662
2204
2947
3257
2777
2342
2064
2209
2529
2880
2964
2250
1363
1169
1757
2262
1809
794
106
120
391
433
24
-607
-1143
-1505
-1371
-1225
-1281
-1773
-2449
-2642
-2395
-2138
-2228
-2568
-2803
-2809
-2775
-2581
-2344
-2338
-2448
-2597
-2377
-1946
-1716
-1585
-1625
-1577
-1278
-818
-515
-407
-359
-338
-36
398
790
805
568
707
1015
1355
1350
1298
1431
1454
1440
1402
1463
1466
1463
1412
1291
1090
870
852
819
786
620
230
-39
-164
-49
10
-298
-714
-964
-910
-767
-866
-1033
-1206
-1402
-1443
-1382
-1229
-1158
-1393
-1494
-1410
-1186
-938
-1112
-1124
-998
-697
-362
-271
-287
-224
-128
189
689
1022
1466
980
696
979
1783
2842
2679
1992
1504
1804
2696
3349
3167
2695
2201
2180
2529
2817
3173
2823
1880
1327
1491
2214
2276
1373
538
181
367
467
260
-151
-651
-1256
-1530
-1389
-1226
-1364
-2056
-2574
-2642
-2420
-2224
-2437
-2676
-2811
-2948
-2892
-2723
-2398
-2261
-2534
-2729
-2556
-2062
-1626
-1529
-1624
-1629
-1490
-755
-377
-338
-354
-464
25
546
898
811
621
688
1128
1375
1404
1399
1403
1528
1323
1384
1544
1505
1447
1268
1213
1103
876
753
701
696
514
175
-172
-283
-239
-144
-345
-874
-1097
-993
-836
-956
-1203
-1272
-1309
-1440
-1397
-1250
-1177
-1325
-1475
-1302
-1073
-956
-1029
-1067
-832
-458
-237
-204
-266
-128
131
549
903
1334
1335
873
899
1400
2503
2954
2514
1748
1597
2406
3323
3577
2977
2445
2264
2518
2816
3089
3161
2425
1572
1316
1914
2440
1862
875
223
287
488
312
-38
-471
-963
-1389
-1546
-1431
-1337
-1732
-2358
-2715
-2608
-2396
-2477
-2708
-2845
-2898
-2975
-2943
-2755
-2523
-2447
-2602
-2637
-2448
-2048
-1696
-1547
-1596
-1546
-1001
-782
-546
-313
-172
103
241
539
769
859
968
1195
1235
1243
1356
1552
1662
1495
1454
1448
1329
1395
1531
1502
1100
686
671
805
841
598
237
-85
-306
-317
-180
-261
-655
-1006
-1092
-1002
-958
-1089
-1232
-1355
-1444
-1404
-1329
-1272
-1328
-1418
-1323
-1164
-1127
-1108
-1064
-856
-565
-465
-328
-308
-125
97
322
667
1008
1454
1288
968
1053
1852
2832
2947
2208
1659
1959
2814
3550
3378
2826
2343
2271
2658
3055
3330
2929
1858
1334
1631
2315
2304
1256
428
268
455
439
28
-364
-715
-1204
-1431
-1455
-1425
-1610
-2158
-2475
-2498
-2426
-2452
-2640
-2762
-2747
-2763
-2830
-2815
-2657
-2434
-2427
-2489
-2370
-2199
-1905
-1683
-1444
-1306
-1328
-1163
-677
93
69
-183
-309
94
925
1237
1243
842
671
879
1437
1829
1847
1464
1030
1037
1345
1816
1773
1213
728
605
868
1014
816
406
-7
-119
-114
-128
-262
-527
-799
-910
-878
-910
-1041
-1252
-1321
-1297
-1344
-1321
-1394
-1346
-1475
-1436
-1277
-1186
-1135
-1244
-1061
-960
-693
-555
-420
-315
-162
46
120
414
880
1515
1335
820
855
1662
2761
2970
2343
1703
1790
2650
3550
3537
2980
2432
2221
2546
3060
3481
3170
2042
1351
1671
2399
2441
1455
629
504
605
458
100
-208
-404
-891
-1339
-1422
-1453
-1498
-1951
-2287
-2295
-2412
-2463
-2687
-2702
-2530
-2683
-2884
-2947
-2683
-2386
-2390
-2480
-2443
-2273
-1991
-1713
-1473
-1352
-1008
-1104
-982
-468
-104
335
158
191
275
615
1027
1302
1291
976
953
1182
1610
1711
1601
1336
1044
1115
1364
1542
1313
886
599
501
639
591
479
105
-243
-400
-389
-257
-512
-817
-992
-1044
-1022
-1162
-1204
-1206
-1285
-1359
-1399
-1368
-1314
-1397
-1337
-1159
-1111
-1125
-1197
-1029
-782
-534
-451
-433
-326
-136
67
385
694
1185
1246
879
784
1264
2386
2848
2402
1694
1629
2234
3176
3427
3055
2547
2132
2332
2725
3246
3232
2383
1500
1429
2062
2437
1835
883
505
575
591
337
-46
-275
-657
-1075
-1215
-1238
-1280
-1676
-2061
-2109
-2058
-2205
-2458
-2577
-2410
-2318
-2561
-2771
-2695
-2365
-2181
-2329
-2378
-2220
-1989
-1785
-1642
-1452
-1184
-1002
-1033
-656
-357
-34
85
62
346
548
883
943
1051
1033
1116
1240
1379
1540
1412
1356
1194
1266
1380
1314
1188
927
801
698
641
577
364
183
-2
-102
-305
-409
-507
-692
-779
-922
-936
-1107
-1244
-1232
-1210
-1181
-1312
-1386
-1383
-1362
-1314
-1158
-1124
-1152
-1219
-1155
-868
-635
-489
-538
-580
-314
-56
235
454
720
1123
894
759
915
1693
2551
2469
1912
1550
1871
2661
3172
3041
2768
2351
2231
2401
2845
3312
2893
1880
1310
1674
2371
2234
1297
639
547
623
487
148
-103
-354
-870
-1127
-1206
-1194
-1377
-1893
-2076
-2088
-2099
-2277
-2557
-2515
-2357
-2434
-2640
-2707
-2509
-2250
-2250
-2325
-2231
-2055
-1823
-1662
-1556
-1279
-1231
-892
-570
-431
-202
-256
133
492
869
885
748
822
1127
1483
1491
1483
1406
1504
1405
1430
1586
1612
1390
1019
1022
1148
1099
793
415
349
309
249
6
-291
-490
-677
-680
-696
-819
-1040
-1281
-1367
-1302
-1260
-1288
-1452
-1535
-1545
-1526
-1394
-1347
-1337
-1258
-1367
-1255
-1152
-910
-611
-655
-613
-519
-265
-51
202
439
1013
1034
688
716
1075
2142
2589
2299
1760
1538
2150
2952
3255
3054
2576
2257
2303
2627
3169
3328
2512
1578
1446
2073
2566
1895
1013
584
628
709
392
93
-132
-566
-1003
-1122
-1098
-1082
-1497
-2014
-2065
-1998
-2005
-2252
-2492
-2346
-2360
-2522
-2604
-2565
-2265
-2210
-2383
-2314
-2159
-1878
-1715
-1725
-1449
-1332
-1080
-749
-655
-361
-386
-169
309
624
726
572
700
1013
1321
1303
1307
1341
1455
1489
1352
1473
1436
1350
1194
1132
1236
1074
783
498
485
561
399
105
-185
-303
-411
-466
-601
-711
-786
-1052
-1181
-1228
-1153
-1115
-1288
-1395
-1421
-1434
-1372
-1353
-1254
-1197
-1292
-1364
-1278
-1001
-675
-581
-701
-727
-548
-127
119
335
454
866
890
701
875
1295
2151
2402
2126
1649
1675
2188
2911
3162
2869
2452
2127
2308
2628
3085
3073
2245
1494
1448
2040
2390
1771
913
454
531
617
439
148
-238
-735
-1096
-1098
-1044
-1112
-1523
-2008
-2122
-2072
-2023
-2165
-2366
-2383
-2464
-2548
-2552
-2403
-2195
-2274
-2419
-2344
-2096
-1781
-1667
-1597
-1446
-1319
-1170
-810
-642
191
318
-346
-304
65
1247
1681
1379
764
383
748
1869
2492
2095
1096
440
1052
1651
2214
2050
1007
173
165
1107
1660
982
6
-624
-358
174
297
-188
-897
-1305
-1139
-661
-666
-1110
-1564
-1594
-1407
-1251
-1280
-1401
-1603
-1659
-1476
-1238
-1143
-1391
-1495
-1193
-915
-731
-719
-711
-570
-280
-61
139
271
692
1232
940
811
832
1672
2590
2488
2008
1561
1906
2621
3151
3141
2750
2318
2201
2429
2867
3222
2794
1860
1440
1715
2300
2155
1309
705
579
669
501
240
22
-336
-850
-1124
-1106
-1002
-1223
-1749
-2028
-2073
-2074
-2128
-2227
-2265
-2392
-2574
-2625
-2507
-2276
-2206
-2381
-2457
-2275
-2000
-1777
-1668
-1596
-1501
-1404
-1072
-722
-75
-47
-508
-405
47
874
1162
1062
809
653
749
1330
1879
1971
1478
840
977
1356
1850
1913
1277
693
545
902
1211
958
534
59
-120
-34
57
4
-318
-796
-1010
-853
-747
-796
-1164
-1426
-1387
-1397
-1301
-1322
-1406
-1457
-1622
-1482
-1305
-1234
-1229
-1288
-1264
-1084
-789
-541
-514
-582
-430
-198
170
622
1129
1024
515
488
1266
2452
2724
2117
1414
1548
2324
3120
3325
2817
2404
2159
2328
2818
3232
3221
2335
1543
1671
2285
2588
1876
1026
772
814
758
560
349
45
-504
-1022
-1045
-871
-851
-1336
-1955
-2124
-2040
-1938
-2059
-2288
-2379
-2503
-2701
-2662
-2371
-2139
-2305
-2612
-2520
-2155
-1897
-1717
-1679
-1638
-1619
-1343
-652
-466
-539
-724
-456
254
716
683
334
385
816
1319
1316
1142
1144
1284
1340
1263
1446
1466
1181
1001
1086
1346
1126
615
338
495
736
519
79
-319
-416
-329
-292
-431
-795
-1091
-1108
-1090
-1033
-1105
-1320
-1441
-1530
-1425
-1254
-1294
-1424
-1505
-1325
-1128
-1178
-1228
-1083
-724
-540
-604
-638
-391
-89
141
446
818
1062
696
573
1075
1926
2598
2330
1713
1516
1994
2818
3248
3038
2626
2227
2236
2638
3100
3334
2720
1764
1525
2049
2638
2324
1374
767
719
888
822
509
155
-266
-798
-944
-845
-787
-1080
-1725
-2015
-1990
-1886
-1969
-2240
-2291
-2354
-2560
-2630
-2501
-2240
-2269
-2507
-2492
-2300
-2097
-1921
-1753
-1610
-1550
-1530
-1331
-860
-629
-170
-8
-293
-349
-185
610
1218
1337
841
280
304
1179
2127
2079
1204
431
685
1334
1846
1920
1262
413
18
571
1358
1244
416
-467
-567
-235
131
76
-448
-1021
-1332
-1046
-735
-817
-1145
-1462
-1528
-1492
-1364
-1239
-1281
-1416
-1508
-1458
-1287
-1240
-1195
-889
-819
-851
-935
-732
-283
-65
0
77
390
908
930
768
898
1408
2210
2436
2085
1684
1820
2492
3178
3179
2828
2409
2343
2660
3018
3325
3010
2215
1713
2083
2660
2545
1690
952
970
1219
1089
615
56
-148
-367
-613
-731
-962
-1162
-1500
-1799
-1833
-1867
-2086
-2307
-2401
-2295
-2356
-2632
-2681
-2556
-2355
-2317
-2527
-2494
-2308
-2139
-1879
-1770
-1627
-1670
-1463
-814
-625
-675
-745
-471
169
483
622
513
369
632
967
1343
1412
1320
1198
968
1054
1548
1803
1325
796
821
1153
1162
890
633
411
257
275
293
81
-316
-587
-578
-428
-534
-864
-1136
-1274
-1165
-1063
-1065
-1311
-1560
-1561
-1346
-1206
-1264
-1382
-1351
-1248
-1263
-1110
-921
-784
-838
-742
-504
-241
-186
-118
164
801
1196
736
475
720
1797
2597
2456
1759
1301
1804
2751
3353
3148
2533
2170
2286
2645
3153
3368
2783
1786
1509
2146
2766
2372
1362
812
896
1092
894
530
234
-123
-616
-852
-718
-669
-998
-1589
-1935
-1833
-1750
-1873
-2116
-2271
-2295
-2479
-2585
-2421
-2229
-2208
-2507
-2605
-2261
-1995
-1898
-1883
-1720
-1551
-1500
-1351
-565
-347
-631
-839
-642
365
836
758
330
193
481
1102
1528
1536
1207
919
958
1151
1713
1859
1269
706
660
1189
1416
930
430
175
347
357
218
-6
-340
-593
-612
-452
-523
-874
-1233
-1275
-1081
-1045
-1223
-1398
-1520
-1486
-1449
-1435
-1365
-1377
-1333
-1351
-1460
-1260
-991
-681
-699
-864
-842
-467
-8
145
297
614
838
581
652
1107
1927
2380
2077
1635
1542
2047
2773
3117
2885
2530
2249
2314
2585
3090
3341
2677
1724
1528
2168
2754
2273
1345
840
858
997
819
607
300
-219
-755
-805
-597
-591
-1056
-1705
-1905
-1791
-1670
-1833
-2171
-2274
-2336
-2449
-2465
-2383
-2222
-2313
-2537
-2434
-2087
-1914
-1976
-1953
-1610
-1472
-1353
-1073
-678
-513
-793
-612
-73
581
597
441
306
472
920
1206
1428
1222
1159
1035
1050
1295
1614
1612
1118
819
930
1194
1091
776
626
442
288
135
129
43
-289
-491
-610
-555
-640
-896
-1064
-1152
-1122
-1125
-1223
-1351
-1466
-1494
-1465
-1400
-1338
-1338
-1434
-1508
-1375
-1113
-871
-833
-934
-851
-600
-272
-136
-35
251
753
917
642
593
998
1898
2391
2273
1689
1401
1886
2773
3348
3034
2397
2004
2169
2705
3326
3315
2432
1516
1498
2319
2789
2178
1182
649
747
979
935
628
67
-504
-834
-745
-515
-669
-1269
-1853
-1980
-1717
-1606
-1864
-2234
-2407
-2364
-2374
-2393
-2308
-2299
-2395
-2492
-2378
-2116
-1978
-1881
-1769
-1645
-1515
-1366
-1149
-859
-646
-56
120
-226
-429
-157
878
1502
1379
592
118
539
1683
2428
1940
922
413
996
1724
2150
1946
1008
235
273
1114
1682
1178
126
-546
-369
132
408
16
-671
-1226
-1217
-702
-620
-859
-1343
-1624
-1514
-1397
-1288
-1304
-1546
-1674
-1657
-1513
-1297
-1439
-1379
-1242
-1068
-993
-914
-720
-564
-417
-283
49
400
858
615
379
621
1337
2243
2314
1757
1312
1557
2381
3195
3170
2625
2121
2201
2679
2998
3221
2946
2107
1640
1938
2622
2606
1682
959
816
1050
1040
713
354
-7
-436
-696
-739
-754
-900
-1423
-1826
-1861
-1798
-1856
-2125
-2263
-2256
-2337
-2408
-2500
-2391
-2180
-2222
-2360
-2349
-2119
-1863
-1744
-1641
-1532
-1477
-1288
-915
-269
-356
-690
-497
7
695
799
620
434
565
915
1377
1579
1439
1201
1005
1123
1387
1808
1699
1065
757
988
1315
1119
727
545
465
344
130
59
5
-226
-540
-694
-701
-790
-958
-1046
-1144
-1250
-1325
-1466
-1417
-1371
-1380
-1505
-1645
-1515
-1316
-1205
-1329
-1438
-1340
-936
-737
-679
-724
-704
-432
-188
179
598
922
605
305
625
1532
2323
2304
1696
1264
1559
2382
3119
3099
2609
2067
2030
2425
2949
3277
2838
1884
1369
1785
2514
2472
1609
844
655
814
882
716
343
-154
-729
-918
-725
-560
-829
-1542
-2061
-2011
-1596
-1510
-1936
-2354
-2378
-2262
-2282
-2259
-2130
-2110
-2287
-2401
-2134
-1806
-1709
-1728
-1661
-1500
-1310
-1058
-751
-385
-315
-407
-466
-93
654
967
869
609
502
772
1260
1651
1741
1375
960
945
1344
1863
1857
1341
804
649
1009
1228
1027
643
229
-7
-52
47
57
-243
-691
-997
-1020
-843
-864
-1062
-1313
-1499
-1521
-1469
-1438
-1409
-1512
-1620
-1646
-1615
-1401
-1367
-1361
-1353
-1272
-1012
-882
-745
-655
-546
-371
-172
124
627
991
705
513
697
1496
2349
2421
1997
1441
1596
2440
3251
3336
2728
2135
2140
2547
3035
3368
2963
2059
1482
1806
2527
2533
1747
908
658
857
900
707
359
-148
-714
-914
-764
-657
-953
-1550
-1919
-1909
-1778
-1855
-2089
-2249
-2305
-2393
-2471
-2448
-2256
-2145
-2332
-2502
-2317
-1932
-1720
-1707
-1688
-1551
-1403
-1176
-886
-591
-43
-6
-344
-353
83
964
1387
1154
659
387
734
1582
2159
1911
1090
590
937
1582
2060
1943
1040
284
343
1059
1446
974
213
-323
-380
-151
166
51
-534
-1283
-1400
-900
-672
-896
-1401
-1619
-1552
-1524
-1454
-1376
-1440
-1548
-1700
-1654
-1425
-1318
-1230
-1236
-1336
-1168
-850
-542
-442
-581
-445
-207
158
755
1128
886
508
574
1443
2506
2644
2053
1340
1520
2534
3379
3370
2636
2144
2253
2571
2955
3262
2997
2188
1559
1756
2427
2509
1755
940
713
920
878
563
237
-97
-557
-895
-902
-755
-923
-1572
-1990
-1943
-1726
-1794
-2143
-2337
-2345
-2352
-2388
-2418
-2289
-2189
-2341
-2432
-2279
-1975
-1760
-1729
-1749
-1582
-1352
-1040
-929
-667
47
-105
-420
-384
234
1208
1312
861
443
446
980
1788
2003
1602
886
680
1188
1673
2045
1678
760
379
658
1292
1292
703
202
-155
-167
-22
108
-72
-606
-1205
-1143
-795
-791
-1073
-1467
-1510
-1460
-1578
-1525
-1446
-1511
-1704
-1861
-1608
-1347
-1403
-1468
-1440
-1338
-1069
-883
-616
-563
-665
-455
-234
192
724
1009
866
471
604
1498
2473
2672
2079
1472
1583
2450
3321
3450
2845
2336
2257
2502
2993
3394
3202
2336
1580
1730
2458
2663
1971
1046
688
763
870
753
419
-97
-682
-1016
-931
-678
-844
-1523
-2100
-2108
-1851
-1803
-2096
-2377
-2447
-2449
-2480
-2515
-2352
-2238
-2366
-2479
-2329
-1928
-1725
-1715
-1706
-1504
-1295
-1016
-925
-219
-43
-543
-385
-180
838
1079
787
520
547
920
1305
1611
1551
1389
977
1080
1282
1702
1864
1186
705
723
1066
1192
769
525
285
90
-108
-121
18
-180
-663
-1077
-952
-878
-922
-1160
-1360
-1374
-1531
-1603
-1506
-1426
-1482
-1698
-1774
-1514
-1372
-1409
-1404
-1446
-1251
-972
-792
-607
-626
-597
-409
-177
304
839
1015
757
373
672
1635
2509
2579
1882
1362
1624
2572
3419
3282
2625
2184
2228
2678
3077
3279
2903
2146
1641
1887
2465
2430
1701
984
767
803
821
603
269
-174
-677
-884
-815
-770
-1047
-1620
-1945
-1937
-1804
-1873
-2188
-2326
-2295
-2343
-2451
-2430
-2254
-2168
-2310
-2386
-2188
-1897
-1722
-1678
-1569
-1344
-1229
-1102
-873
-481
-357
337
292
-246
-93
189
1346
1762
1428
569
142
850
2151
2596
1707
706
445
1274
1781
2066
1882
687
-80
209
1276
1770
777
-421
-986
-419
362
418
-418
-1355
-1689
-1257
-577
-718
-1208
-1868
-2064
-1709
-1414
-1248
-1473
-1903
-2049
-1824
-1306
-1094
-1484
-1716
-1383
-941
-683
-707
-739
-542
-461
-116
342
767
943
496
394
888
1825
2556
2223
1487
1324
1970
2921
3264
2897
2441
2157
2389
2806
3093
3153
2617
1911
1723
2212
2544
2139
1353
944
976
983
740
414
195
-202
-641
-801
-781
-851
-1192
-1635
-1856
-1817
-1860
-2093
-2211
-2194
-2237
-2484
-2602
-2422
-2181
-2076
-2296
-2460
-2253
-1843
-1564
-1548
-1541
-1482
-1357
-1011
-289
-28
-436
-733
-401
666
1212
970
436
245
805
1502
1874
1659
1212
999
1128
1503
1990
2001
1231
654
851
1423
1527
887
421
386
434
327
52
-95
-226
-447
-621
-731
-886
-1085
-1234
-1161
-1131
-1402
-1686
-1830
-1605
-1325
-1441
-1725
-1933
-1779
-1382
-1192
-1338
-1506
-1464
-1088
-704
-603
-548
-646
-606
-152
505
1135
828
111
249
1218
2440
2628
1838
1123
1329
2407
3272
3215
2567
2100
2079
2460
2954
3329
2969
2008
1497
1910
2620
2504
1622
959
898
1040
853
484
322
73
-407
-892
-958
-745
-851
-1388
-1849
-1930
-1820
-1843
-2060
-2203
-2233
-2284
-2484
-2531
-2260
-2030
-2183
-2409
-2302
-1995
-1782
-1652
-1476
-1308
-1360
-1227
-844
-157
-34
-394
-244
16
728
1032
974
800
758
1014
1425
1805
1721
1492
1202
1276
1544
1842
1830
1312
1004
1033
1191
1170
797
655
550
353
49
-102
-93
-223
-496
-766
-842
-1065
-1193
-1218
-1248
-1330
-1597
-1801
-1766
-1711
-1656
-1679
-1803
-1851
-1769
-1659
-1579
-1547
-1365
-1124
-1114
-1111
-973
-601
-336
-183
132
576
562
260
443
1213
2139
2238
1704
1341
1608
2440
3093
3104
2656
2304
2317
2612
3018
3269
3019
2232
1767
2047
2573
2548
1759
1121
1054
1228
1095
613
290
131
-194
-547
-719
-744
-894
-1425
-1771
-1671
-1641
-1870
-2292
-2430
-2182
-2121
-2377
-2639
-2561
-2254
-2202
-2381
-2326
-2108
-1940
-1856
-1667
-1365
-1244
-1359
-806
-334
-322
-362
-409
364
862
860
627
589
884
1418
1619
1528
1456
1307
1472
1451
1764
1964
1506
1064
1021
1499
1601
952
498
509
747
601
212
-63
-228
-433
-522
-399
-590
-943
-1339
-1411
-1179
-1143
-1387
-1661
-1772
-1718
-1699
-1729
-1678
-1673
-1662
-1742
-1836
-1656
-1248
-1016
-1090
-1258
-1172
-654
-278
-143
71
357
439
307
475
1171
1908
2133
1701
1281
1597
2276
2903
3004
2626
2377
2277
2411
2860
3267
3169
2353
1586
1826
2577
2795
1988
1016
869
1177
1210
820
387
122
-243
-613
-616
-588
-801
-1387
-1850
-1784
-1613
-1720
-2138
-2437
-2317
-2206
-2378
-2503
-2451
-2303
-2322
-2466
-2286
-2019
-1921
-1913
-1793
-1406
-1134
-1154
-1066
-808
-255
582
317
-166
-252
385
1573
1995
1584
679
343
966
2312
2782
2088
895
578
1305
1976
2436
1922
766
150
482
1389
1549
705
-196
-551
-246
112
126
-437
-1048
-1387
-1069
-797
-1065
-1417
-1743
-1662
-1575
-1610
-1639
-1746
-1851
-1886
-1762
-1507
-1513
-1780
-1695
-1184
-939
-1008
-1295
-1077
-488
-156
29
183
341
234
345
776
1576
2058
1880
1364
1229
1971
2789
3073
2642
2253
2344
2531
2765
3007
3076
2674
1943
1814
2334
2752
2337
1374
858
1071
1404
1182
495
-22
-176
-241
-368
-557
-828
-1220
-1613
-1754
-1535
-1470
-1845
-2409
-2551
-2147
-1981
-2241
-2527
-2495
-2225
-2150
-2245
-2189
-2025
-1817
-1709
-1588
-1359
-1167
-1097
-841
-648
69
663
-61
-391
-201
990
1981
1799
970
206
467
1583
2733
2498
1404
421
769
1704
2262
2330
1308
205
110
945
1771
1271
94
-592
-402
172
293
-127
-859
-1277
-1244
-749
-666
-1155
-1600
-1841
-1528
-1279
-1415
-1556
-1799
-1835
-1657
-1495
-1356
-1579
-1749
-1372
-988
-1047
-1159
-1169
-751
-398
-324
-116
148
496
406
326
611
1267
1983
2050
1439
1133
1627
2522
3013
2616
2141
2066
2404
2725
2778
2817
2602
2036
1750
2114
2564
2237
1357
845
1082
1356
1086
459
9
-52
-160
-332
-573
-843
-1119
-1387
-1489
-1461
-1534
-1900
-2199
-2100
-1931
-1976
-2221
-2415
-2262
-2020
-1931
-2091
-2147
-1944
-1729
-1595
-1432
-1326
-1228
-1154
-654
30
-233
-543
-432
381
1141
1093
659
466
731
1256
1789
1694
1503
1201
1066
1289
1739
2127
1599
696
584
1159
1562
1157
451
129
120
213
293
124
-294
-758
-1041
-783
-556
-734
-1236
-1636
-1517
-1301
-1303
-1486
-1672
-1691
-1673
-1664
-1585
-1522
-1484
-1423
-1465
-1473
-1251
-962
-785
-836
-882
-674
-379
-17
387
640
473
133
335
1298
2259
2235
1467
945
1437
2564
3209
2855
2179
1952
2278
2711
2918
3011
2633
1907
1568
2009
2687
2410
1384
714
877
1309
1131
531
61
-95
-237
-531
-662
-675
-880
-1407
-1764
-1656
-1440
-1542
-2019
-2217
-2104
-2010
-2124
-2314
-2119
-1922
-2026
-2260
-2208
-1757
-1524
-1566
-1588
-1395
-1230
-968
-591
-227
-318
-594
-231
397
921
842
552
552
858
1259
1565
1511
1323
1232
1168
1433
1676
1762
1416
782
823
1259
1387
936
286
257
411
294
57
-144
-300
-569
-879
-801
-610
-794
-1202
-1510
-1404
-1248
-1311
-1436
-1528
-1601
-1574
-1606
-1508
-1335
-1340
-1352
-1522
-1556
-1154
-679
-609
-901
-1073
-690
-200
160
466
579
323
90
444
1442
2310
2077
1304
961
1571
2605
3068
2690
2141
2026
2285
2531
2748
2969
2696
1962
1494
1828
2506
2441
1516
788
816
1083
959
543
263
98
-307
-755
-764
-526
-665
-1330
-1808
-1648
-1366
-1542
-2016
-2185
-1981
-1890
-2099
-2293
-2117
-1927
-1935
-2112
-2116
-1759
-1583
-1553
-1528
-1416
-1123
-976
-837
-356
-355
-378
-213
219
664
663
577
649
925
1149
1367
1217
1243
1259
1316
1433
1372
1402
1312
995
993
1187
1139
696
255
409
610
346
-113
-284
-279
-317
-607
-729
-678
-847
-1090
-1256
-1244
-1193
-1337
-1386
-1358
-1466
-1552
-1600
-1486
-1198
-1233
-1368
-1510
-1498
-996
-644
-638
-962
-1139
-649
-52
151
313
360
230
229
516
1290
1985
1873
1368
1100
1523
2347
2715
2570
2212
2102
2223
2259
2457
2873
2784
2036
1355
1522
2268
2419
1739
885
696
934
951
635
325
147
-217
-630
-771
-591
-540
-1089
-1639
-1681
-1458
-1406
-1763
-2006
-1941
-1884
-2040
-2222
-2080
-1821
-1873
-2126
-2151
-1780
-1483
-1465
-1516
-1403
-1171
-1051
-851
-553
-363
125
176
-100
-94
184
1048
1552
1370
753
440
733
1615
2164
1837
1124
615
951
1432
1850
1811
976
228
181
828
1321
876
-32
-574
-423
-28
88
-318
-839
-1147
-1082
-808
-881
-1110
-1431
-1626
-1433
-1256
-1280
-1496
-1702
-1615
-1392
-1254
-1316
-1471
-1441
-1096
-838
-859
-1001
-997
-577
-212
-81
127
403
386
267
408
1022
1836
2039
1592
1079
1310
2147
2787
2780
2322
2016
1996
2238
2673
3048
2800
1895
1348
1744
2474
2435
1564
804
822
1166
1079
564
130
8
-152
-412
-597
-680
-908
-1303
-1571
-1478
-1313
-1609
-2120
-2263
-1965
-1716
-1972
-2339
-2327
-2045
-1841
-1929
-2007
-1895
-1757
-1564
-1428
-1239
-1169
-1113
-866
-373
-62
-391
-362
9
753
1016
722
557
692
1134
1493
1609
1376
1229
1086
1376
1695
1844
1588
878
681
1112
1555
1327
457
-3
204
477
481
103
-391
-748
-787
-558
-313
-692
-1308
-1598
-1391
-1037
-1141
-1413
-1616
-1635
-1566
-1539
-1429
-1346
-1365
-1462
-1387
-1240
-1071
-945
-907
-697
-672
-554
-467
-323
154
678
792
338
126
598
1693
2259
1923
1281
1003
1621
2543
2969
2623
2024
1828
2070
2377
2756
2912
2322
1508
1305
1893
2402
1919
1085
683
791
918
556
246
143
-86
-477
-890
-871
-711
-949
-1391
-1652
-1591
-1578
-1829
-2000
-1903
-1820
-1931
-2210
-2240
-1887
-1734
-1923
-2107
-1900
-1553
-1498
-1503
-1287
-1121
-1015
-1078
-359
64
-328
-421
-320
736
1095
836
499
517
930
1343
1604
1457
1354
1032
1135
1371
1800
1866
1096
648
908
1476
1475
728
242
284
543
418
103
-174
-386
-533
-707
-546
-623
-947
-1332
-1468
-1150
-1108
-1320
-1514
-1598
-1553
-1597
-1494
-1380
-1356
-1380
-1391
-1434
-1402
-1031
-689
-567
-884
-1015
-624
-129
213
368
492
318
177
495
1215
1893
1950
1448
1187
1430
2028
2601
2644
2421
2106
1967
2063
2343
2835
2778
2034
1353
1388
2009
2258
1682
956
711
730
716
525
337
173
-349
-803
-807
-632
-672
-1233
-1700
-1643
-1432
-1519
-1927
-2120
-1958
-1832
-1997
-2182
-2084
-1913
-1900
-2058
-1942
-1605
-1520
-1602
-1547
-1186
-934
-926
-898
-698
-299
-162
494
566
61
-29
252
1446
1924
1485
647
366
972
1997
2343
1722
943
643
1102
1476
1938
1857
791
-105
38
1130
1524
545
-504
-783
-278
52
-64
-512
-972
-1265
-1245
-882
-834
-1130
-1536
-1680
-1426
-1272
-1431
-1615
-1613
-1414
-1263
-1355
-1508
-1543
-1111
-571
-616
-1005
-1182
-681
-52
131
137
304
383
295
431
921
1628
1953
1665
1315
1223
1779
2449
2677
2536
2110
1982
1954
2197
2786
2992
2344
1360
1165
1967
2590
2054
1014
533
785
1002
769
436
142
-248
-674
-736
-492
-549
-1131
-1687
-1678
-1381
-1389
-1835
-2168
-2071
-1871
-1923
-2211
-2258
-2021
-1950
-2057
-2038
-1816
-1683
-1725
-1613
-1251
-1032
-1149
-1165
-746
-403
360
112
-399
-164
181
1156
1404
1206
690
458
705
1687
2249
1886
1087
516
1111
1634
2079
1859
855
316
516
1113
1379
857
163
-334
-290
52
306
-125
-815
-1163
-979
-554
-824
-1163
-1355
-1507
-1385
-1322
-1393
-1426
-1609
-1603
-1482
-1331
-1268
-1444
-1503
-1119
-785
-793
-1002
-1042
-535
-181
-130
-188
189
674
732
370
357
1078
1988
2200
1508
1130
1358
2043
2636
2740
2448
1965
1694
2023
2610
3003
2631
1645
1176
1661
2403
2326
1357
661
766
1013
884
460
252
68
-334
-637
-641
-595
-824
-1313
-1595
-1401
-1370
-1746
-2062
-2008
-1700
-1811
-2216
-2313
-2148
-1785
-1806
-2069
-1971
-1833
-1658
-1589
-1434
-1157
-1055
-1077
-822
-467
-259
-271
-279
218
669
656
446
493
805
1205
1307
1262
1249
1150
1122
1266
1527
1539
1149
918
937
1089
1175
808
403
257
411
478
177
-179
-364
-404
-439
-463
-568
-823
-1158
-1266
-1044
-926
-1125
-1481
-1574
-1406
-1296
-1262
-1389
-1376
-1290
-1272
-1173
-1069
-886
-856
-747
-674
-538
-403
-272
-5
365
778
671
231
231
1053
2077
2290
1508
919
1209
2097
2708
2668
2263
1892
1808
2056
2449
2823
2681
1849
1297
1503
2204
2303
1546
849
708
911
809
509
331
115
-262
-678
-773
-620
-644
-1083
-1538
-1586
-1466
-1560
-1896
-1968
-1847
-1865
-2107
-2342
-2144
-1827
-1851
-2077
-2134
-1920
-1719
-1631
-1428
-1217
-1245
-1288
-1117
-669
-324
-317
454
181
-338
-220
292
1613
1741
1070
205
181
951
2135
2261
1398
634
438
1081
1556
2100
1781
414
-338
153
1366
1650
525
-535
-791
-274
178
201
-362
-954
-1311
-1174
-622
-708
-1039
-1462
-1670
-1324
-1194
-1306
-1429
-1554
-1346
-1196
-1267
-1403
-1416
-916
-392
-661
-1050
-1053
-521
167
324
499
373
61
98
806
1763
2207
1655
1018
1052
1660
2698
2885
2402
1882
1861
2223
2446
2700
2812
2366
1636
1423
1985
2522
2220
1251
700
838
1105
1036
538
173
-89
-350
-583
-602
-555
-925
-1506
-1711
-1442
-1364
-1753
-2190
-2272
-1938
-1814
-2157
-2441
-2305
-1983
-1952
-2109
-2017
-1821
-1743
-1701
-1487
-1205
-1127
-1119
-781
-358
-481
-511
-241
372
803
562
242
326
950
1481
1493
1099
889
967
1289
1567
1656
1449
879
571
941
1476
1352
600
95
240
533
468
151
-71
-319
-539
-619
-451
-395
-715
-1127
-1264
-1088
-911
-1042
-1256
-1337
-1346
-1265
-1324
-1293
-1099
-1044
-1102
-1311
-1157
-631
-467
-679
-948
-700
-110
172
225
351
425
316
400
819
1477
1885
1628
1287
1220
1700
2234
2416
2344
2081
2007
1916
2005
2445
2739
2366
1560
1147
1609
2226
2087
1287
566
542
809
791
538
100
-299
-547
-710
-571
-578
-956
-1479
-1727
-1498
-1314
-1545
-1990
-2123
-1889
-1735
-1928
-2150
-2107
-1969
-1869
-1871
-1816
-1649
-1626
-1600
-1403
-1112
-898
-986
-932
-632
-209
655
245
-370
-310
211
1500
1795
1179
333
95
796
2064
2356
1595
624
337
1058
1602
2041
1637
414
-119
298
1219
1371
398
-458
-596
-120
224
75
-601
-1098
-1144
-750
-501
-936
-1268
-1500
-1410
-1149
-1102
-1240
-1470
-1626
-1438
-1128
-995
-1191
-1472
-1157
-680
-560
-819
-996
-661
-141
136
291
386
289
114
395
1087
1853
1974
1430
943
1105
2092
2770
2697
2074
1739
1884
2131
2559
2858
2552
1735
1228
1640
2375
2369
1557
740
584
976
1202
847
218
-266
-346
-337
-363
-424
-814
-1374
-1669
-1488
-1154
-1268
-1845
-2312
-2237
-1815
-1717
-1985
-2190
-2219
-2052
-1861
-1797
-1717
-1750
-1725
-1494
-1305
-1089
-893
-793
-571
-658
-460
-88
292
704
413
252
347
848
1398
1451
1114
916
980
1264
1607
1584
1436
1021
714
911
1225
1331
870
256
130
315
498
333
-4
-351
-547
-534
-481
-536
-740
-985
-1139
-1109
-1046
-1225
-1335
-1291
-1273
-1176
-1330
-1486
-1321
-1098
-946
-1036
-1150
-990
-779
-609
-524
-564
-383
-237
-33
487
691
536
269
333
1074
1981
2138
1529
889
1150
2083
2793
2805
2090
1587
1646
2151
2711
2838
2291
1492
1158
1587
2242
2143
1362
571
497
893
956
616
13
-391
-440
-447
-496
-763
-1056
-1370
-1623
-1507
-1407
-1530
-1929
-2239
-2061
-1802
-1796
-2008
-2218
-2155
-1922
-1777
-1737
-1763
-1663
-1503
-1373
-1196
-971
-711
-781
-714
-439
15
341
326
235
144
555
1012
1297
1112
835
935
1257
1509
1418
1317
1187
1113
1131
1234
1269
1033
762
534
570
637
467
211
-96
-185
-214
-225
-379
-666
-816
-893
-892
-965
-1041
-1131
-1263
-1329
-1315
-1195
-1179
-1341
-1395
-1226
-1129
-1120
-1174
-1024
-821
-744
-625
-578
-524
-408
-248
125
616
726
509
136
358
1262
2146
2083
1295
793
1252
2328
2868
2674
1906
1530
1732
2261
2767
2774
2158
1348
1104
1715
2369
2028
1054
404
543
982
960
402
-115
-487
-549
-447
-490
-697
-1166
-1561
-1635
-1449
-1295
-1556
-2018
-2199
-2042
-1792
-1822
-2030
-2132
-2028
-1874
-1793
-1763
-1735
-1593
-1418
-1288
-1105
-1077
-809
-456
-416
-390
-406
13
509
695
637
535
612
902
1180
1347
1489
1334
1140
953
1115
1688
1741
1246
754
715
1057
1104
895
622
328
133
113
190
129
-203
-562
-685
-752
-669
-707
-971
-1188
-1325
-1238
-1221
-1308
-1333
-1337
-1403
-1464
-1396
-1239
-1018
-1101
-1203
-1192
-973
-603
-456
-499
-652
-543
-143
295
599
680
517
337
531
1126
1882
2140
1600
1088
1236
2046
2691
2577
2107
1843
1883
2055
2318
2588
2488
1782
1236
1407
1925
2053
1412
715
572
746
804
407
-16
-171
-312
-506
-747
-837
-898
-1244
-1577
-1546
-1410
-1489
-1855
-2098
-1981
-1818
-1807
-2033
-2115
-1938
-1882
-1849
-1821
-1686
-1507
-1473
-1400
-1218
-1015
-834
-842
-682
-442
-164
650
254
-274
-237
488
1714
1646
870
185
483
1270
2097
1925
1190
662
655
1223
1585
1809
1299
218
-124
565
1347
1023
-66
-628
-443
9
17
-228
-826
-1185
-1168
-861
-546
-978
-1400
-1632
-1496
-1040
-955
-1196
-1493
-1604
-1292
-960
-894
-1033
-1303
-1103
-591
-390
-385
-578
-632
-188
147
594
852
657
434
382
882
1722
2222
1955
1285
976
1701
2594
2834
2380
1844
1791
1965
2240
2572
2697
2121
1344
1181
1785
2231
1762
936
508
726
850
574
171
-161
-296
-541
-723
-756
-892
-1189
-1598
-1663
-1468
-1467
-1777
-2154
-2114
-1900
-1812
-1999
-2189
-2074
-1912
-1868
-1927
-1837
-1580
-1480
-1429
-1334
-1155
-1043
-896
-674
-402
-322
-199
643
275
-144
37
690
1747
1498
767
337
649
1327
2027
1774
1118
670
768
1226
1366
1715
1245
95
-156
549
1306
874
-189
-541
-436
-175
-131
-219
-648
-1107
-1323
-999
-608
-906
-1325
-1608
-1473
-1084
-1046
-1297
-1426
-1368
-1129
-1010
-1075
-1026
-1001
-774
-546
-593
-420
-293
-169
-43
25
484
919
934
577
393
864
1767
2349
2081
1354
971
1645
2562
2906
2587
1994
1735
1790
2204
2747
2795
2032
1193
1177
1828
2165
1671
916
519
521
559
419
239
19
-401
-785
-905
-821
-863
-1190
-1559
-1644
-1551
-1570
-1904
-2161
-1955
-1773
-1896
-2216
-2272
-1972
-1814
-1868
-1867
-1763
-1661
-1663
-1464
-1102
-975
-1131
-1057
-840
133
104
-580
-540
-301
956
1295
833
138
-9
623
1627
2055
1427
677
245
910
1685
2090
1655
427
70
670
1490
1567
607
-94
-278
164
530
432
-167
-858
-941
-570
-134
-536
-1122
-1351
-1210
-836
-856
-1141
-1330
-1420
-1232
-1007
-933
-1004
-1174
-1217
-899
-678
-638
-645
-766
-382
-88
-50
-112
-102
208
776
1101
928
527
487
1104
1879
2350
1970
1261
997
1582
2504
2939
2546
1817
1439
1554
2124
2775
2675
1736
789
836
1689
2136
1729
704
46
62
465
686
413
-234
-913
-1123
-915
-559
-619
-1230
-1790
-1943
-1607
-1369
-1622
-1932
-2112
-2065
-1958
-1915
-1881
-1878
-1982
-1945
-1694
-1528
-1539
-1635
-1419
-1097
-985
-911
-954
-459
-165
-380
-355
-187
458
745
607
437
438
664
1056
1327
1296
1155
881
895
1109
1424
1589
1124
650
642
951
1096
732
527
375
182
58
66
97
-151
-451
-637
-563
-579
-794
-912
-956
-906
-1012
-1256
-1255
-1132
-1007
-1040
-1208
-1198
-1117
-1053
-936
-802
-744
-710
-652
-501
-248
-157
-162
-99
92
534
866
954
796
487
707
1361
2175
2394
1615
892
1143
2197
2989
2792
1991
1526
1569
2044
2596
2756
2282
1283
862
1388
2110
2100
1070
175
193
658
809
331
-232
-629
-843
-817
-723
-768
-1205
-1732
-1941
-1702
-1452
-1667
-2089
-2314
-2188
-1968
-1989
-2103
-2085
-2076
-2046
-1935
-1708
-1537
-1606
-1660
-1373
-1022
-858
-948
-782
-407
-295
-241
-193
204
601
677
495
452
591
965
1306
1344
1232
986
887
1001
1442
1695
1395
831
592
855
1169
1140
866
496
223
96
203
350
205
-197
-606
-629
-465
-453
-676
-904
-981
-1000
-1101
-1113
-1021
-1069
-1151
-1214
-1224
-1116
-1062
-960
-962
-992
-858
-661
-443
-349
-387
-449
-294
33
426
690
791
690
507
656
1159
1883
2180
1667
1128
1211
1916
2555
2543
2108
1792
1753
1861
2088
2368
2467
1928
1213
1073
1543
1972
1572
742
338
421
570
372
94
-223
-663
-922
-928
-721
-836
-1400
-1941
-1937
-1525
-1444
-1824
-2276
-2337
-2044
-1916
-1976
-2026
-2051
-2079
-2038
-1786
-1491
-1471
-1637
-1591
-1235
-768
-740
-857
-828
-538
-82
103
181
125
315
494
669
798
874
1065
1135
1145
1077
1125
1162
1297
1368
1291
1159
998
1017
1038
1003
944
722
454
239
255
401
293
-55
-419
-526
-441
-404
-540
-793
-976
-1016
-1019
-1014
-1032
-1138
-1283
-1319
-1191
-995
-1027
-1209
-1243
-1068
-796
-628
-637
-685
-610
-455
-211
0
142
308
597
710
662
645
849
1377
1854
1896
1513
1260
1499
2042
2518
2527
2135
1779
1637
1953
2454
2709
2255
1404
999
1388
2035
1937
1160
384
264
572
652
457
-73
-640
-885
-871
-630
-720
-1236
-1787
-1998
-1662
-1432
-1710
-2150
-2389
-2237
-2009
-2042
-2114
-2205
-2196
-2096
-1999
-1722
-1598
-1660
-1643
-1480
-1133
-897
-917
-837
-686
-144
240
126
-150
-194
537
1299
1478
893
468
597
1326
1950
1839
1308
865
1032
1411
1828
1883
1402
744
520
1009
1508
1198
376
-132
62
367
339
-67
-562
-761
-737
-548
-565
-847
-1197
-1389
-1312
-1118
-1081
-1340
-1584
-1570
-1293
-1115
-1322
-1464
-1380
-1044
-770
-805
-790
-775
-647
-391
-144
194
433
476
383
349
692
1272
1776
1816
1487
1226
1478
2113
2534
2581
2235
1979
1975
2191
2560
2695
2424
1825
1523
1742
2036
2007
1464
937
683
682
747
522
196
-271
-611
-711
-785
-794
-1063
-1462
-1722
-1789
-1720
-1853
-2044
-2084
-2139
-2268
-2378
-2337
-2115
-2044
-2187
-2263
-2146
-1847
-1597
-1572
-1564
-1532
-1310
-861
-420
-442
-723
-762
-223
651
877
553
87
275
973
1526
1635
1314
1034
1021
1297
1650
1963
1733
1159
929
1255
1687
1538
975
639
725
829
641
365
223
114
-94
-276
-384
-501
-636
-834
-878
-901
-1090
-1312
-1456
-1289
-1125
-1290
-1616
-1734
-1441
-1068
-1123
-1434
-1572
-1311
-854
-653
-653
-742
-802
-606
-170
329
643
551
240
210
779
1551
2043
1834
1329
1173
1641
2370
2731
2622
2147
1897
1951
2342
2724
2768
2340
1608
1418
1803
2173
1957
1251
733
619
696
678
456
142
-344
-797
-899
-761
-735
-1089
-1626
-1901
-1847
-1788
-1881
-2040
-2131
-2240
-2379
-2431
-2275
-2019
-2014
-2229
-2329
-2089
-1678
-1540
-1526
-1535
-1406
-1231
-875
-109
-320
-705
-755
-124
1009
1150
705
198
257
916
1738
1879
1548
1049
870
1223
1557
2098
1937
1116
801
1068
1607
1537
974
699
642
604
454
341
184
26
-274
-404
-484
-670
-720
-916
-987
-1012
-1244
-1424
-1491
-1400
-1293
-1434
-1624
-1682
-1549
-1314
-1259
-1429
-1469
-1278
-898
-714
-769
-756
-659
-354
118
502
588
401
205
673
1431
1982
2018
1451
1180
1556
2376
2951
2726
2234
1985
2073
2476
2878
2950
2471
1764
1486
1982
2386
2117
1359
750
788
912
824
499
87
-217
-523
-784
-783
-796
-1087
-1535
-1865
-1808
-1698
-1932
-2231
-2353
-2218
-2192
-2433
-2526
-2418
-2179
-2168
-2280
-2211
-2018
-1817
-1705
-1377
-1231
-1235
-1204
-975
-430
-90
-20
-89
12
356
688
926
1031
1023
1127
1231
1345
1570
1681
1513
1365
1312
1489
1642
1573
1391
1085
967
916
937
919
741
397
96
-25
-65
-94
-245
-480
-691
-857
-940
-961
-1014
-1155
-1269
-1314
-1444
-1583
-1548
-1381
-1306
-1419
-1570
-1561
-1361
-1058
-917
-951
-982
-940
-649
-379
-200
131
389
416
225
291
866
1579
1990
1705
1234
1207
1784
2498
2807
2620
2179
1893
1994
2532
3004
2978
2257
1523
1532
2064
2472
2054
1176
698
742
1005
879
449
85
-351
-604
-644
-634
-813
-1295
-1715
-1751
-1613
-1735
-2091
-2320
-2217
-2150
-2273
-2447
-2475
-2313
-2207
-2217
-2192
-2068
-1954
-1833
-1684
-1391
-1241
-1245
-1180
-704
141
80
-466
-686
70
1211
1508
1035
347
365
971
1845
2148
1727
1076
794
1187
1815
2198
1822
894
475
894
1521
1437
695
173
111
298
339
233
-150
-606
-836
-605
-335
-614
-1149
-1472
-1290
-1002
-1089
-1361
-1551
-1567
-1484
-1430
-1355
-1325
-1436
-1476
-1268
-1022
-849
-943
-1029
-819
-453
-59
182
205
188
160
389
962
1568
1913
1556
1118
1309
2069
2704
2704
2300
2066
2153
2406
2685
2831
2682
2167
1783
1878
2286
2331
1779
1119
884
1080
1200
828
274
-145
-272
-229
-405
-677
-1020
-1375
-1575
-1575
-1503
-1657
-2083
-2373
-2278
-2076
-2148
-2411
-2497
-2366
-2170
-2170
-2224
-2214
-2037
-1802
-1502
-1321
-1427
-1335
-1217
-724
-230
-56
-123
-273
36
519
938
994
921
884
1013
1232
1445
1662
1472
1243
1212
1387
1619
1498
1189
906
946
1063
954
728
430
287
217
236
88
-233
-457
-537
-478
-552
-791
-1019
-1120
-1115
-1085
-1136
-1263
-1373
-1364
-1250
-1253
-1283
-1303
-1302
-1209
-1040
-843
-893
-1022
-956
-658
-328
-162
-63
172
348
231
216
634
1325
1844
1668
1107
970
1535
2380
2772
2505
1970
1741
1995
2594
2988
2812
2129
1498
1566
2190
2555
2050
1125
606
830
1210
1132
617
8
-350
-490
-404
-306
-611
-1142
-1614
-1654
-1406
-1404
-1679
-2061
-2192
-2122
-2083
-2087
-2153
-2184
-2191
-2178
-2113
-1972
-1848
-1768
-1683
-1567
-1370
-1313
-1180
-973
-365
96
-292
-657
-490
481
1290
1301
705
212
401
1121
1915
2013
1417
747
665
1196
1889
2104
1438
467
290
880
1442
1206
421
-169
-240
55
338
164
-447
-954
-1023
-592
-431
-735
-1168
-1390
-1272
-1046
-1074
-1237
-1325
-1349
-1284
-1286
-1228
-1172
-1169
-1067
-908
-836
-773
-789
-705
-402
-142
159
396
342
142
190
693
1503
2039
1775
1039
796
1584
2715
3117
2573
1846
1550
1930
2654
3230
3073
2008
1171
1369
2325
2753
2037
963
517
811
1142
996
465
-19
-356
-552
-541
-556
-736
-1148
-1572
-1591
-1512
-1580
-1893
-2101
-1946
-1880
-2072
-2356
-2354
-2066
-1883
-1968
-2127
-2132
-1982
-1735
-1453
-1252
-1249
-1461
-1308
-889
73
388
-414
-817
-499
798
1583
1323
495
132
514
1434
2185
1921
1245
602
807
1461
2053
2066
1054
172
347
1176
1535
837
-7
-308
-65
161
166
-158
-742
-1045
-935
-510
-588
-1122
-1447
-1407
-1136
-1046
-1279
-1434
-1464
-1347
-1170
-1169
-1181
-1269
-1255
-988
-719
-667
-794
-884
-669
-229
7
115
271
373
379
315
591
1290
1916
1883
1250
945
1470
2360
2864
2687
2160
1793
1845
2372
2961
2989
2315
1508
1404
2015
2429
2065
1184
679
852
1124
959
415
-8
-227
-321
-396
-540
-855
-1233
-1450
-1389
-1252
-1475
-1946
-2189
-1978
-1687
-1786
-2112
-2292
-2190
-1948
-1843
-1852
-1847
-1817
-1730
-1591
-1382
-1134
-1035
-948
-872
-650
-361
-282
-16
257
391
349
454
760
1060
1128
1002
1090
1263
1412
1268
1172
1222
1294
1298
1091
928
842
749
584
494
460
234
-72
-257
-196
-195
-419
-696
-987
-979
-897
-915
-1038
-1277
-1387
-1339
-1326
-1253
-1152
-1238
-1374
-1455
-1180
-858
-900
-1054
-1093
-863
-562
-426
-400
-436
-378
-133
333
791
887
464
197
606
1557
2417
2139
1263
796
1364
2569
3177
2804
1941
1482
1846
2558
3007
2913
2162
1333
1241
1919
2512
2090
987
411
650
1072
957
367
-115
-409
-542
-512
-510
-672
-1100
-1609
-1672
-1392
-1308
-1657
-2109
-2116
-1849
-1803
-1988
-2154
-2080
-1891
-1863
-1869
-1780
-1718
-1681
-1606
-1342
-970
-1055
-1055
-978
-535
-74
-253
-171
19
368
594
604
572
717
868
1051
1254
1224
1190
930
891
1206
1439
1382
869
483
621
841
862
513
177
-9
-69
-64
-44
-169
-510
-787
-922
-669
-559
-903
-1205
-1319
-1162
-1004
-1106
-1204
-1261
-1267
-1178
-1131
-1014
-924
-1018
-1039
-931
-675
-428
-386
-542
-547
-265
135
518
711
703
339
273
847
1743
2286
1812
1038
938
1698
2645
2916
2422
1807
1674
2040
2495
2793
2658
2063
1368
1306
1934
2291
1860
994
520
688
902
794
386
-97
-366
-540
-591
-608
-741
-1056
-1486
-1634
-1466
-1331
-1598
-1955
-2039
-1845
-1722
-1924
-2105
-2002
-1825
-1780
-1807
-1792
-1681
-1643
-1505
-1235
-1032
-1030
-1094
-1053
-584
-292
411
478
-453
-542
-94
1279
1895
1204
118
-109
594
1785
2287
1424
574
164
776
1404
1760
1631
458
-450
-77
955
1385
417
-708
-930
-343
132
12
-603
-1263
-1296
-980
-459
-679
-1292
-1540
-1498
-1013
-757
-1059
-1370
-1501
-1236
-748
-679
-935
-1220
-1104
-436
-147
-332
-589
-636
-131
377
638
805
604
233
390
1026
1907
2210
1664
1031
918
1766
2762
2913
2270
1643
1644
2042
2449
2677
2561
1903
1167
1278
1982
2346
1708
721
411
755
1116
831
200
-250
-367
-395
-460
-525
-773
-1179
-1541
-1497
-1221
-1310
-1735
-2072
-1943
-1630
-1665
-2009
-2210
-2008
-1739
-1664
-1749
-1824
-1791
-1677
-1379
-1079
-1022
-1235
-1216
-709
-166
-149
-510
-490
-75
527
724
587
413
343
621
1005
1329
1238
906
645
771
1200
1404
1171
692
527
631
756
725
480
249
15
-104
-9
73
-135
-550
-756
-694
-476
-587
-937
-1088
-1071
-951
-1032
-1055
-1054
-1071
-1066
-1124
-1025
-922
-817
-858
-848
-762
-584
-441
-423
-338
-218
17
74
217
569
876
792
527
517
1092
1893
2060
1560
1013
1126
1843
2600
2606
2084
1599
1507
1921
2442
2630
2229
1385
985
1439
2062
2052
1136
437
531
918
931
396
-114
-224
-223
-321
-463
-691
-920
-1223
-1384
-1206
-1134
-1397
-1811
-1977
-1638
-1428
-1665
-2020
-2110
-1736
-1444
-1599
-1802
-1794
-1556
-1315
-1251
-1179
-1135
-1124
-955
-684
-383
-202
-195
-221
-266
71
636
861
591
195
246
784
1235
1213
876
541
622
925
1147
1130
870
598
360
414
720
678
246
-175
-178
58
-23
-355
-591
-670
-618
-595
-719
-849
-1034
-1069
-973
-874
-891
-1054
-1196
-1157
-903
-726
-766
-941
-951
-782
-564
-380
-333
-313
-225
-184
-69
186
498
888
978
576
338
654
1468
2192
2005
1313
920
1285
2176
2696
2483
1907
1512
1646
2060
2419
2565
2114
1334
1030
1398
1951
1830
1094
567
522
653
573
328
129
-95
-446
-684
-690
-664
-846
-1219
-1408
-1292
-1289
-1602
-1839
-1739
-1521
-1602
-1937
-2054
-1794
-1563
-1634
-1834
-1792
-1538
-1415
-1355
-1312
-1200
-1092
-976
-839
-564
-282
-414
-511
-378
47
512
630
386
139
244
635
1108
1245
955
528
491
804
1161
1319
958
484
394
594
765
621
413
221
26
-60
-25
38
-196
-500
-634
-516
-513
-745
-910
-971
-906
-873
-885
-1000
-1113
-1120
-1018
-817
-707
-828
-1002
-962
-729
-445
-360
-421
-418
-308
-141
-1
123
297
537
884
905
619
561
931
1689
2130
1879
1290
1039
1449
2281
2721
2414
1834
1413
1558
2068
2582
2612
1829
977
942
1642
2135
1721
833
256
275
601
773
515
-90
-634
-807
-617
-422
-556
-1007
-1508
-1643
-1383
-1168
-1313
-1721
-1953
-1859
-1682
-1608
-1703
-1850
-1876
-1777
-1582
-1442
-1500
-1568
-1482
-1226
-1005
-932
-838
-838
-651
-426
-267
-169
-162
-20
337
547
424
322
244
629
1026
1137
873
424
457
810
1102
1092
788
429
269
363
657
764
391
-81
-277
-123
130
1
-284
-599
-674
-531
-545
-660
-779
-837
-889
-901
-913
-850
-877
-950
-890
-804
-700
-769
-868
-743
-520
-358
-305
-365
-240
-52
-38
36
239
584
970
956
579
407
748
1655
2244
1922
1188
803
1308
2250
2754
2455
1713
1257
1472
2071
2550
2484
1781
1009
904
1533
2077
1770
859
208
273
710
876
515
-125
-588
-677
-490
-351
-561
-1012
-1450
-1546
-1291
-1181
-1388
-1745
-1930
-1806
-1679
-1678
-1770
-1851
-1808
-1776
-1716
-1569
-1494
-1494
-1497
-1367
-1107
-943
-909
-787
-700
-510
-441
-300
8
140
255
256
292
377
549
708
948
967
751
616
655
949
1139
1073
830
553
471
634
832
806
479
120
-71
28
184
202
-66
-468
-657
-602
-453
-471
-637
-778
-927
-1040
-964
-836
-746
-893
-1095
-1083
-932
-780
-725
-830
-860
-750
-534
-300
-256
-291
-337
-211
53
446
794
818
481
280
600
1318
1937
1876
1320
889
1102
1895
2601
2500
1847
1393
1527
1986
2371
2461
2106
1489
1119
1418
1967
1969
1304
570
468
814
962
692
105
-344
-466
-369
-276
-414
-823
-1348
-1555
-1351
-1079
-1184
-1664
-2038
-1996
-1718
-1638
-1779
-1907
-1944
-1957
-1907
-1686
-1500
-1529
-1645
-1580
-1252
-1016
-990
-1048
-865
-646
-146
-19
-328
-388
-324
482
948
779
280
7
376
1134
1491
1091
598
343
781
1195
1361
1229
636
222
336
895
1237
711
-80
-406
-21
438
407
-142
-742
-866
-598
-201
-335
-713
-1068
-1268
-1011
-716
-680
-870
-1257
-1290
-975
-758
-755
-936
-988
-785
-559
-411
-380
-444
-280
-166
25
268
517
813
709
471
497
965
1691
2032
1624
1107
1042
1623
2361
2517
2200
1755
1538
1701
2141
2556
2485
1784
1095
1177
1830
2135
1616
792
449
649
846
720
304
-137
-470
-583
-472
-441
-723
-1273
-1657
-1503
-1226
-1310
-1711
-2072
-2040
-1860
-1813
-1891
-1996
-2025
-2040
-2009
-1824
-1625
-1582
-1630
-1644
-1404
-1135
-986
-979
-848
-679
-420
290
-10
-445
-453
243
1283
1292
605
-38
263
1025
1833
1637
924
411
594
1237
1542
1676
1179
241
21
791
1570
1215
71
-482
-166
428
477
84
-589
-954
-839
-426
-219
-661
-1153
-1399
-1299
-853
-696
-1040
-1456
-1576
-1157
-814
-866
-1128
-1302
-1085
-683
-515
-478
-525
-611
-432
-129
237
595
729
490
296
468
1131
1951
2089
1482
942
1256
2062
2631
2546
2156
1880
1797
1982
2400
2764
2513
1762
1282
1562
2108
2102
1490
853
696
770
794
639
288
-97
-506
-663
-542
-569
-887
-1388
-1690
-1595
-1416
-1576
-1943
-2136
-2022
-1968
-2150
-2174
-2055
-1971
-2048
-2169
-1965
-1714
-1643
-1610
-1538
-1389
-1188
-1067
-896
-771
-539
244
-177
-526
-385
173
1233
1175
579
59
321
958
1864
1739
1017
493
573
1332
1673
1824
1297
292
177
908
1561
1317
356
-233
-119
376
497
369
-349
-844
-840
-461
-129
-662
-977
-1214
-1247
-950
-980
-1052
-1184
-1425
-1313
-1142
-1001
-1028
-1290
-1156
-863
-794
-718
-671
-514
-311
-358
-229
75
493
880
697
326
375
1097
2079
2126
1432
1066
1329
2013
2555
2694
2360
1858
1719
1997
2562
2893
2501
1711
1284
1640
2206
2168
1461
795
665
791
750
629
329
-185
-571
-707
-627
-640
-946
-1382
-1701
-1704
-1624
-1787
-1930
-2040
-2119
-2189
-2344
-2268
-2035
-1955
-2152
-2322
-2145
-1800
-1598
-1626
-1588
-1534
-1090
-871
-962
-746
-671
-269
104
172
98
124
308
735
1080
1036
887
726
1029
1298
1423
1406
1106
992
1099
1349
1431
1134
812
644
778
870
773
527
158
-55
-16
169
-4
-397
-726
-821
-687
-602
-768
-974
-1181
-1345
-1203
-1079
-1023
-1189
-1397
-1297
-1220
-1059
-1049
-1096
-1065
-952
-681
-520
-437
-532
-443
-211
199
744
866
464
117
546
1496
2172
1996
1292
1039
1502
2237
2775
2580
2092
1829
1860
2225
2662
2737
2274
1596
1400
1841
2175
1961
1248
733
740
873
830
507
43
-256
-485
-640
-636
-764
-1085
-1517
-1706
-1573
-1576
-1841
-2100
-2158
-2022
-2107
-2336
-2309
-2115
-1969
-2073
-2235
-2088
-1823
-1654
-1538
-1411
-1093
-1149
-1211
-975
-498
88
51
-270
-272
127
574
951
929
775
649
699
1110
1483
1594
1239
762
814
1259
1574
1462
902
618
660
768
903
833
549
125
-163
-29
152
79
-213
-643
-837
-749
-687
-735
-839
-1035
-1178
-1269
-1274
-1099
-1072
-1121
-1226
-1340
-1225
-1127
-957
-835
-892
-826
-702
-524
-359
-283
-177
-6
302
730
826
524
425
781
1578
2080
1805
1280
1141
1663
2402
2686
2380
1939
1757
1975
2352
2638
2589
1979
1408
1446
1944
2179
1660
938
601
783
928
671
231
-161
-357
-508
-631
-726
-890
-1178
-1508
-1674
-1624
-1633
-1818
-2002
-2070
-2106
-2162
-2192
-2134
-1968
-2025
-2126
-2124
-1939
-1475
-1526
-1583
-1511
-1224
-840
-768
-677
-604
-323
-146
154
262
308
412
551
864
880
899
928
955
1183
1302
1203
994
929
1165
1326
1212
900
759
694
780
769
675
504
96
-92
-67
94
79
-276
-671
-831
-783
-680
-704
-852
-1078
-1296
-1316
-1135
-1051
-1096
-1243
-1357
-1253
-1120
-976
-972
-1019
-911
-750
-616
-436
-357
-307
-217
-2
553
961
664
224
371
1184
2072
2111
1473
936
1214
2087
2749
2690
2088
1636
1737
2226
2674
2752
2263
1506
1282
1788
2237
2049
1245
635
688
928
909
525
19
-284
-448
-541
-526
-738
-1071
-1413
-1651
-1475
-1437
-1704
-1971
-2107
-1971
-1930
-2066
-2137
-2113
-2004
-1960
-1955
-1705
-1654
-1722
-1584
-1410
-964
-849
-957
-899
-683
-379
-92
85
141
153
105
357
730
1017
906
565
569
972
1302
1250
946
763
882
1013
1104
1093
886
626
461
519
701
644
363
-49
-230
-44
49
-95
-407
-698
-731
-719
-763
-692
-819
-1038
-1173
-1191
-1048
-1008
-1093
-1110
-1077
-1048
-987
-1021
-916
-740
-608
-549
-556
-447
-272
-111
69
347
706
665
319
363
947
1850
2038
1468
918
1096
1884
2528
2617
2169
1735
1550
1852
2442
2824
2520
1578
995
1398
2142
2250
1416
576
443
746
882
567
164
-228
-500
-641
-617
-584
-857
-1323
-1621
-1474
-1324
-1540
-1898
-2056
-1858
-1746
-1935
-2101
-2096
-1903
-1830
-1826
-1811
-1659
-1608
-1556
-1104
-981
-990
-1248
-1058
-292
132
74
-306
-334
-25
542
882
997
769
433
455
793
1460
1641
1106
500
467
1096
1497
1276
793
503
513
608
721
667
451
37
-131
2
52
-56
-378
-599
-546
-522
-685
-910
-990
-851
-809
-1011
-1201
-1265
-1105
-972
-1011
-1051
-1112
-1100
-1058
-857
-638
-617
-755
-769
-458
-126
26
-47
125
566
590
481
491
941
1658
1800
1439
1127
1340
1829
2289
2427
2316
1964
1667
1822
2331
2816
2524
1661
1126
1441
2044
2053
1367
701
622
783
693
379
122
-75
-406
-656
-706
-711
-878
-1323
-1549
-1416
-1398
-1662
-2001
-1991
-1731
-1689
-1920
-2127
-2074
-1842
-1768
-1666
-1635
-1645
-1567
-1613
-1193
-818
-715
-911
-981
-661
-159
143
64
92
15
188
513
926
1059
717
455
634
1077
1398
1206
825
675
789
1005
1074
933
645
511
418
497
488
345
146
-32
-31
-68
-218
-377
-485
-451
-425
-601
-823
-926
-834
-726
-734
-893
-1023
-1076
-1016
-857
-767
-823
-983
-983
-814
-620
-533
-612
-617
-479
-195
-47
-82
-59
290
772
640
357
355
954
1675
1745
1332
1024
1191
1718
2204
2243
2130
1821
1552
1608
2053
2574
2382
1526
1015
1255
1762
1784
1213
730
610
550
384
262
162
34
-431
-805
-792
-690
-793
-1217
-1437
-1355
-1372
-1640
-1851
-1785
-1572
-1633
-1934
-2020
-1848
-1673
-1664
-1682
-1405
-1234
-1563
-1717
-1341
-606
-283
-654
-1057
-908
-306
217
436
234
-17
-7
374
851
1028
891
523
435
841
1220
1218
872
614
687
899
969
860
676
424
355
407
465
329
77
13
-33
-50
-197
-423
-414
-348
-389
-577
-755
-808
-764
-664
-640
-741
-934
-1025
-973
-700
-553
-732
-929
-1011
-740
-427
-336
-489
-611
-479
-218
5
81
101
84
502
609
554
563
720
1332
1553
1433
1093
1090
1412
1919
2123
1990
1738
1440
1431
1704
2192
2296
1641
911
905
1454
1758
1332
757
409
375
378
438
356
37
-434
-818
-680
-527
-586
-966
-1386
-1360
-1265
-1310
-1464
-1626
-1611
-1652
-1687
-1599
-1508
-1620
-1756
-1721
-1377
-1078
-1164
-1385
-1379
-1019
-678
-529
-572
-537
-516
-372
-67
240
379
192
36
206
597
834
759
557
498
598
764
827
785
696
534
443
553
687
647
319
91
209
372
344
47
-158
-181
-164
-118
-110
-226
-476
-630
-583
-389
-343
-579
-773
-812
-640
-509
-582
-639
-676
-651
-599
-558
-418
-368
-456
-455
-307
-95
29
-45
-145
215
410
692
776
372
498
646
1184
1622
1475
1017
772
1018
1676
2157
1906
1484
1016
1159
1603
1912
2017
1498
849
718
1044
1532
1435
809
250
177
410
565
404
-77
-443
-698
-502
-367
-534
-824
-1286
-1304
-1054
-984
-1130
-1465
-1643
-1384
-1288
-1374
-1484
-1637
-1416
-1233
-1193
-1241
-1398
-1332
-1008
-819
-737
-768
-887
-803
-614
-259
-30
-174
-340
-353
-83
308
352
238
79
97
365
527
510
425
350
344
433
498
593
511
327
283
300
454
496
317
188
79
102
152
104
67
-35
-210
-288
-251
-125
-100
-329
-460
-463
-362
-285
-354
-396
-394
-420
-394
-354
-275
-215
-275
-274
-174
-12
9
-33
0
101
202
503
640
568
362
239
744
1318
1449
1019
569
599
1229
1733
1698
1352
1050
1009
1136
1498
1820
1597
959
595
825
1341
1366
849
379
300
414
549
399
102
-190
-411
-364
-247
-263
-618
-1050
-1059
-786
-662
-907
-1340
-1457
-1241
-1010
-1050
-1313
-1533
-1465
-1299
-1140
-1078
-1194
-1327
-1355
-1137
-882
-796
-924
-991
-905
-713
-491
-427
-448
-492
-395
-183
-65
-54
-77
-29
85
208
221
172
202
316
425
450
400
372
420
453
465
511
491
428
348
271
311
392
434
267
128
87
127
151
92
97
27
-96
-203
-139
-15
-21
-160
-273
-281
-176
-112
-149
-207
-198
-159
-114
-31
58
102
29
-52
175
498
450
440
335
428
600
662
865
939
890
748
756
920
1189
1223
1075
879
855
1044
1037
1019
994
841
709
617
684
752
594
347
228
231
227
160
-68
-195
-247
-237
-279
-485
-566
-594
-679
-745
-831
-831
-826
-921
-1043
-1106
-1040
-939
-979
-1126
-1142
-1083
-958
-959
-1011
-974
-979
-924
-809
-724
-685
-697
-706
-623
-457
-325
-327
-407
-377
-221
-56
8
-42
-42
-8
59
188
272
267
189
147
257
390
411
343
277
327
377
357
353
363
353
311
248
283
310
235
208
166
202
236
140
54
20
58
92
21
-53
-65
-89
-61
-106
-82
-32
-75
-92
-76
-54
-25
9
-8
61
78
81
116
178
322
365
315
334
386
560
693
665
627
611
657
801
891
879
858
790
845
936
985
949
802
757
803
818
764
628
530
521
499
418
313
192
123
60
-39
-98
-228
-335
-430
-528
-521
-567
-670
-840
-975
-951
-909
-970
-1098
-1215
-1217
-1151
-1183
-1201
-1232
-1240
-1185
-1152
-1073
-1018
-1038
-1044
-1002
-836
-683
-687
-733
-670
-502
-366
-319
-310
-210
-133
-90
-6
99
200
190
153
238
407
467
435
405
472
578
535
488
534
607
628
505
435
504
568
548
403
293
331
367
319
251
164
147
117
55
51
44
7
-38
-97
-87
-51
-51
-39
-73
-78
-49
-33
15
67
67
81
65
118
250
293
313
283
362
473
489
502
524
588
631
642
643
702
694
710
743
752
772
726
714
715
675
636
586
554
562
487
365
282
255
280
248
111
11
-79
-152
-200
-261
-289
-359
-501
-632
-707
-683
-648
-717
-862
-993
-1016
-957
-941
-1013
-1093
-1131
-1123
-1104
-1080
-1071
-1067
-1083
-1069
-988
-923
-889
-869
-794
-697
-620
-598
-566
-452
-334
-265
-249
-202
-90
41
118
159
203
250
334
437
534
579
529
513
600
711
760
667
593
622
665
684
629
576
559
489
421
413
412
378
251
152
160
194
145
-4
-68
-18
52
55
-34
-119
-143
-97
-8
68
67
-45
-104
-31
124
246
209
97
55
163
346
459
422
286
211
305
485
596
549
417
341
413
514
570
567
478
409
346
366
452
449
374
243
182
207
205
171
116
57
-4
-56
-136
-188
-206
-220
-250
-371
-475
-537
-532
-478
-498
-593
-701
-775
-738
-652
-628
-674
-765
-814
-764
-703
-667
-657
-689
-650
-636
-611
-539
-514
-432
-387
-372
-349
-327
-243
-149
-109
-94
-63
-26
71
151
155
146
146
238
362
370
333
300
338
408
455
501
431
333
283
328
452
460
361
225
157
177
215
212
147
71
4
-32
-50
-56
-70
-123
-164
-179
-157
-165
-243
-262
-204
-111
-84
-186
-258
-191
-51
69
99
18
-57
-41
102
311
384
309
172
174
348
529
610
509
388
424
559
682
679
593
521
501
556
625
663
537
397
347
407
482
422
290
173
128
133
151
109
-23
-173
-211
-184
-186
-256
-375
-444
-440
-464
-483
-531
-611
-640
-639
-621
-618
-642
-694
-701
-680
-613
-587
-618
-644
-628
-533
-468
-425
-417
-405
-370
-336
-279
-211
-162
-139
-135
-113
-51
76
170
119
33
50
207
370
391
298
250
255
296
377
450
463
356
239
209
289
425
402
259
146
106
151
165
103
38
-12
-92
-131
-100
-54
-92
-228
-324
-300
-204
-166
-235
-304
-270
-188
-161
-204
-228
-154
-38
28
18
-46
-38
61
194
305
311
251
210
252
384
505
517
452
402
459
527
519
511
499
512
534
494
428
391
391
397
356
335
289
199
130
62
90
129
57
-77
-175
-185
-162
-187
-247
-307
-353
-379
-460
-487
-425
-393
-430
-512
-554
-556
-531
-495
-470
-456
-476
-500
-476
-388
-341
-363
-380
-329
-248
-180
-197
-252
-208
-111
4
35
-7
-48
-38
102
211
204
169
122
161
266
330
326
276
239
253
337
438
439
318
213
220
316
384
319
190
141
141
111
85
75
44
7
-51
-112
-149
-195
-212
-229
-209
-202
-266
-319
-372
-364
-263
-203
-238
-324
-375
-299
-154
-17
-35
-172
-213
-90
89
173
133
52
56
122
230
321
346
308
258
309
398
436
433
383
353
366
374
377
377
353
280
238
243
267
242
174
120
63
43
9
-2
22
-36
-143
-222
-223
-181
-183
-241
-309
-351
-379
-367
-328
-289
-326
-406
-411
-361
-312
-323
-329
-299
-277
-279
-265
-226
-182
-159
-141
-108
-94
-87
-33
42
71
72
49
87
149
188
207
192
225
268
292
290
296
302
298
303
305
333
321
281
261
251
246
226
209
171
109
63
62
67
16
-69
-116
-127
-166
-199
-227
-234
-263
-352
-381
-353
-343
-355
-395
-396
-338
-299
-286
-323
-353
-311
-229
-138
-117
-142
-161
-118
4
113
148
110
89
126
209
280
323
356
331
308
322
371
428
396
366
360
382
386
316
297
295
295
262
180
155
156
126
61
6
9
19
-33
-132
-197
-199
-156
-165
-209
-219
-251
-279
-333
-338
-250
-225
-250
-320
-368
-315
-273
-245
-237
-248
-208
-193
-205
-200
-177
-112
-74
-83
-73
-55
-34
8
41
58
84
86
106
147
193
231
200
174
188
242
325
337
292
263
249
259
298
315
334
322
260
203
179
200
216
181
131
84
33
0
-47
-64
-49
-60
-117
-209
-270
-270
-242
-222
-246
-341
-406
-415
-367
-305
-310
-354
-387
-366
-306
-262
-253
-235
-214
-161
-123
-102
-49
-26
-12
13
63
133
166
176
187
216
266
302
330
328
305
291
304
357
366
353
293
226
207
229
286
268
187
99
74
109
117
77
23
-38
-58
-68
-81
-73
-115
-171
-221
-240
-210
-200
-230
-269
-292
-291
-261
-248
-249
-254
-272
-276
-268
-234
-177
-167
-187
-233
-238
-136
-22
34
7
-41
-19
41
112
169
193
224
211
183
206
261
303
302
296
309
333
330
326
328
340
334
287
258
227
218
211
182
140
71
37
23
-19
-42
-62
-78
-84
-144
-198
-225
-230
-226
-259
-284
-299
-314
-332
-330
-313
-301
-307
-321
-287
-244
-216
-206
-208
-202
-174
-143
-91
-56
-56
-56
-68
-12
45
74
91
72
106
144
173
198
174
149
143
183
241
250
213
159
147
174
206
213
198
162
118
106
116
136
147
106
53
9
-12
-3
-2
5
-6
-60
-122
-152
-131
-96
-109
-139
-148
-172
-179
-195
-193
-135
-106
-109
-151
-179
-159
-130
-87
-38
-8
-8
-49
-80
-35
53
129
121
65
43
72
140
210
231
201
160
145
203
271
289
260
224
222
240
243
244
234
202
177
142
150
176
130
82
37
24
21
-30
-77
-110
-129
-158
-215
-249
-252
-272
-294
-325
-349
-351
-352
-352
-345
-332
-340
-345
-336
-293
-257
-253
-256
-257
-206
-138
-106
-96
-92
-74
-15
36
59
67
65
103
139
159
172
156
161
179
194
197
184
174
183
210
224
207
165
141
149
185
207
177
121
80
56
70
92
109
94
17
-35
-35
10
35
7
-24
-35
-51
-71
-77
-73
-59
-76
-84
-74
-83
-93
-106
-82
-25
-14
-40
-75
-78
-19
32
60
37
0
14
41
96
128
120
105
86
103
152
184
179
149
130
174
214
202
165
140
177
208
195
155
139
131
115
102
100
99
48
-17
-41
-20
-13
-81
-148
-161
-159
-178
-233
-257
-248
-253
-279
-319
-346
-343
-336
-325
-305
-309
-330
-341
-328
-290
-246
-215
-199
-204
-222
-192
-147
-97
-58
-47
-24
-32
-55
-53
4
97
132
101
51
30
75
141
188
201
167
124
112
134
170
193
177
149
143
134
125
105
94
123
147
157
117
46
21
50
121
154
109
33
-28
-18
49
105
100
53
-5
-22
9
58
95
74
32
29
48
71
69
57
82
105
91
46
27
76
142
168
129
82
75
91
128
166
184
159
98
80
118
158
161
129
108
96
85
69
63
82
80
55
12
-27
-33
-40
-65
-87
-91
-108
-156
-215
-236
-225
-221
-232
-259
-289
-318
-344
-337
-306
-290
-300
-328
-351
-350
-312
-282
-269
-270
-274
-259
-248
-240
-204
-159
-124
-113
-114
-107
-96
-58
-11
30
56
52
38
35
65
113
147
158
152
138
130
145
174
203
207
175
151
145
165
180
159
147
138
122
111
103
104
105
91
76
73
53
44
38
34
52
49
32
5
-11
15
42
45
22
-1
9
41
80
92
70
42
45
77
131
154
129
108
118
152
165
170
171
156
159
176
205
220
194
162
163
186
190
173
157
155
146
137
125
99
77
52
42
47
22
-16
-51
-68
-74
-92
-122
-161
-178
-196
-210
-233
-261
-272
-285
-298
-307
-325
-341
-353
-354
-346
-345
-345
-347
-351
-346
-331
-297
-262
-261
-271
-277
-261
-208
-153
-110
-103
-129
-147
-124
-59
-1
14
21
20
17
41
81
115
131
117
120
138
143
150
147
150
157
154
164
159
143
135
135
153
156
138
119
101
86
90
107
118
98
57
38
44
56
59
56
69
77
67
45
36
60
98
122
121
110
96
90
108
142
175
188
169
155
173
214
240
226
213
225
229
233
214
202
222
228
208
174
148
153
158
150
137
106
80
54
21
19
11
-11
-50
-103
-115
-115
-134
-168
-198
-218
-228
-253
-291
-307
-314
-307
-321
-361
-390
-400
-389
-382
-379
-365
-367
-380
-383
-381
-346
-315
-307
-294
-287
-270
-246
-235
-209
-172
-136
-110
-109
-100
-72
-39
-2
19
30
47
59
68
95
122
130
127
125
156
183
185
180
181
191
193
193
202
199
195
186
171
177
181
172
161
157
156
146
121
106
126
149
150
118
78
79
84
95
105
93
92
69
66
99
116
122
98
82
95
124
129
121
123
131
142
131
138
154
153
143
128
141
160
162
152
142
146
148
133
123
121
115
103
92
81
71
48
19
1
-19
-35
-46
-66
-88
-113
-128
-151
-185
-204
-220
-232
-259
-301
-325
-337
-332
-339
-367
-377
-388
-391
-380
-371
-361
-363
-368
-363
-350
-324
-295
-273
-269
-277
-269
-228
-174
-130
-106
-104
-94
-78
-48
2
39
63
69
68
97
131
154
160
173
201
213
226
228
229
233
232
246
247
238
216
205
200
193
190
182
171
149
124
116
115
102
77
60
57
50
33
18
12
15
19
18
18
24
12
13
34
51
61
49
47
60
70
86
99
107
113
111
122
142
151
156
160
163
171
174
160
149
145
151
152
146
138
120
100
87
94
96
88
58
20
5
4
-5
-29
-59
-84
-109
-128
-152
-169
-179
-195
-219
-241
-243
-250
-270
-290
-293
-281
-289
-318
-342
-333
-305
-298
-309
-321
-322
-309
-276
-250
-238
-227
-230
-216
-183
-153
-120
-110
-107
-95
-78
-40
-9
13
32
44
63
90
113
133
151
172
178
184
197
201
203
200
198
210
220
208
190
175
168
169
169
164
151
124
98
81
79
79
65
41
35
28
21
16
8
7
7
15
16
4
1
6
28
47
44
42
38
39
61
87
100
110
98
89
100
120
152
160
150
137
124
140
157
161
161
151
144
139
132
122
122
123
113
94
74
64
46
26
5
-10
-14
-31
-61
-93
-111
-125
-132
-145
-174
-197
-219
-231
-235
-252
-261
-269
-281
-293
-309
-310
-302
-312
-310
-302
-295
-292
-306
-288
-259
-251
-248
-241
-223
-202
-196
-171
-139
-124
-104
-88
-62
-30
-13
6
27
49
78
95
111
130
132
155
173
184
188
180
196
214
217
217
211
214
215
205
206
209
204
187
169
159
154
155
138
119
103
89
86
78
67
57
47
42
45
37
30
35
35
29
11
10
26
27
25
23
36
46
38
38
54
70
82
86
81
90
94
98
95
95
103
99
95
84
80
84
86
74
58
57
62
50
30
12
1
2
-16
-40
-58
-80
-101
-115
-125
-132
-151
-170
-184
-191
-191
-208
-217
-215
-228
-231
-230
-239
-238
-245
-250
-245
-245
-240
-238
-234
-220
-214
-204
-188
-180
-160
-148
-140
-134
-123
-106
-86
-63
-54
-50
-46
-29
-2
24
44
50
57
73
94
118
132
131
140
150
159
165
165
168
175
178
174
183
194
192
181
183
189
189
180
161
156
159
160
145
124
116
110
107
110
101
88
79
74
77
81
74
64
61
55
52
46
45
38
36
37
37
40
32
22
23
35
42
35
26
25
21
23
24
21
25
11
2
7
11
11
3
-9
-9
-10
-14
-24
-38
-45
-53
-58
-64
-81
-92
-101
-111
-121
-129
-140
-150
-163
-180
-183
-177
-190
-207
-211
-209
-206
-212
-210
-203
-194
-196
-194
-179
-169
-161
-162
-150
-140
-129
-123
-111
-92
-90
-85
-66
-45
-33
-31
-25
-9
0
11
25
36
43
38
40
62
85
94
94
97
100
114
135
155
159
142
133
147
166
179
170
164
161
157
163
167
174
166
154
154
158
151
145
141
140
130
107
108
113
118
115
96
90
80
74
81
87
91
74
50
53
60
61
52
40
41
39
31
23
20
7
0
-8
-4
-7
-25
-39
-47
-40
-46
-60
-62
-65
-71
-79
-81
-80
-80
-85
-89
-95
-101
-108
-107
-104
-106
-111
-124
-132
-135
-133
-132
-139
-143
-144
-148
-140
-141
-146
-144
-146
-139
-141
-138
-127
-133
-131
-136
-133
-117
-115
-109
-107
-104
-97
-96
-94
-88
-72
-61
-59
-63
-59
-47
-38
-22
-15
-6
10
11
25
44
68
84
82
90
99
107
114
114
123
135
137
140
138
133
142
151
153
157
160
166
170
171
172
165
164
168
172
174
164
154
151
149
151
149
147
137
123
119
120
124
116
97
82
82
83
71
58
44
31
29
24
21
17
10
-3
-12
-13
-14
-21
-28
-37
-48
-52
-55
-62
-69
-81
-89
-88
-98
-108
-115
-114
-111
-122
-130
-136
-137
-140
-154
-160
-160
-162
-166
-173
-165
-162
-167
-170
-168
-155
-145
-142
-143
-146
-137
-131
-128
-124
-123
-115
-112
-115
-111
-100
-85
-78
-82
-81
-71
-62
-56
-53
-46
-43
-38
-34
-23
-12
-6
8
15
21
34
47
64
75
73
77
93
99
99
104
116
119
121
123
137
153
151
147
151
165
169
167
167
172
174
162
157
164
175
172
165
166
160
160
163
177
176
150
139
142
146
142
125
109
104
89
77
78
75
63
37
24
31
32
26
2
-11
-15
-29
-34
-41
-50
-61
-80
-84
-84
-88
-100
-107
-103
-109
-115
-119
-121
-119
-131
-139
-137
-142
-153
-155
-153
-148
-153
-155
-153
-154
-151
-147
-145
-134
-135
-134
-130
-129
-124
-127
-124
-118
-118
-120
-122
-109
-100
-104
-104
-96
-88
-80
-77
-69
-66
-68
-63
-59
-49
-42
-46
-38
-28
-18
-11
-5
4
12
25
39
47
50
56
61
74
85
87
89
90
99
114
120
127
138
143
150
158
166
171
176
179
181
181
183
184
184
182
183
186
181
173
175
179
179
173
159
149
147
150
146
129
119
101
90
85
75
71
54
43
39
32
20
5
0
-3
-20
-32
-40
-46
-51
-67
-74
-74
-87
-99
-105
-108
-115
-124
-126
-126
-128
-136
-143
-149
-148
-154
-160
-151
-149
-157
-165
-166
-159
-157
-162
-160
-154
-155
-156
-154
-142
-132
-139
-144
-138
-129
-118
-119
-115
-106
-104
-102
-95
-82
-76
-77
-70
-62
-54
-51
-40
-28
-24
-17
-16
-7
4
14
28
33
32
36
44
61
70
74
79
83
89
96
104
115
118
114
121
128
132
136
136
142
146
144
145
151
155
152
152
157
163
155
148
149
153
153
141
134
136
133
120
112
113
109
102
93
89
86
74
70
74
68
52
36
39
41
29
19
11
8
3
-11
-15
-18
-29
-41
-46
-50
-54
-65
-74
-73
-80
-89
-97
-101
-105
-112
-116
-111
-111
-124
-130
-126
-119
-117
-123
-124
-123
-127
-129
-129
-126
-124
-132
-133
-125
-120
-127
-132
-124
-118
-120
-119
-117
-114
-114
-108
-99
-95
-96
-99
-85
-70
-70
-70
-66
-53
-43
-41
-36
-29
-21
-11
-7
3
21
22
27
33
40
50
52
61
74
80
79
87
99
105
106
111
117
120
122
123
124
126
129
130
136
132
129
130
124
127
133
131
127
129
127
124
121
117
114
112
105
102
104
100
97
92
87
86
81
81
82
74
71
65
59
61
51
42
32
26
29
21
8
0
-1
-7
-16
-24
-31
-38
-49
-58
-66
-76
-84
-90
-98
-101
-108
-114
-118
-122
-121
-126
-132
-139
-141
-144
-143
-147
-147
-146
-148
-144
-138
-136
-139
-134
-127
-117
-117
-125
-123
-116
-110
-107
-101
-99
-96
-89
-82
-75
-69
-74
-76
-71
-65
-55
-56
-55
-51
-45
-38
-30
-19
-13
-13
-8
4
16
25
25
27
42
50
56
65
74
85
93
98
104
112
118
121
130
138
143
150
154
158
162
169
168
169
165
164
165
158
161
156
151
147
138
139
137
130
125
116
110
102
88
80
74
59
51
44
41
33
22
17
13
7
0
-6
-6
-9
-19
-28
-30
-28
-35
-38
-38
-43
-46
-46
-44
-44
-51
-58
-54
-55
-62
-71
-71
-68
-78
-87
-88
-89
-96
-103
-107
-107
-114
-127
-131
-126
-125
-136
-142
-136
-136
-143
-150
-142
-135
-139
-146
-142
-129
-128
-134
-128
-113
-106
-106
-102
-85
-78
-84
-77
-66
-59
-60
-53
-36
-22
-20
-18
-5
9
17
18
24
36
41
45
51
60
66
69
76
84
90
96
99
106
112
113
124
128
128
127
128
137
141
140
143
148
154
155
148
153
161
158
156
155
156
155
148
147
150
145
133
127
129
127
115
104
94
91
81
70
64
55
46
33
29
16
3
-6
-18
-22
-31
-41
-56
-70
-77
-82
-91
-102
-103
-113
-124
-124
-126
-125
-129
-138
-143
-144
-141
-140
-139
-136
-131
-133
-131
-125
-127
-120
-118
-116
-105
-107
-107
-108
-105
-93
-91
-91
-92
-96
-89
-88
-88
-84
-79
-86
-89
-86
-80
-74
-74
-75
-71
-64
-66
-60
-53
-45
-33
-38
-35
-20
-13
-4
1
11
23
27
37
46
57
64
73
84
91
97
101
116
124
127
135
136
144
152
156
158
164
169
168
162
161
168
169
169
163
158
152
146
138
131
131
119
109
98
92
86
75
64
55
51
47
36
26
22
20
16
3
-6
-9
-14
-15
-25
-28
-28
-36
-43
-44
-44
-49
-55
-57
-58
-63
-69
-69
-66
-68
-75
-73
-67
-73
-82
-82
-72
-67
-78
-88
-84
-79
-81
-84
-83
-76
-78
-80
-76
-74
-75
-76
-76
-76
-82
-85
-81
-83
-90
-95
-92
-89
-93
-98
-96
-88
-91
-98
-97
-90
-85
-86
-90
-79
-68
-70
-64
-61
-51
-45
-39
-28
-19
-16
-17
-8
16
24
25
34
43
53
58
71
82
90
89
91
107
112
117
121
131
139
136
139
150
156
160
157
157
161
160
154
155
155
150
143
139
139
133
122
119
112
99
87
81
76
68
52
43
41
29
13
5
0
-9
-16
-29
-38
-42
-45
-54
-61
-60
-64
-71
-76
-76
-77
-81
-85
-85
-78
-81
-85
-85
-86
-83
-81
-81
-77
-78
-75
-76
-70
-66
-68
-68
-66
-62
-58
-53
-52
-52
-50
-52
-44
-42
-50
-44
-45
-45
-38
-40
-41
-38
-35
-36
-31
-31
-36
-36
-36
-33
-34
-36
-37
-36
-33
-32
-30
-33
-28
-29
-32
-31
-28
-21
-26
-24
-16
-13
-15
-15
-8
-7
-4
-1
2
8
13
16
19
28
31
32
41
50
55
60
66
73
77
80
83
91
95
96
103
105
112
110
110
119
120
115
112
116
120
114
104
107
104
92
85
82
81
74
62
53
47
44
34
23
16
14
12
2
-4
-5
-8
-16
-24
-27
-29
-32
-35
-42
-42
-43
-45
-48
-54
-54
-57
-61
-60
-58
-58
-62
-65
-67
-65
-62
-64
-63
-61
-62
-66
-67
-59
-60
-68
-71
-69
-63
-64
-69
-64
-62
-65
-67
-68
-61
-62
-75
-78
-73
-71
-78
-74
-71
-75
-79
-77
-66
-65
-65
-57
-52
-54
-54
-48
-41
-39
-41
-33
-16
-10
-11
-6
5
12
15
16
26
35
36
38
47
58
65
69
76
87
99
101
108
120
123
122
127
140
149
144
142
147
151
153
149
146
151
143
134
138
137
125
116
114
107
96
84
77
72
62
50
38
36
25
8
-1
-8
-17
-31
-41
-43
-52
-59
-62
-66
-71
-81
-83
-84
-87
-93
-97
-94
-96
-101
-103
-102
-95
-99
-105
-96
-90
-92
-93
-89
-79
-75
-76
-72
-65
-59
-57
-62
-58
-49
-47
-45
-42
-37
-36
-37
-35
-34
-33
-36
-36
-33
-28
-33
-37
-34
-34
-39
-42
-41
-39
-42
-46
-43
-39
-45
-47
-41
-36
-42
-42
-31
-28
-23
-23
-19
-6
-4
-3
7
17
22
23
32
45
51
52
60
70
79
83
90
101
108
109
114
123
133
143
143
144
148
149
149
143
143
144
138
134
130
128
123
111
106
106
102
87
80
77
67
54
43
38
30
14
4
0
-5
-19
-32
-39
-47
-52
-58
-65
-70
-75
-82
-92
-92
-91
-95
-97
-103
-105
-103
-105
-107
-103
-97
-101
-99
-94
-90
-89
-91
-86
-82
-78
-74
-75
-69
-67
-70
-65
-58
-57
-61
-53
-47
-46
-43
-45
-41
-43
-40
-34
-36
-36
-36
-37
-34
-34
-35
-35
-35
-36
-37
-31
-30
-33
-26
-18
-16
-15
-10
4
6
7
14
24
27
26
33
45
47
47
55
67
73
71
76
88
91
95
103
113
116
110
112
120
123
116
114
116
114
106
98
100
100
90
82
73
74
70
59
56
52
45
36
29
30
26
17
7
4
4
-2
-8
-14
-18
-21
-31
-28
-22
-31
-36
-38
-40
-41
-42
-38
-36
-43
-48
-44
-40
-43
-45
-48
-48
-45
-50
-50
-44
-47
-47
-44
-44
-42
-44
-45
-45
-47
-48
-45
-41
-47
-51
-47
-45
-45
-47
-48
-40
-42
-47
-43
-38
-34
-32
-34
-29
-26
-32
-29
-24
-20
-21
-25
-20
-17
-18
-18
-23
-22
-17
-15
-16
-15
-16
-14
-17
-17
-14
-13
-15
-17
-9
-4
-5
-6
-1
5
5
5
13
24
22
21
28
33
36
42
48
57
57
51
58
71
78
79
78
82
83
80
86
95
94
89
87
86
86
83
77
74
75
72
68
65
62
52
46
43
41
37
30
28
20
17
13
2
-4
-6
-8
-15
-19
-19
-22
-33
-39
-35
-31
-36
-44
-45
-44
-49
-51
-50
-49
-50
-54
-54
-51
-52
-62
-59
-49
-46
-50
-59
-60
-55
-53
-55
-52
-51
-53
-59
-57
-51
-49
-53
-57
-54
-48
-48
-53
-58
-52
-48
-58
-58
-52
-55
-59
-60
-53
-47
-51
-53
-48
-43
-38
-36
-28
-22
-21
-20
-19
-10
-4
4
14
20
24
30
42
48
51
57
67
70
77
86
87
82
83
90
103
102
97
101
105
103
103
110
110
102
98
102
100
89
83
82
82
71
65
64
57
47
40
43
41
26
15
17
18
7
-3
-8
-8
-16
-22
-19
-16
-21
-32
-32
-27
-29
-35
-38
-38
-35
-41
-45
-43
-44
-48
-53
-51
-49
-54
-53
-46
-42
-42
-47
-48
-45
-48
-47
-43
-41
-41
-43
-39
-39
-41
-38
-32
-27
-28
-36
-35
-32
-30
-28
-26
-25
-29
-33
-27
-23
-23
-25
-25
-20
-20
-21
-25
-24
-23
-29
-26
-25
-25
-25
-27
-25
-22
-20
-19
-19
-18
-19
-21
-17
-11
-8
-7
-7
-4
2
7
10
14
19
22
23
24
27
32
38
40
46
50
53
59
58
59
63
67
74
76
77
76
74
79
79
71
72
75
73
70
65
69
68
59
59
61
60
47
33
38
38
26
18
13
12
4
-10
-12
-8
-17
-27
-25
-25
-31
-37
-42
-40
-43
-48
-50
-51
-50
-55
-51
-46
-43
-41
-42
-37
-36
-31
-26
-28
-27
-23
-21
-21
-17
-21
-21
-22
-20
-14
-16
-21
-23
-20
-18
-21
-27
-27
-26
-34
-39
-41
-44
-51
-53
-46
-46
-56
-62
-57
-51
-46
-52
-54
-47
-45
-48
-43
-39
-36
-33
-31
-22
-19
-15
-10
-4
7
15
18
25
39
46
47
49
56
62
68
70
72
79
79
77
77
74
78
85
87
82
77
76
81
76
65
66
70
66
58
47
42
36
29
31
28
22
15
7
7
1
-5
-3
-6
-14
-19
-24
-22
-25
-31
-30
-31
-34
-35
-31
-26
-31
-38
-26
-17
-19
-23
-25
-15
-12
-14
-9
-3
-1
-6
-8
2
3
-2
2
6
8
0
-3
5
6
0
-6
-6
-5
-7
-15
-15
-18
-27
-28
-31
-35
-40
-44
-44
-49
-52
-57
-54
-56
-62
-63
-60
-59
-61
-63
-61
-56
-53
-52
-49
-47
-48
-42
-37
-32
-27
-30
-25
-12
-8
-9
2
14
18
18
22
30
34
38
43
51
56
52
56
65
65
63
61
69
74
71
67
68
68
65
63
60
59
60
55
55
57
52
46
47
45
39
37
36
29
29
27
23
19
17
14
10
10
8
5
-1
-5
-7
-5
-5
-10
-12
-12
-11
-15
-19
-16
-18
-24
-25
-20
-19
-22
-29
-29
-24
-28
-34
-29
-26
-30
-35
-36
-36
-40
-41
-41
-42
-44
-47
-46
-40
-40
-43
-44
-43
-39
-43
-46
-40
-39
-45
-43
-38
-36
-38
-38
-33
-29
-25
-22
-24
-20
-19
-21
-15
-8
-6
-4
-5
-1
5
6
6
10
18
18
16
18
26
28
27
29
25
29
32
32
33
37
38
35
39
40
42
38
35
38
41
41
41
40
38
38
38
39
42
43
37
36
38
32
29
27
28
27
22
19
20
18
15
15
13
11
9
8
7
5
-2
-4
-4
-7
-11
-10
-9
-14
-16
-19
-17
-17
-22
-21
-15
-13
-15
-16
-16
-16
-16
-14
-11
-12
-14
-13
-11
-9
-10
-12
-13
-12
-11
-11
-6
-8
-9
-10
-14
-17
-20
-18
-16
-16
-17
-20
-18
-18
-21
-23
-20
-16
-20
-25
-26
-27
-29
-32
-30
-30
-32
-36
-34
-31
-32
-37
-35
-30
