SAMPLES:	20549
BITSPERSAMPLE:	16
CHANNELS:	1
SAMPLERATE:	16000
NORMALIZED:	FALSE
-1
-1
-1
-1
-1
0
0
0
1
1
1
0
-1
-1
0
1
0
0
-1
1
0
-1
-1
0
-1
0
0
0
0
0
0
0
0
-1
-1
-1
0
0
0
0
-1
0
1
1
0
1
0
0
-1
-1
0
0
0
0
0
1
1
1
0
1
0
2
0
1
1
0
0
0
1
0
1
0
1
1
-1
0
0
0
-1
0
-1
-2
-1
-1
-1
-1
-1
-1
-1
1
1
0
1
0
0
0
-1
-1
-1
0
0
0
-1
-1
0
0
0
0
0
1
0
1
0
1
1
0
0
1
1
0
0
-1
0
0
2
-1
0
-1
-1
-1
-1
-1
0
-1
0
0
0
0
0
0
1
0
1
0
1
0
0
0
0
0
0
0
1
-1
-1
-1
-1
-1
-1
0
-1
-1
0
1
0
1
1
2
2
1
2
1
1
1
1
0
1
1
2
0
0
0
0
-1
0
-1
-1
0
0
0
1
0
0
0
1
0
0
0
-1
-1
-1
-1
-1
-1
-2
-1
-1
-1
-1
-1
-1
-1
-1
-1
0
-1
-1
-1
0
0
0
0
0
0
1
0
0
-1
1
0
0
0
0
0
1
1
1
1
0
0
1
1
1
0
1
1
0
1
0
-1
0
0
0
1
1
0
0
1
-1
0
-1
-1
-1
-1
-1
0
0
1
0
-1
-1
0
0
0
0
-1
0
0
0
0
0
-1
0
-1
-1
0
-1
0
1
0
0
0
0
1
0
0
0
0
0
-1
0
1
0
0
0
-1
0
0
-1
0
-1
0
0
-1
-1
0
0
0
-1
0
1
0
0
0
0
0
0
-1
0
0
-1
0
0
0
0
-1
-1
1
0
-1
-1
-1
0
-1
-1
0
-1
0
0
1
0
0
0
0
0
2
1
1
1
1
1
2
0
1
1
0
0
0
1
0
1
1
1
1
0
1
1
0
0
0
0
0
0
0
0
-1
-1
-1
-1
-1
-1
-1
-1
0
-1
0
0
-1
0
0
-1
0
0
-1
-1
-1
-1
-1
0
-1
-1
0
0
1
1
1
1
0
1
0
-1
0
-1
0
0
1
1
1
1
1
0
1
2
1
1
1
1
2
1
1
0
0
0
0
1
0
1
1
1
1
1
1
1
0
1
1
1
0
0
-1
-1
0
0
0
0
0
0
-1
0
0
0
0
0
0
-1
0
-1
-2
-1
-1
-1
-1
-1
-2
0
-1
0
-1
0
0
0
-1
-1
-1
-1
-1
-1
-1
-1
0
0
0
0
1
0
-1
-1
0
0
-1
-1
-1
-1
-1
-1
-1
-1
0
0
-1
0
0
0
0
1
0
1
0
0
1
1
1
1
1
2
2
1
1
1
0
0
1
1
1
2
1
1
1
1
1
2
2
1
2
1
2
1
2
1
1
1
1
0
1
0
0
-1
0
0
0
1
0
0
0
0
0
-1
-1
-2
-1
-1
-1
-1
-1
0
-2
-1
-1
-1
-1
-2
-2
-2
-2
-2
-2
-1
-2
-1
0
-1
-2
-1
0
-1
-1
-1
0
0
0
1
0
0
0
1
0
1
1
1
1
1
1
0
0
0
1
1
-1
0
0
0
0
-1
-1
0
1
1
0
0
0
0
0
0
0
0
0
1
0
1
1
-1
1
1
0
0
0
0
-1
0
0
0
-1
0
0
1
0
1
1
1
1
2
2
3
2
2
1
1
1
0
0
0
0
0
0
0
-1
0
0
-1
-1
0
0
0
-1
-1
-1
-1
0
0
0
-1
0
0
1
0
0
0
0
0
0
1
1
0
-1
0
-1
0
1
0
-1
0
0
1
0
-1
0
0
0
-1
-1
-1
-2
-1
-1
-1
-1
0
0
1
0
0
0
0
1
1
1
1
0
0
-1
0
-1
-1
0
0
0
0
0
0
0
0
0
0
1
1
1
2
1
2
1
2
2
1
1
0
0
1
-1
0
-1
-1
-1
0
0
-1
0
-1
0
-1
-1
0
0
0
1
1
0
0
1
1
1
0
0
1
1
0
0
-1
0
0
0
0
0
-1
-1
0
0
1
1
0
1
0
0
0
1
2
1
1
0
1
0
0
0
0
0
-1
0
-1
0
0
0
1
0
0
0
0
-1
0
0
-1
0
0
0
-1
1
0
0
0
1
0
0
1
0
0
0
-1
0
0
0
0
1
0
0
1
1
0
0
0
1
1
0
-1
0
0
-1
0
0
0
0
0
0
0
1
1
0
0
0
0
0
0
0
-1
0
-1
-1
-1
-1
-1
0
0
0
0
0
1
0
0
0
-1
0
1
-1
-1
0
0
-1
-1
0
1
0
0
0
0
0
-1
-1
0
0
0
0
0
0
0
0
0
0
0
0
0
0
1
0
0
0
1
0
0
0
0
1
1
0
0
1
0
0
0
0
1
0
1
1
1
0
0
0
0
-1
0
0
0
0
0
0
0
0
-1
-1
1
0
0
-1
-1
0
0
0
0
0
-1
-1
-1
0
-1
0
0
-1
-1
0
-1
0
0
0
-1
-1
0
0
0
0
0
0
0
0
0
0
0
0
0
0
0
0
-1
0
-1
-1
0
0
0
1
0
1
1
1
0
1
1
1
0
0
1
1
0
0
0
1
1
1
1
1
2
0
1
1
0
0
1
0
0
1
0
1
1
0
0
0
-1
-1
-1
-1
0
-1
-1
-1
-1
-1
-1
-1
-1
0
0
0
0
0
-1
-1
0
0
0
-1
1
0
0
0
0
0
0
-1
0
0
0
0
1
0
-1
-1
-1
-1
-1
0
-1
0
0
0
0
1
0
-1
0
-1
0
0
-1
-1
-1
0
-1
0
0
0
0
-1
0
0
0
-1
0
0
0
0
0
0
1
1
1
0
1
1
0
0
1
1
1
1
1
1
1
0
1
0
1
0
0
0
0
1
1
0
1
1
0
0
1
0
1
1
0
0
0
0
-1
-1
-1
0
0
0
-1
0
0
0
0
0
-1
0
-1
0
0
0
1
1
0
0
0
0
0
0
0
-1
0
0
0
-1
0
-1
-1
-1
-1
-1
0
0
-1
-1
0
-1
0
-1
-1
-1
-1
-1
-1
-1
-1
0
0
0
0
0
1
0
0
0
0
0
1
1
1
0
1
1
1
1
1
1
1
1
1
0
1
1
1
1
2
1
1
1
0
1
1
0
0
1
0
0
1
0
1
0
1
-1
1
0
1
0
0
0
0
1
0
0
0
0
0
0
0
0
0
0
0
0
0
0
0
-1
-1
-1
0
-1
0
-1
0
0
0
-1
0
-1
0
-1
-1
0
-1
-1
-1
-1
0
-1
-1
0
0
0
0
0
0
0
0
0
-1
0
0
-1
0
0
0
0
-1
0
0
0
0
1
0
1
0
0
0
0
0
1
0
0
0
0
0
0
0
-1
1
-1
0
-1
0
0
0
0
0
0
0
0
0
0
0
0
0
0
1
0
0
0
0
0
0
0
0
0
0
0
0
0
0
-1
0
0
0
1
0
0
0
0
-1
0
-1
0
1
0
0
1
0
0
0
0
0
0
0
0
0
0
1
-1
0
-1
0
0
-1
0
0
0
1
-1
0
0
0
0
0
1
0
0
0
0
0
0
0
-1
1
0
0
0
0
0
-1
0
0
0
0
0
0
-1
0
-1
0
-1
0
0
1
0
0
0
0
0
0
0
0
0
0
0
0
1
0
0
0
0
1
0
-1
0
1
0
0
0
0
0
0
0
-1
-1
0
0
0
1
0
-1
0
0
-1
0
0
0
-1
0
0
1
0
0
0
0
0
0
1
0
0
0
0
1
0
0
0
1
1
0
0
0
0
0
0
1
0
1
0
0
0
1
0
0
0
-1
1
1
0
-1
0
0
0
0
0
0
0
0
0
0
0
1
0
1
0
0
0
0
0
-1
0
1
0
0
-1
0
-1
0
0
-1
0
0
0
0
0
0
0
0
0
0
0
0
0
0
0
0
0
0
0
0
0
0
0
0
0
0
0
0
0
0
0
0
0
-1
0
0
0
0
0
0
0
-1
0
0
0
0
0
0
0
0
0
0
0
0
0
0
0
0
0
0
0
0
0
0
1
-1
0
0
0
0
0
0
0
1
0
0
0
0
0
-1
0
0
0
0
0
0
0
0
0
0
-1
-1
-1
-1
0
-1
0
0
0
0
0
0
-1
-1
0
-1
0
0
0
-1
0
0
0
0
0
0
0
1
0
0
0
0
0
0
0
0
0
0
1
1
0
0
0
0
0
0
0
0
0
0
0
1
0
0
0
0
0
1
1
0
0
0
0
0
-1
0
0
0
0
0
0
1
0
0
1
0
0
0
1
0
0
1
0
1
1
0
0
0
0
0
0
0
0
0
0
1
0
1
1
-1
0
0
0
0
0
0
0
0
0
0
0
1
0
0
1
0
0
0
1
0
0
0
-1
0
0
0
0
0
0
0
0
0
0
1
0
0
0
-1
-1
0
0
0
0
0
0
0
0
0
0
-1
0
1
0
0
0
0
0
0
0
-1
0
1
0
0
0
0
-1
0
-1
-1
0
0
0
0
1
0
0
0
0
0
0
0
0
1
1
0
1
-1
0
0
0
0
0
0
0
0
0
0
0
0
0
0
0
0
0
0
0
0
0
0
0
0
0
0
0
0
-1
1
0
1
0
0
1
0
0
0
0
0
1
-1
0
0
0
0
0
1
0
0
-1
0
0
0
0
1
0
0
1
-1
-1
0
0
0
0
0
0
0
0
0
0
0
-1
0
0
0
1
0
0
0
0
1
0
-1
-1
0
0
0
-1
0
0
0
0
0
-1
0
0
0
0
-1
0
0
0
0
0
0
0
0
0
0
0
0
0
0
-1
0
0
0
0
0
0
0
0
0
1
0
-1
0
0
0
0
0
0
0
0
0
0
0
0
0
0
0
0
0
0
0
-1
0
0
0
0
0
0
0
0
0
0
0
0
0
1
0
0
0
0
0
0
0
1
0
0
0
1
1
0
0
0
-1
1
1
0
0
0
0
0
0
0
1
0
0
0
1
0
0
0
0
0
-1
0
0
0
0
0
0
0
0
0
0
-1
-1
-1
0
0
0
0
-1
0
0
0
0
0
0
0
0
0
1
0
1
0
0
0
0
0
0
1
-1
0
1
-1
0
0
0
0
0
0
0
-1
0
0
0
-1
0
-1
0
0
0
0
0
-1
0
0
1
0
1
1
0
1
1
1
1
0
-2
-1
-1
-3
-2
-1
-2
-3
-3
-3
-2
-2
-1
-1
-1
-1
0
2
2
2
3
1
1
0
1
0
0
-2
-2
-2
-2
0
-1
1
0
0
1
1
2
3
2
1
0
1
1
1
1
-1
-2
-1
0
0
0
0
0
-1
-2
-3
-3
-3
-1
0
2
2
2
1
1
3
4
6
6
8
9
12
15
16
15
8
0
-6
-12
-15
-17
-17
-13
-4
7
17
21
18
15
10
2
-8
-15
-17
-23
-42
-59
-59
-34
-12
-15
-32
-38
-27
-15
-9
11
39
47
31
20
38
63
56
22
-8
-23
-39
-57
-61
-47
-33
-37
-42
-28
2
29
38
34
34
37
37
40
48
60
55
39
25
20
21
14
-1
-18
-33
-42
-42
-35
-24
-14
-7
-2
4
14
26
32
31
24
19
18
20
21
21
28
40
44
36
17
3
-12
-31
-51
-69
-96
-127
-145
-131
-83
-28
25
64
91
123
155
179
173
131
59
-4
-49
-71
-57
-34
-32
-64
-94
-103
-114
-136
-160
-197
-238
-256
-220
-121
-6
95
163
205
230
224
172
54
-90
-205
-250
-218
-175
-112
-10
91
167
183
259
458
642
626
356
122
162
340
392
268
151
79
-123
-409
-494
-329
-218
-404
-639
-559
-213
106
272
450
649
691
533
381
421
480
327
-28
-335
-424
-392
-397
-437
-454
-484
-598
-740
-709
-503
-315
-260
-270
-182
13
257
474
616
645
550
386
221
113
42
-52
-229
-460
-616
-587
-423
-276
-220
-232
-252
-243
-183
-39
113
199
208
214
343
660
1050
1246
1113
755
398
140
-65
-254
-501
-817
-1141
-1312
-1181
-788
-339
-13
193
328
460
611
757
783
589
256
-60
-231
-263
-193
-140
-193
-348
-493
-510
-436
-347
-350
-432
-505
-474
-285
-14
240
373
368
271
179
161
168
53
-188
-347
-290
-65
166
392
596
647
566
657
1069
1426
1259
669
284
303
364
205
3
-51
-193
-583
-879
-687
-218
-24
-250
-431
-233
129
360
483
723
937
833
475
278
441
570
292
-255
-630
-738
-833
-1004
-1042
-894
-821
-933
-999
-713
-237
51
47
10
146
312
373
380
452
489
321
38
-117
-66
-19
-169
-432
-608
-659
-662
-634
-550
-440
-395
-382
-268
-11
259
409
467
480
486
446
491
752
1039
1100
823
429
171
54
-41
-246
-603
-1027
-1376
-1524
-1366
-960
-470
-64
214
487
840
1209
1415
1298
897
391
-69
-400
-547
-546
-515
-575
-679
-651
-482
-296
-208
-243
-342
-415
-386
-222
30
253
383
434
433
451
426
337
213
34
-129
-276
-321
-143
193
485
525
399
541
1026
1458
1394
913
631
706
781
605
325
199
17
-475
-1000
-1048
-634
-384
-597
-815
-562
-14
335
438
604
808
772
453
247
423
640
486
8
-359
-432
-466
-669
-904
-999
-1048
-1201
-1345
-1231
-876
-517
-329
-215
-2
288
547
693
742
697
548
335
140
2
-73
-123
-233
-422
-610
-651
-564
-494
-522
-581
-539
-401
-239
-77
132
389
587
661
735
991
1366
1518
1283
828
410
107
-180
-474
-763
-1063
-1389
-1627
-1587
-1242
-770
-375
-87
170
488
843
1138
1216
1028
679
292
-30
-281
-429
-503
-604
-768
-851
-733
-484
-273
-223
-233
-215
-124
2
148
316
393
365
196
43
34
82
98
39
-6
38
86
43
204
625
1016
1029
684
710
1197
1607
1441
929
740
826
711
296
26
12
-117
-673
-1198
-1137
-709
-438
-519
-486
-129
304
525
635
877
1065
954
557
294
294
289
45
-336
-589
-732
-871
-1036
-1078
-1042
-1063
-1133
-1125
-919
-667
-461
-279
-76
98
210
320
471
585
495
280
64
-33
-83
-206
-334
-443
-539
-648
-675
-508
-307
-292
-423
-437
-252
-62
0
49
184
332
474
772
1244
1580
1484
1049
630
355
94
-273
-742
-1187
-1533
-1702
-1606
-1238
-704
-201
187
447
674
924
1094
1023
686
279
-31
-236
-366
-400
-366
-369
-446
-518
-491
-400
-317
-276
-274
-240
-113
74
267
385
379
269
57
-141
-222
-237
-250
-302
-337
-150
272
823
1282
1496
1605
1767
1995
1999
1638
1161
848
669
353
-67
-308
-328
-414
-724
-1000
-925
-622
-498
-604
-623
-290
164
411
514
729
1099
1304
1166
909
813
747
398
-246
-825
-1117
-1348
-1705
-2054
-2114
-1914
-1689
-1501
-1205
-698
-187
133
282
443
684
851
842
714
611
536
399
158
-60
-204
-337
-560
-870
-1093
-1169
-1140
-1089
-1017
-875
-627
-294
63
420
723
983
1117
1109
1033
1042
1288
1522
1493
1136
650
270
-26
-304
-588
-977
-1497
-1957
-2141
-1817
-1199
-622
-188
148
614
1082
1396
1502
1370
971
363
-221
-538
-534
-460
-463
-535
-502
-299
-84
45
71
10
-172
-402
-501
-361
-109
-14
-113
-219
-178
-28
83
113
125
89
-5
-31
94
332
560
754
948
1092
1105
1141
1410
1754
1764
1282
758
659
802
684
202
-281
-589
-910
-1341
-1530
-1214
-723
-527
-589
-381
298
994
1228
1111
1015
987
775
362
98
106
97
-222
-683
-852
-692
-634
-938
-1362
-1564
-1551
-1589
-1653
-1482
-1033
-580
-324
-113
303
831
1139
1124
951
791
600
305
-2
-211
-357
-566
-819
-968
-927
-804
-714
-677
-662
-618
-508
-305
-3
287
485
638
884
1470
2113
2308
1949
1321
863
521
94
-396
-935
-1497
-1939
-2070
-1728
-1045
-473
-171
-8
280
661
862
855
670
358
-21
-292
-330
-163
31
41
-135
-317
-317
-240
-293
-439
-483
-409
-352
-217
62
432
617
455
162
-77
-250
-468
-698
-767
-643
-487
-293
72
626
1274
1707
1801
1697
1652
1825
1943
1720
1261
907
795
735
548
282
17
-408
-1017
-1534
-1671
-1485
-1353
-1351
-1158
-551
250
874
1267
1636
1980
1965
1531
1010
735
540
9
-759
-1308
-1415
-1406
-1585
-1805
-1789
-1627
-1614
-1711
-1593
-1127
-620
-362
-236
64
552
957
1140
1170
1159
1024
688
248
-100
-299
-498
-804
-1158
-1367
-1340
-1141
-916
-793
-704
-523
-241
26
241
439
700
902
1069
1411
1829
2185
2161
1774
1315
838
351
-204
-853
-1468
-1977
-2288
-2232
-1851
-1256
-605
-57
438
884
1308
1559
1467
1070
545
73
-332
-616
-708
-620
-504
-450
-403
-260
-70
48
14
-184
-340
-321
-133
70
121
71
-7
-84
-203
-316
-371
-387
-495
-663
-623
-213
362
741
982
1254
1613
1863
1907
2010
2142
1979
1376
692
490
675
596
32
-588
-911
-1066
-1355
-1580
-1436
-1101
-935
-934
-613
215
1113
1548
1546
1501
1506
1349
933
494
200
-119
-637
-1184
-1407
-1270
-1121
-1255
-1531
-1669
-1629
-1529
-1422
-1210
-908
-663
-476
-199
280
815
1150
1224
1151
1015
839
616
349
11
-396
-779
-1052
-1188
-1212
-1124
-978
-874
-826
-731
-461
-83
231
394
550
785
1206
1767
2173
2355
2216
1837
1398
903
426
-76
-764
-1519
-2124
-2349
-2089
-1620
-1150
-713
-248
269
712
1016
1149
1058
718
249
-157
-367
-409
-391
-421
-487
-452
-325
-174
-156
-228
-266
-255
-210
-183
-107
72
208
146
-36
-182
-221
-307
-550
-758
-741
-499
-218
48
415
986
1563
1864
1989
2201
2570
2658
2185
1467
1010
887
630
29
-576
-884
-1092
-1409
-1651
-1466
-982
-746
-826
-776
-253
491
945
1051
1170
1441
1613
1501
1240
1099
938
437
-393
-1158
-1510
-1624
-1870
-2290
-2523
-2357
-1982
-1647
-1315
-809
-213
174
271
362
652
975
997
713
455
400
414
272
6
-205
-331
-544
-888
-1167
-1244
-1177
-1153
-1193
-1125
-831
-364
76
383
596
839
1102
1354
1627
1899
2065
1936
1539
1100
788
531
134
-471
-1166
-1738
-2026
-1985
-1719
-1339
-924
-468
26
511
976
1332
1419
1124
623
206
-26
-205
-427
-575
-579
-504
-420
-271
-64
76
51
-77
-161
-174
-143
-110
-118
-232
-391
-475
-466
-448
-510
-545
-445
-273
-97
115
482
994
1427
1615
1750
2039
2511
2800
2508
1858
1293
1008
742
188
-504
-1040
-1440
-1819
-2021
-1787
-1206
-745
-623
-505
-9
705
1205
1361
1385
1446
1407
1184
966
893
774
320
-392
-987
-1278
-1486
-1838
-2226
-2419
-2407
-2332
-2161
-1710
-1008
-379
-23
206
558
994
1235
1170
963
788
600
344
98
-25
-99
-293
-608
-883
-1014
-1083
-1172
-1266
-1294
-1210
-1003
-648
-173
262
574
854
1144
1446
1625
1720
1875
1937
1764
1332
846
520
224
-194
-696
-1181
-1536
-1732
-1777
-1574
-1184
-749
-358
-11
418
869
1152
1142
870
508
190
-96
-366
-546
-569
-518
-523
-506
-334
-55
136
137
86
118
145
97
9
-67
-168
-395
-711
-883
-858
-765
-702
-645
-440
-15
571
1206
1735
2068
2325
2631
2930
2959
2566
1956
1355
840
292
-322
-818
-1191
-1524
-1837
-1941
-1670
-1171
-784
-590
-380
21
550
951
1191
1392
1578
1627
1497
1366
1314
1137
615
-173
-918
-1473
-1971
-2477
-2857
-2977
-2895
-2731
-2379
-1730
-887
-179
270
605
977
1322
1421
1292
1092
903
660
336
66
-71
-181
-417
-759
-1070
-1232
-1303
-1379
-1465
-1496
-1362
-1061
-621
-122
349
748
1073
1337
1538
1672
1760
1886
1893
1675
1286
886
607
275
-200
-679
-1093
-1477
-1801
-1940
-1726
-1269
-836
-463
-8
589
1091
1276
1182
965
676
255
-222
-549
-639
-604
-569
-528
-338
-12
250
308
228
153
88
-102
-358
-510
-528
-545
-718
-880
-870
-758
-661
-588
-376
-34
292
625
1116
1753
2231
2442
2631
3031
3354
3086
2285
1507
1072
644
-145
-1053
-1599
-1799
-2013
-2256
-2090
-1364
-644
-394
-356
41
824
1358
1369
1264
1432
1694
1620
1284
1138
1182
909
73
-921
-1525
-1815
-2277
-2940
-3359
-3285
-2956
-2664
-2247
-1469
-544
136
492
826
1290
1627
1599
1304
991
749
511
244
-11
-232
-450
-674
-910
-1143
-1308
-1384
-1428
-1525
-1612
-1475
-1019
-432
13
325
743
1281
1714
1874
1930
2154
2339
2154
1597
980
606
298
-158
-667
-1100
-1435
-1751
-1936
-1739
-1230
-743
-436
-158
298
831
1158
1169
955
650
305
-59
-349
-494
-514
-513
-541
-499
-295
8
243
292
230
170
108
29
-64
-151
-285
-549
-872
-1089
-1136
-1059
-897
-663
-363
-56
363
1069
1916
2494
2630
2682
3012
3375
3161
2393
1652
1264
905
158
-684
-1128
-1283
-1614
-2123
-2271
-1779
-1127
-886
-863
-495
301
993
1228
1303
1609
1984
1970
1592
1319
1305
1090
296
-765
-1500
-1876
-2315
-2926
-3329
-3285
-3050
-2874
-2547
-1799
-849
-144
226
589
1127
1568
1651
1484
1295
1102
787
393
73
-133
-337
-620
-931
-1191
-1345
-1404
-1424
-1462
-1508
-1432
-1126
-615
-98
296
660
1080
1498
1785
1921
2195
2513
2488
2017
1288
771
480
56
-545
-1199
-1745
-2068
-2200
-2016
-1515
-963
-461
-22
471
1006
1394
1520
1303
804
240
-182
-446
-643
-787
-779
-652
-482
-227
103
400
466
296
110
-25
-160
-329
-478
-537
-644
-869
-1037
-1001
-819
-624
-459
-223
104
484
1028
1713
2281
2555
2686
2958
3294
3210
2567
1757
1168
726
57
-773
-1353
-1581
-1765
-2052
-2116
-1655
-967
-566
-455
-197
429
1056
1307
1342
1513
1795
1831
1549
1288
1192
961
296
-658
-1432
-1931
-2442
-3022
-3402
-3375
-3118
-2875
-2475
-1698
-763
-64
351
775
1304
1644
1604
1381
1210
1012
632
169
-133
-258
-436
-740
-1026
-1163
-1218
-1306
-1399
-1449
-1426
-1335
-1090
-626
-76
386
766
1158
1608
1952
2120
2348
2530
2446
1937
1171
610
240
-184
-720
-1324
-1800
-2073
-2191
-1969
-1444
-841
-303
138
638
1196
1614
1722
1455
931
378
-101
-517
-866
-1059
-1050
-990
-926
-721
-308
110
282
227
209
253
210
47
-133
-228
-369
-661
-943
-1034
-942
-752
-596
-417
-130
324
1036
1794
2283
2477
2647
3009
3300
3045
2317
1639
1217
827
143
-621
-1032
-1175
-1424
-1807
-1900
-1470
-910
-715
-723
-436
268
941
1204
1267
1486
1815
1900
1637
1333
1169
881
225
-685
-1457
-1961
-2439
-2967
-3354
-3374
-3103
-2777
-2350
-1657
-809
-100
358
732
1188
1540
1587
1410
1156
881
540
155
-134
-326
-532
-778
-1014
-1160
-1212
-1256
-1315
-1383
-1431
-1374
-1123
-701
-199
275
715
1177
1606
2041
2482
2746
2675
2262
1725
1244
746
129
-524
-1136
-1634
-2005
-2188
-2034
-1600
-1070
-594
-131
431
1014
1448
1588
1432
1094
704
306
-108
-523
-810
-909
-930
-919
-787
-459
-104
62
88
141
272
322
197
22
-120
-288
-575
-875
-1027
-1025
-981
-912
-720
-406
5
544
1206
1888
2309
2455
2613
2953
3225
2931
2109
1346
976
691
111
-619
-1039
-1203
-1509
-1904
-1918
-1363
-803
-722
-793
-395
449
1100
1269
1342
1651
1935
1839
1472
1249
1197
855
28
-916
-1530
-1886
-2350
-2945
-3317
-3268
-3020
-2788
-2420
-1700
-804
-131
242
620
1166
1614
1702
1485
1225
998
675
280
-65
-287
-476
-749
-1043
-1234
-1284
-1273
-1293
-1389
-1476
-1410
-1098
-596
-98
314
753
1273
1788
2128
2365
2675
2840
2568
1841
1034
499
78
-463
-1086
-1640
-1995
-2164
-2125
-1715
-1072
-478
-52
288
753
1255
1572
1555
1181
643
147
-245
-551
-803
-935
-937
-924
-851
-611
-226
89
156
92
79
136
150
29
-136
-328
-560
-762
-895
-871
-812
-794
-691
-477
-30
637
1364
1939
2154
2267
2662
3224
3423
2878
1925
1251
946
600
0
-591
-885
-1088
-1478
-1782
-1559
-922
-514
-628
-769
-387
397
990
1174
1307
1598
1816
1710
1422
1327
1269
785
-175
-1168
-1745
-2062
-2516
-3069
-3370
-3281
-3002
-2698
-2202
-1394
-549
-4
286
647
1155
1551
1603
1385
1111
820
507
207
-37
-240
-505
-838
-1137
-1319
-1378
-1373
-1378
-1433
-1495
-1389
-983
-379
156
521
869
1363
1872
2274
2596
2800
2782
2298
1513
844
410
19
-610
-1397
-1978
-2199
-2143
-1868
-1427
-860
-309
119
547
1028
1484
1664
1400
839
307
-29
-288
-618
-938
-1062
-1007
-893
-753
-491
-151
65
62
9
86
209
195
31
-163
-361
-567
-765
-844
-825
-831
-827
-719
-380
215
927
1615
2067
2202
2359
2814
3376
3456
2720
1697
1063
796
432
-181
-720
-972
-1238
-1655
-1813
-1363
-628
-309
-500
-560
-41
735
1230
1355
1470
1685
1750
1547
1314
1252
1098
488
-528
-1432
-1923
-2242
-2696
-3218
-3477
-3396
-3151
-2803
-2190
-1319
-519
-34
275
726
1273
1621
1614
1364
1052
728
409
144
-59
-289
-589
-917
-1197
-1383
-1463
-1455
-1453
-1547
-1648
-1488
-945
-229
340
687
1078
1657
2234
2538
2631
2857
3049
2735
1841
864
352
100
-411
-1190
-1859
-2153
-2170
-2075
-1717
-1053
-374
65
361
816
1408
1767
1633
1127
552
91
-283
-634
-913
-1029
-1009
-996
-940
-703
-313
-22
-13
-130
-162
-132
-204
-346
-458
-558
-733
-919
-911
-740
-606
-560
-423
-74
427
979
1584
2075
2255
2388
2781
3343
3437
2695
1694
1104
845
410
-302
-864
-1069
-1282
-1626
-1712
-1222
-487
-178
-304
-310
163
835
1243
1336
1411
1569
1630
1530
1385
1350
1182
563
-406
-1307
-1860
-2271
-2805
-3357
-3639
-3595
-3350
-2923
-2177
-1216
-416
50
421
949
1498
1755
1638
1356
1047
692
334
73
-71
-247
-588
-996
-1291
-1417
-1460
-1525
-1641
-1764
-1775
-1519
-956
-269
313
739
1171
1731
2317
2726
2900
2946
2813
2368
1661
935
386
-106
-775
-1519
-2041
-2208
-2096
-1860
-1472
-893
-301
178
593
1037
1454
1586
1331
857
393
47
-256
-587
-868
-1004
-994
-917
-781
-553
-285
-123
-128
-147
-76
-14
-80
-248
-415
-568
-789
-1006
-1045
-939
-845
-799
-588
-63
629
1246
1749
2146
2377
2598
2996
3449
3454
2692
1678
1088
879
568
-90
-764
-1128
-1426
-1759
-1787
-1296
-625
-367
-471
-328
329
1108
1560
1676
1744
1824
1765
1563
1405
1328
1038
318
-643
-1398
-1840
-2248
-2804
-3351
-3632
-3628
-3471
-3110
-2389
-1461
-693
-241
176
818
1497
1833
1715
1428
1152
841
490
173
-60
-301
-671
-1106
-1425
-1551
-1549
-1589
-1753
-1946
-1952
-1611
-965
-274
268
709
1198
1755
2242
2541
2851
3172
3147
2672
1935
1362
1015
489
-280
-1051
-1664
-2061
-2324
-2331
-1955
-1448
-989
-559
18
783
1435
1740
1688
1373
946
509
67
-377
-771
-995
-1070
-1068
-944
-645
-265
-89
-141
-210
-209
-247
-435
-667
-830
-960
-1102
-1163
-1011
-775
-639
-508
-234
232
780
1279
1786
2111
2203
2406
2900
3463
3444
2639
1682
1116
842
432
-240
-833
-1209
-1557
-1831
-1722
-1086
-374
-131
-235
-141
419
1097
1474
1573
1640
1735
1716
1602
1588
1641
1388
627
-387
-1215
-1759
-2325
-3022
-3639
-3939
-3953
-3777
-3295
-2412
-1353
-549
-79
380
1042
1685
1918
1712
1371
1073
762
413
95
-111
-322
-682
-1132
-1485
-1616
-1624
-1707
-1941
-2147
-2096
-1687
-1031
-356
225
716
1211
1808
2426
2924
3209
3227
2983
2537
2010
1502
968
267
-562
-1357
-1937
-2214
-2255
-2117
-1815
-1380
-834
-221
427
1042
1495
1672
1553
1245
885
520
117
-341
-755
-991
-1044
-1020
-924
-732
-500
-332
-269
-216
-163
-176
-301
-476
-646
-821
-989
-1092
-1066
-986
-880
-693
-333
183
748
1333
1885
2238
2292
2390
2823
3371
3389
2558
1498
928
798
533
-100
-762
-1131
-1395
-1692
-1697
-1162
-422
-106
-242
-218
372
1189
1665
1737
1725
1792
1758
1568
1406
1351
1119
447
-532
-1373
-1852
-2230
-2744
-3300
-3639
-3656
-3451
-3030
-2307
-1411
-669
-212
184
757
1382
1706
1622
1336
1036
726
413
147
-50
-270
-633
-1066
-1404
-1540
-1552
-1610
-1794
-2013
-2047
-1703
-1066
-377
171
581
1053
1640
2248
2740
3018
3030
2776
2382
1959
1550
1058
375
-416
-1138
-1638
-1870
-1931
-1890
-1734
-1451
-1026
-474
122
704
1155
1373
1361
1205
1010
789
440
-29
-454
-706
-810
-850
-837
-716
-514
-363
-296
-261
-233
-231
-312
-507
-741
-946
-1041
-989
-907
-856
-786
-591
-244
149
573
1087
1661
2051
2050
1970
2300
3001
3420
2930
1845
1083
932
866
358
-410
-937
-1241
-1608
-1839
-1493
-652
-69
-161
-378
-4
880
1548
1674
1590
1630
1694
1550
1336
1334
1349
929
7
-995
-1584
-1888
-2343
-2994
-3551
-3765
-3681
-3394
-2791
-1894
-1056
-529
-165
382
1108
1610
1662
1437
1179
889
539
229
70
-48
-374
-889
-1323
-1498
-1479
-1507
-1692
-1915
-2016
-1810
-1288
-624
-10
442
854
1391
2002
2578
2990
3138
3026
2643
2180
1780
1369
793
-28
-896
-1535
-1888
-2010
-1962
-1795
-1507
-1148
-679
-47
632
1176
1413
1351
1151
950
743
456
42
-397
-680
-806
-860
-838
-705
-520
-396
-402
-400
-268
-150
-189
-389
-605
-734
-805
-876
-925
-954
-945
-840
-611
-285
69
516
1094
1703
2084
2124
2156
2575
3198
3385
2734
1652
995
868
706
151
-549
-967
-1235
-1601
-1781
-1334
-530
-114
-309
-425
155
1081
1645
1709
1727
1866
1869
1585
1322
1330
1244
609
-469
-1394
-1815
-2049
-2492
-3043
-3394
-3458
-3344
-3051
-2385
-1498
-830
-511
-202
399
1072
1410
1392
1292
1143
794
326
54
25
-125
-640
-1254
-1576
-1590
-1544
-1635
-1757
-1797
-1727
-1480
-1008
-372
233
665
1041
1567
2216
2786
3049
3000
2778
2443
2013
1469
853
221
-468
-1168
-1711
-1944
-1836
-1562
-1315
-1079
-692
-98
511
898
1036
1052
1022
881
602
307
84
-121
-381
-641
-750
-700
-596
-539
-500
-427
-343
-250
-201
-221
-321
-497
-652
-733
-797
-881
-988
-1033
-910
-693
-416
-91
366
1008
1645
2067
2185
2247
2606
3137
3360
2907
1962
1213
913
727
302
-340
-855
-1220
-1567
-1714
-1371
-667
-197
-255
-349
80
886
1508
1662
1671
1783
1820
1614
1334
1265
1212
722
-264
-1248
-1773
-2006
-2401
-2995
-3427
-3503
-3372
-3144
-2633
-1789
-974
-519
-260
203
881
1371
1452
1316
1148
883
502
183
52
-51
-426
-1040
-1536
-1699
-1651
-1642
-1755
-1863
-1824
-1580
-1122
-524
101
621
1057
1535
2111
2707
3060
3052
2797
2474
2129
1634
958
243
-421
-1054
-1622
-1964
-1918
-1630
-1384
-1212
-900
-293
396
834
987
1053
1103
1017
740
402
129
-105
-379
-660
-809
-788
-675
-580
-528
-465
-337
-177
-79
-97
-228
-385
-526
-680
-828
-958
-1051
-1048
-942
-739
-443
-123
328
967
1628
2143
2348
2331
2426
2789
3157
3060
2266
1256
666
532
435
23
-540
-975
-1281
-1481
-1389
-895
-329
-132
-260
-169
384
1120
1595
1754
1814
1798
1658
1431
1275
1161
795
3
-974
-1741
-2142
-2390
-2726
-3062
-3272
-3285
-3091
-2643
-1893
-1100
-583
-331
-39
479
1030
1315
1316
1175
911
528
160
-7
-62
-320
-897
-1497
-1792
-1789
-1710
-1733
-1797
-1787
-1633
-1276
-706
-30
607
1115
1548
2007
2465
2872
3130
3124
2822
2276
1608
961
365
-205
-773
-1380
-1906
-2125
-1922
-1448
-1001
-702
-368
139
658
977
1092
1115
1022
741
336
8
-155
-273
-462
-683
-810
-791
-659
-509
-406
-350
-306
-247
-239
-368
-565
-709
-814
-941
-1163
-1344
-1333
-1187
-935
-628
-196
532
1422
2226
2726
2874
3110
3697
4289
4302
3495
2360
1580
1171
735
119
-475
-922
-1415
-1948
-2065
-1436
-531
-150
-339
-377
290
1305
1943
2131
2279
2507
2545
2235
1889
1812
1612
777
-624
-1920
-2619
-3023
-3633
-4390
-4836
-4804
-4526
-4146
-3454
-2359
-1240
-558
-215
267
1020
1704
1905
1661
1301
980
658
286
-57
-370
-799
-1443
-2147
-2575
-2609
-2483
-2486
-2651
-2627
-2191
-1429
-561
218
1025
1878
2641
3219
3626
3975
4244
4166
3601
2757
1823
943
80
-778
-1477
-2048
-2543
-2819
-2631
-1965
-1186
-645
-253
274
945
1488
1686
1607
1391
1050
548
3
-383
-588
-751
-953
-1131
-1139
-912
-614
-418
-351
-321
-245
-203
-362
-620
-794
-939
-1153
-1513
-1725
-1574
-1268
-952
-678
-164
801
1900
2811
3267
3363
3669
4317
4914
4812
3734
2396
1545
1078
523
-212
-806
-1150
-1618
-2204
-2238
-1360
-267
62
-291
-340
474
1553
2057
2119
2312
2661
2691
2226
1876
1977
1894
920
-758
-2098
-2616
-2963
-3751
-4703
-5151
-4971
-4666
-4367
-3624
-2349
-1136
-507
-233
313
1235
1954
2041
1678
1273
974
687
335
-38
-387
-839
-1467
-2120
-2541
-2589
-2437
-2460
-2747
-2908
-2505
-1578
-594
97
701
1612
2683
3433
3816
4119
4442
4418
3682
2625
1791
1133
273
-866
-1851
-2329
-2494
-2586
-2471
-1961
-1159
-468
-14
420
980
1499
1654
1389
985
702
506
164
-345
-705
-807
-804
-863
-961
-836
-538
-330
-284
-295
-244
-225
-407
-725
-964
-1135
-1314
-1575
-1802
-1802
-1561
-1102
-611
-25
829
1885
2914
3482
3511
3618
4207
4920
4937
3813
2343
1508
1248
838
-54
-909
-1322
-1643
-2174
-2423
-1798
-657
-50
-309
-477
280
1592
2439
2512
2442
2656
2835
2531
2026
1803
1643
855
-668
-2127
-2799
-3009
-3556
-4466
-5126
-5117
-4704
-4233
-3542
-2478
-1400
-704
-273
324
1207
1947
2156
1901
1458
1066
780
513
158
-374
-1014
-1637
-2167
-2527
-2646
-2571
-2509
-2664
-2835
-2532
-1652
-595
143
628
1371
2421
3322
3755
3903
4178
4382
3929
2887
1836
1137
495
-515
-1604
-2253
-2437
-2502
-2509
-2128
-1317
-523
-57
252
738
1338
1661
1565
1202
846
553
168
-240
-559
-740
-840
-979
-1051
-892
-576
-325
-226
-201
-179
-232
-428
-685
-906
-1153
-1468
-1741
-1810
-1671
-1453
-1134
-603
173
1119
2077
2953
3489
3557
3623
4120
4772
4723
3540
2050
1288
1134
805
-33
-898
-1364
-1693
-2149
-2286
-1629
-620
-140
-372
-457
339
1610
2401
2475
2389
2532
2695
2473
2028
1772
1512
722
-680
-2053
-2755
-3023
-3523
-4329
-4979
-5070
-4714
-4187
-3424
-2417
-1433
-763
-274
370
1220
1939
2165
1925
1476
1058
786
591
281
-264
-995
-1687
-2175
-2466
-2590
-2594
-2576
-2671
-2770
-2480
-1606
-481
318
768
1394
2413
3422
3948
4041
4109
4146
3709
2787
1766
969
261
-715
-1771
-2461
-2646
-2517
-2291
-1904
-1247
-480
158
610
1002
1412
1673
1558
1122
673
389
142
-240
-654
-860
-894
-926
-984
-901
-639
-435
-385
-382
-321
-269
-363
-556
-737
-935
-1190
-1416
-1514
-1452
-1346
-1121
-648
-18
723
1525
2420
3218
3478
3328
3481
4194
4770
4199
2609
1363
1113
1165
602
-466
-1196
-1444
-1744
-2163
-2037
-1139
-255
-173
-532
-276
876
2074
2490
2355
2285
2452
2446
2060
1682
1438
928
-202
-1608
-2593
-2967
-3253
-3821
-4432
-4749
-4655
-4254
-3533
-2519
-1576
-996
-584
26
861
1563
1837
1811
1624
1257
797
455
285
36
-569
-1389
-1998
-2246
-2287
-2318
-2390
-2439
-2433
-2234
-1663
-765
106
660
1090
1789
2711
3439
3790
3890
3898
3654
2946
2081
1361
667
-239
-1327
-2177
-2514
-2521
-2386
-2052
-1484
-792
-168
400
970
1460
1689
1566
1217
832
515
199
-177
-544
-744
-807
-856
-929
-863
-590
-387
-372
-408
-299
-180
-330
-660
-863
-901
-1010
-1266
-1440
-1356
-1200
-1055
-761
-207
582
1417
2215
2863
3097
3099
3418
4156
4659
4119
2722
1581
1244
1183
706
-162
-890
-1345
-1787
-2136
-1871
-1009
-299
-314
-657
-361
731
1807
2216
2161
2175
2352
2342
2038
1802
1664
1150
-23
-1439
-2381
-2733
-3098
-3795
-4461
-4741
-4633
-4331
-3725
-2671
-1584
-975
-707
-193
736
1571
1814
1641
1457
1234
832
367
105
-14
-434
-1259
-2041
-2358
-2281
-2213
-2346
-2508
-2493
-2208
-1635
-849
-18
616
1115
1695
2506
3343
3897
4097
3942
3557
2994
2343
1662
861
-143
-1219
-2109
-2594
-2633
-2402
-2006
-1514
-917
-244
451
1094
1561
1782
1659
1277
832
481
170
-205
-625
-917
-977
-974
-949
-847
-629
-442
-425
-466
-393
-242
-242
-470
-737
-851
-888
-979
-1153
-1276
-1257
-1129
-881
-505
101
936
1848
2575
2902
2947
3290
4183
4969
4765
3402
2029
1577
1601
1194
186
-738
-1235
-1668
-2188
-2175
-1346
-447
-345
-802
-698
344
1569
2083
2028
2026
2252
2356
2093
1850
1798
1500
474
-1011
-2122
-2534
-2852
-3601
-4487
-4963
-4901
-4649
-4207
-3292
-2105
-1267
-935
-512
366
1334
1784
1710
1519
1324
964
531
299
222
-78
-825
-1636
-2073
-2112
-2039
-2145
-2376
-2555
-2473
-1976
-1184
-362
234
715
1415
2353
3245
3778
4016
4075
3851
3285
2561
1934
1291
321
-882
-1806
-2207
-2283
-2277
-2118
-1675
-1085
-574
-111
474
1067
1380
1278
995
788
666
451
65
-332
-598
-660
-719
-815
-801
-637
-444
-419
-480
-341
-71
-64
-374
-761
-918
-949
-1138
-1394
-1500
-1400
-1226
-949
-480
257
1133
1980
2726
3149
3203
3221
3698
4414
4597
3692
2235
1359
1256
1242
691
-199
-916
-1416
-1916
-2178
-1755
-881
-390
-646
-877
-233
1125
2138
2325
2230
2352
2506
2192
1659
1415
1293
570
-915
-2312
-2862
-2880
-3262
-4066
-4667
-4708
-4449
-4165
-3566
-2520
-1522
-1054
-815
-209
825
1655
1836
1665
1439
1150
769
429
257
31
-608
-1511
-2161
-2320
-2174
-2097
-2246
-2423
-2403
-2033
-1271
-379
366
939
1572
2341
3105
3696
4032
4172
4000
3402
2611
1826
1066
249
-711
-1599
-2216
-2503
-2365
-1958
-1468
-1017
-597
-17
591
1018
1217
1229
1108
804
385
85
-51
-197
-481
-740
-818
-779
-696
-627
-536
-427
-375
-323
-219
-191
-329
-590
-825
-961
-1069
-1213
-1378
-1470
-1435
-1162
-665
27
914
1891
2739
3141
3133
3332
4217
5146
5127
3816
2225
1585
1563
1279
378
-586
-1188
-1766
-2435
-2553
-1701
-619
-340
-878
-970
43
1491
2277
2254
2215
2451
2588
2248
1837
1779
1657
711
-958
-2317
-2735
-2768
-3385
-4424
-5072
-5036
-4710
-4368
-3680
-2513
-1451
-998
-762
-82
1036
1862
1955
1664
1382
1125
813
521
321
43
-604
-1469
-2102
-2291
-2159
-2114
-2336
-2643
-2683
-2241
-1421
-555
119
619
1173
2017
3084
4089
4567
4456
4029
3543
3137
2586
1729
603
-667
-1819
-2592
-2868
-2640
-2234
-1903
-1575
-1094
-273
642
1257
1443
1287
1006
747
509
272
46
-230
-533
-764
-798
-660
-484
-406
-466
-520
-504
-380
-228
-235
-424
-669
-878
-1006
-1151
-1347
-1470
-1528
-1516
-1292
-820
-5
1035
2051
2891
3290
3411
3692
4438
5195
5091
3840
2203
1312
1144
960
313
-549
-1258
-1831
-2318
-2310
-1486
-549
-280
-721
-871
-2
1333
2223
2403
2428
2575
2624
2355
2067
1997
1696
609
-1067
-2414
-2934
-3101
-3681
-4525
-5051
-5070
-4770
-4343
-3490
-2285
-1341
-961
-721
-22
1064
1847
1934
1662
1381
1140
829
564
416
159
-492
-1458
-2175
-2371
-2227
-2172
-2424
-2748
-2800
-2383
-1546
-595
125
650
1232
2156
3285
4115
4472
4410
4137
3702
3065
2321
1511
502
-739
-1900
-2571
-2654
-2452
-2221
-1936
-1451
-810
-154
499
1077
1400
1326
996
690
524
360
65
-309
-593
-685
-666
-594
-544
-486
-385
-321
-297
-238
-137
-120
-347
-782
-1101
-1206
-1287
-1517
-1787
-1772
-1510
-1120
-652
62
1116
2216
3056
3403
3463
3627
4182
4835
4797
3755
2264
1302
1067
943
418
-344
-1041
-1657
-2209
-2358
-1736
-834
-450
-730
-858
-119
1171
2171
2503
2542
2618
2646
2363
1978
1749
1452
560
-967
-2325
-2939
-3061
-3458
-4229
-4797
-4865
-4603
-4243
-3584
-2513
-1504
-1022
-782
-211
810
1699
1944
1750
1458
1214
925
609
389
133
-432
-1302
-2091
-2406
-2269
-2106
-2228
-2532
-2613
-2192
-1391
-503
236
899
1673
2436
3164
3759
4190
4408
4105
3397
2607
1916
1205
252
-854
-1705
-2183
-2412
-2397
-2097
-1486
-887
-491
-167
313
905
1267
1213
890
587
371
121
-220
-498
-656
-722
-799
-899
-827
-594
-328
-184
-153
-63
73
29
-256
-606
-871
-1070
-1360
-1661
-1823
-1785
-1594
-1266
-671
206
1230
2214
2943
3249
3285
3458
4138
4813
4574
3278
1810
1241
1310
1096
294
-578
-1124
-1626
-2208
-2312
-1531
-561
-350
-834
-851
241
1700
2469
2412
2354
2586
2657
2253
1749
1603
1392
393
-1220
-2445
-2759
-2748
-3278
-4217
-4771
-4688
-4340
-3994
-3404
-2361
-1363
-887
-653
-65
984
1839
1978
1618
1255
1065
884
604
261
-122
-692
-1434
-2089
-2382
-2300
-2162
-2256
-2553
-2635
-2165
-1228
-268
306
738
1498
2564
3602
4147
4254
4253
4037
3508
2703
1860
1092
100
-1193
-2297
-2742
-2603
-2292
-2043
-1654
-1006
-241
408
917
1322
1467
1264
769
328
136
1
-310
-736
-978
-886
-690
-659
-726
-688
-476
-301
-291
-297
-250
-263
-460
-776
-993
-1073
-1170
-1368
-1567
-1573
-1349
-904
-226
677
1720
2602
3053
3164
3428
4174
4935
4842
3658
2220
1471
1351
1094
404
-343
-910
-1437
-1984
-2068
-1404
-577
-371
-734
-804
-62
1119
1961
2267
2374
2479
2503
2352
2166
2015
1626
658
-750
-1992
-2691
-3050
-3523
-4225
-4790
-4940
-4721
-4235
-3512
-2559
-1633
-1027
-630
-74
777
1572
1916
1764
1400
1098
878
670
406
-6
-582
-1263
-1893
-2270
-2361
-2297
-2312
-2490
-2586
-2306
-1547
-582
272
1048
1803
2589
3255
3707
4065
4209
4024
3457
2574
1609
734
-83
-779
-1411
-1981
-2299
-2302
-1948
-1395
-822
-280
160
426
602
823
1066
1120
830
388
63
-123
-349
-617
-786
-841
-910
-1062
-1063
-739
-300
-39
4
-80
-151
-243
-447
-675
-979
-1345
-1634
-1745
-1666
-1401
-1007
-344
644
1695
2559
2981
3090
3259
3801
4422
4483
3664
2347
1490
1273
1229
844
128
-586
-1205
-1729
-1926
-1505
-842
-499
-651
-711
-104
980
1945
2412
2600
2632
2522
2250
2019
1977
1718
858
-473
-1591
-2137
-2453
-3041
-3812
-4357
-4581
-4632
-4523
-3969
-2972
-2049
-1591
-1277
-604
426
1293
1615
1599
1476
1263
942
654
502
250
-361
-1225
-1906
-2169
-2198
-2268
-2479
-2717
-2801
-2595
-2024
-1156
-284
428
1143
2033
3011
3742
4070
4153
4067
3706
3016
2141
1217
265
-702
-1519
-1985
-2154
-2148
-2001
-1631
-1030
-342
248
676
902
955
957
916
804
555
236
-19
-227
-429
-564
-553
-536
-616
-742
-729
-515
-299
-192
-201
-295
-448
-580
-660
-745
-950
-1268
-1421
-1328
-1111
-880
-549
176
1272
2292
2779
2780
2745
3286
4261
4736
4188
2840
1777
1535
1500
1148
510
-159
-831
-1629
-2191
-1866
-962
-399
-618
-1001
-625
498
1602
2147
2376
2547
2545
2258
1889
1864
1978
1465
142
-1278
-2010
-2144
-2498
-3353
-4190
-4589
-4693
-4703
-4400
-3531
-2465
-1852
-1669
-1247
-230
951
1624
1683
1499
1301
1081
873
751
574
99
-778
-1684
-2170
-2249
-2192
-2275
-2561
-2865
-2873
-2436
-1579
-622
55
675
1434
2368
3244
3744
4027
4161
3928
3281
2425
1620
915
40
-974
-1756
-2160
-2266
-2172
-1855
-1293
-654
-147
228
616
961
1118
1053
834
599
353
94
-90
-217
-302
-373
-526
-666
-715
-659
-541
-471
-405
-266
-192
-325
-559
-635
-560
-644
-1027
-1389
-1282
-932
-743
-684
-305
730
1945
2650
2750
2688
3024
3900
4587
4464
3508
2382
1855
1733
1466
907
300
-296
-1097
-1971
-2232
-1551
-708
-576
-1000
-1013
-125
1109
1910
2234
2479
2642
2499
2081
1841
1960
1861
939
-529
-1627
-2011
-2187
-2809
-3741
-4394
-4658
-4751
-4708
-4198
-3212
-2357
-2027
-1821
-1096
92
1099
1497
1464
1317
1132
926
828
792
509
-230
-1213
-1916
-2149
-2163
-2237
-2488
-2788
-2975
-2845
-2230
-1284
-294
480
1207
2016
2720
3288
3682
3977
4071
3617
2699
1719
923
308
-287
-922
-1430
-1746
-1835
-1604
-1087
-491
-116
14
81
277
557
748
795
672
442
221
86
57
89
29
-216
-560
-769
-679
-431
-290
-239
-155
-35
-75
-362
-545
-541
-636
-1061
-1595
-1712
-1401
-1053
-910
-584
345
1591
2527
2717
2539
2885
3982
4911
4702
3399
2227
2054
2188
1747
781
23
-389
-1078
-2078
-2466
-1743
-777
-619
-1132
-1091
33
1449
2156
2191
2277
2562
2656
2246
1825
1854
1870
1173
-198
-1339
-1647
-1678
-2293
-3404
-4333
-4670
-4675
-4626
-4291
-3574
-2763
-2250
-1888
-1219
-179
853
1419
1456
1219
988
917
997
998
638
-98
-952
-1550
-1827
-1979
-2167
-2474
-2853
-3165
-3188
-2668
-1714
-825
-212
367
1324
2567
3528
3953
4100
4220
4078
3439
2490
1606
835
-76
-1107
-1876
-2200
-2240
-2136
-1813
-1210
-516
-16
299
617
928
1088
959
667
425
252
101
-78
-122
1
61
-115
-394
-455
-272
-166
-294
-396
-346
-338
-599
-913
-925
-804
-941
-1349
-1578
-1326
-893
-610
-275
542
1751
2680
2870
2699
3109
4281
5147
4666
3082
1831
1746
1981
1474
425
-337
-646
-1172
-2019
-2221
-1422
-565
-651
-1260
-1086
181
1511
2012
2021
2267
2691
2739
2358
2108
2196
1992
958
-453
-1418
-1736
-2029
-2827
-3781
-4379
-4590
-4649
-4533
-3966
-3078
-2397
-2116
-1790
-984
101
918
1226
1225
1179
1043
851
858
980
845
147
-887
-1597
-1780
-1806
-2068
-2577
-3037
-3238
-3122
-2619
-1834
-988
-214
583
1610
2609
3339
3763
4023
4160
3896
3202
2280
1304
303
-596
-1258
-1633
-1927
-2209
-2159
-1604
-754
-96
257
493
699
787
711
653
671
561
190
-219
-336
-61
249
206
-122
-399
-336
-92
1
-97
-179
-156
-288
-646
-930
-922
-836
-1103
-1667
-1920
-1532
-918
-416
144
1091
2265
2874
2749
2903
4014
5242
5162
3477
1776
1478
1890
1659
528
-572
-1001
-1325
-1970
-2232
-1548
-590
-453
-1148
-1285
-55
1575
2359
2249
2162
2598
2999
2815
2461
2378
2209
1355
-104
-1233
-1524
-1639
-2320
-3419
-4264
-4470
-4331
-4191
-3836
-3143
-2375
-1902
-1693
-1235
-307
645
1020
828
581
580
677
604
446
417
305
-194
-937
-1475
-1578
-1596
-2040
-2800
-3400
-3487
-3082
-2527
-1968
-1258
-176
1235
2430
3006
3270
3679
4161
4167
3450
2460
1578
601
-523
-1351
-1495
-1321
-1499
-1936
-1859
-954
95
572
526
480
653
749
602
458
485
504
187
-351
-514
-94
406
357
-195
-508
-170
297
330
33
-115
-58
-281
-814
-1211
-1178
-1108
-1459
-1896
-1811
-1131
-439
88
866
2041
3036
3216
2978
3391
4532
5074
4112
2272
1167
1257
1401
830
-125
-755
-1155
-1732
-2181
-1839
-930
-527
-964
-1351
-699
730
1867
2209
2271
2530
2797
2765
2517
2418
2318
1660
401
-809
-1385
-1541
-1935
-2771
-3607
-4008
-4047
-3948
-3685
-3128
-2398
-1881
-1687
-1425
-735
180
786
771
442
294
374
455
396
310
267
71
-424
-988
-1276
-1319
-1506
-2135
-2906
-3317
-3156
-2697
-2182
-1515
-583
566
1521
2165
2752
3372
3789
3670
2991
2130
1392
659
-97
-803
-1276
-1447
-1440
-1303
-1028
-591
-95
368
625
654
606
642
723
585
192
-177
-256
-224
-289
-411
-340
-68
29
-52
-10
323
620
494
71
-167
-137
-272
-738
-1271
-1466
-1421
-1477
-1520
-1246
-491
488
1342
2072
2595
2905
3370
4123
4762
4527
3204
1850
1374
1400
1051
134
-666
-1038
-1413
-1937
-2012
-1244
-386
-423
-1111
-1232
-148
1310
2000
1898
1817
2215
2681
2727
2562
2509
2299
1446
50
-1079
-1417
-1473
-2039
-3132
-4076
-4256
-3850
-3426
-3099
-2689
-2069
-1447
-1066
-779
-262
429
840
664
146
-169
-28
238
194
-119
-422
-506
-509
-657
-912
-1142
-1414
-1962
-2652
-3030
-2854
-2358
-2024
-1833
-1023
446
1876
2667
2819
3079
3506
3496
2881
1988
1082
126
-945
-1751
-1899
-1646
-1406
-1253
-899
-255
490
1124
1486
1532
1205
763
505
385
162
-265
-637
-714
-601
-505
-374
-145
126
264
235
293
524
632
363
-154
-540
-626
-748
-1183
-1702
-1856
-1580
-1270
-992
-316
929
2217
2723
2595
2986
4272
5391
5112
3509
2027
1545
1383
695
-375
-1057
-1250
-1603
-2216
-2292
-1369
-236
-5
-647
-1019
-341
837
1599
1786
1849
2089
2359
2528
2773
3068
2914
2032
732
-370
-1049
-1629
-2319
-3053
-3709
-4176
-4279
-3808
-2856
-1981
-1545
-1283
-806
-131
365
527
581
594
363
-117
-495
-459
-199
-196
-511
-812
-840
-688
-671
-908
-1270
-1698
-2183
-2562
-2725
-2611
-2311
-1946
-1262
-203
910
1864
2540
3058
3365
3179
2669
2077
1295
143
-1195
-2090
-2223
-2066
-2092
-2016
-1331
-243
593
968
1317
1896
2162
1697
945
562
548
334
-324
-880
-844
-489
-321
-454
-462
-67
407
544
470
501
649
587
113
-364
-519
-622
-1050
-1637
-1850
-1472
-907
-422
316
1467
2532
2888
2869
3480
4759
5455
4500
2576
1372
1333
1293
330
-996
-1635
-1641
-1918
-2428
-2270
-1207
-319
-540
-1191
-945
306
1397
1649
1581
1874
2346
2511
2497
2694
2839
2280
1069
-85
-699
-1092
-1785
-2659
-3319
-3652
-3754
-3593
-3030
-2187
-1499
-1181
-919
-390
294
773
842
653
477
290
54
-130
-253
-316
-480
-811
-1075
-1114
-996
-941
-1141
-1595
-2063
-2313
-2316
-2245
-2189
-2117
-1490
-315
799
1664
2128
2643
3206
3164
2550
1791
993
8
-1364
-2650
-3010
-2673
-2276
-2069
-1564
-423
803
1565
1840
2076
2279
2019
1301
602
253
37
-415
-933
-1003
-732
-477
-522
-639
-405
17
322
422
455
579
698
583
332
111
-93
-478
-1061
-1512
-1475
-1014
-400
309
1205
2062
2556
2987
3870
5100
5594
4534
2711
1595
1468
1318
350
-1037
-1911
-2183
-2357
-2420
-1949
-1019
-447
-699
-1139
-751
448
1442
1683
1550
1664
2061
2355
2559
2837
2864
2132
754
-446
-965
-1223
-1875
-2891
-3722
-4052
-3949
-3483
-2666
-1747
-1062
-714
-389
210
867
1280
1279
955
486
33
-194
-166
-92
-296
-729
-1089
-1183
-1122
-1145
-1286
-1522
-1859
-2274
-2584
-2515
-2101
-1742
-1461
-1019
-143
1048
1929
2406
2770
3063
3013
2342
1230
216
-656
-1636
-2659
-3365
-3416
-3018
-2464
-1750
-724
455
1345
1812
2079
2344
2414
2037
1377
787
334
-143
-641
-887
-723
-496
-555
-712
-556
9
514
583
428
417
579
553
227
-80
-209
-370
-795
-1258
-1283
-693
230
1116
1802
2204
2530
3272
4429
5320
5097
3668
2218
1590
1390
876
-191
-1265
-1976
-2523
-2906
-2686
-1782
-914
-860
-1361
-1329
-335
898
1466
1485
1667
2111
2402
2408
2592
3049
2989
1849
226
-816
-1138
-1542
-2441
-3403
-3923
-3995
-3818
-3268
-2265
-1222
-582
-275
151
869
1506
1710
1530
1180
762
270
-99
-125
3
-144
-692
-1229
-1353
-1204
-1201
-1539
-2057
-2507
-2816
-2943
-2787
-2411
-1892
-1310
-613
293
1346
2336
3047
3351
3192
2674
1875
943
-65
-1229
-2484
-3561
-4084
-3918
-3327
-2656
-1857
-811
345
1307
1879
2237
2501
2468
1925
1142
570
334
139
-294
-753
-853
-541
-231
-119
-5
290
613
631
372
217
331
404
125
-388
-731
-780
-698
-684
-570
93
1178
2182
2610
2616
3144
4442
5546
5365
3822
2248
1685
1571
1003
-121
-1122
-1625
-2043
-2563
-2631
-1864
-925
-775
-1374
-1709
-1017
238
997
1097
1160
1592
2196
2567
2819
3116
3069
2212
758
-567
-1363
-1932
-2730
-3665
-4385
-4643
-4333
-3515
-2372
-1295
-539
6
592
1201
1649
1900
1924
1672
1084
367
-15
65
213
-1
-506
-897
-926
-872
-1055
-1400
-1760
-2162
-2707
-3198
-3239
-2734
-2186
-1807
-1275
-258
1164
2349
2995
3319
3519
3395
2753
1651
421
-717
-1949
-3211
-4170
-4520
-4219
-3552
-2750
-1783
-665
442
1391
2008
2312
2394
2221
1783
1156
527
96
-67
-181
-331
-445
-403
-107
285
544
644
660
583
397
88
-209
-334
-430
-668
-973
-1098
-867
-399
258
1151
2173
2961
3168
3252
3939
5045
5494
4504
2700
1501
1251
1052
292
-747
-1451
-1807
-2218
-2467
-2053
-1173
-695
-1053
-1610
-1414
-422
513
857
942
1257
1791
2240
2568
3010
3253
2682
1348
-51
-952
-1627
-2635
-3766
-4471
-4693
-4675
-4338
-3350
-1876
-667
-82
346
1114
1950
2282
2090
1785
1557
1139
479
10
-14
111
-85
-571
-880
-833
-746
-964
-1438
-1915
-2293
-2633
-2870
-2881
-2595
-2112
-1505
-684
326
1462
2458
3119
3403
3312
2936
2281
1304
36
-1371
-2678
-3576
-4031
-4171
-4015
-3522
-2601
-1406
-307
510
1171
1729
2054
1987
1631
1306
1027
610
45
-360
-369
-153
-35
-82
-2
307
708
990
993
818
553
247
-59
-384
-717
-1005
-1189
-1214
-1084
-711
129
1360
2618
3396
3593
3928
4836
5802
5826
4495
2719
1634
1183
628
-352
-1370
-1971
-2300
-2616
-2636
-2017
-1112
-686
-1020
-1449
-1164
-246
503
685
683
1000
1601
2079
2423
2843
3077
2589
1290
-127
-1029
-1699
-2716
-3949
-4835
-5067
-4832
-4348
-3433
-2103
-841
13
621
1331
2139
2629
2548
2093
1574
1134
744
398
149
-20
-223
-449
-611
-667
-698
-870
-1225
-1710
-2242
-2639
-2738
-2610
-2435
-2273
-1810
-847
356
1477
2393
3220
3775
3711
3103
2378
1640
564
-1031
-2706
-3829
-4371
-4604
-4571
-3988
-2852
-1636
-650
242
1281
2189
2447
2030
1455
1107
830
305
-345
-651
-507
-220
-83
25
385
869
1138
1066
882
723
489
58
-446
-750
-931
-1169
-1426
-1374
-927
-262
566
1551
2731
3600
3863
4104
4859
5775
5766
4351
2487
1441
1134
660
-409
-1520
-2011
-2119
-2263
-2301
-1787
-932
-542
-941
-1446
-1187
-351
263
363
437
906
1586
2077
2455
2969
3208
2658
1361
-24
-1002
-1878
-3032
-4270
-5120
-5437
-5265
-4636
-3499
-2065
-847
3
706
1525
2272
2648
2536
2119
1622
1092
705
486
403
265
-56
-361
-508
-528
-620
-874
-1320
-1838
-2338
-2686
-2730
-2570
-2343
-2087
-1520
-549
650
1823
2717
3305
3560
3402
2909
2260
1380
169
-1352
-2886
-3913
-4323
-4310
-4053
-3508
-2610
-1485
-423
478
1309
1909
2010
1594
1041
705
506
119
-413
-679
-526
-191
5
78
313
724
1061
1154
1055
886
688
345
-88
-450
-704
-892
-1125
-1289
-1195
-679
257
1366
2481
3231
3537
3903
4674
5601
5827
4702
2875
1615
1149
814
11
-1018
-1672
-1952
-2194
-2333
-1891
-1056
-612
-987
-1608
-1569
-795
-6
325
509
923
1522
2003
2410
2900
3165
2682
1367
-132
-1263
-2119
-3045
-4071
-4906
-5320
-5226
-4580
-3449
-2105
-955
-143
561
1266
1889
2266
2315
2134
1724
1141
632
452
551
602
349
-67
-297
-310
-355
-642
-1080
-1523
-2004
-2457
-2715
-2652
-2331
-2022
-1577
-784
297
1444
2434
3241
3725
3702
3157
2403
1589
532
-854
-2362
-3598
-4345
-4561
-4315
-3660
-2734
-1758
-752
291
1217
1787
1868
1572
1124
586
19
-471
-762
-786
-682
-466
-143
243
628
948
1186
1311
1217
869
437
64
-204
-489
-807
-1061
-1183
-1096
-830
-390
329
1266
2268
3094
3449
3650
4214
5113
5631
4982
3445
2181
1767
1583
874
-246
-1101
-1472
-1807
-2226
-2200
-1575
-1054
-1258
-1904
-2018
-1211
-255
203
351
721
1443
2102
2460
2788
3061
2800
1752
265
-993
-1846
-2663
-3742
-4858
-5535
-5506
-4859
-3922
-2927
-1880
-802
164
872
1358
1797
2156
2162
1703
1104
790
830
875
694
438
325
306
126
-234
-561
-785
-1170
-1875
-2595
-2854
-2621
-2340
-2210
-1918
-1002
383
1645
2513
3143
3721
3969
3585
2774
1958
1104
-200
-1971
-3508
-4137
-4019
-3759
-3611
-3188
-2204
-961
90
788
1279
1534
1364
829
274
-12
-153
-452
-816
-922
-581
-14
372
565
756
1043
1222
1095
794
546
344
8
-500
-893
-1008
-976
-1005
-1019
-722
-161
628
1514
2422
3227
3530
3683
4316
5218
5532
4598
3037
2143
1979
1621
661
-441
-1047
-1427
-2058
-2555
-2327
-1597
-1367
-1978
-2531
-2136
-1026
-169
123
448
1161
1939
2384
2626
3076
3320
2671
1173
-398
-1358
-2009
-3016
-4319
-5260
-5457
-5069
-4484
-3700
-2566
-1323
-360
223
705
1377
2039
2214
1860
1349
1050
1038
1041
936
853
796
675
406
53
-200
-392
-782
-1545
-2425
-2921
-2897
-2639
-2446
-2271
-1619
-422
869
2013
2889
3645
4127
3938
3293
2588
1866
805
-874
-2650
-3690
-3898
-3770
-3730
-3526
-2744
-1587
-584
66
655
1226
1403
935
209
-151
-129
-237
-663
-947
-724
-114
352
520
748
1070
1248
1096
758
568
459
124
-429
-921
-1100
-1074
-1097
-1125
-959
-510
145
958
1875
2837
3457
3619
3966
4778
5561
5409
4094
2716
2154
2003
1437
378
-583
-1164
-1693
-2343
-2589
-2163
-1663
-1792
-2417
-2622
-1914
-761
50
462
931
1611
2313
2756
3045
3273
3026
1967
405
-1000
-1929
-2746
-3800
-4787
-5342
-5341
-4945
-4288
-3248
-2002
-973
-306
213
787
1434
1848
1855
1638
1392
1209
1108
1119
1223
1317
1137
656
192
-32
-172
-586
-1358
-2203
-2744
-2940
-2942
-2743
-2328
-1647
-746
191
1282
2544
3658
4328
4262
3702
3162
2596
1683
227
-1463
-2750
-3478
-3908
-4125
-3917
-3155
-2178
-1428
-857
-109
808
1344
1140
562
181
125
3
-393
-672
-501
-40
281
375
566
967
1271
1147
748
424
256
-38
-534
-973
-1168
-1201
-1351
-1491
-1314
-801
-254
264
987
2033
3058
3493
3650
4210
5192
5758
5135
3759
2769
2495
2133
1127
-182
-1077
-1550
-2158
-2829
-2978
-2438
-1947
-2128
-2578
-2361
-1285
-137
488
811
1407
2240
2858
3124
3292
3378
2916
1715
166
-1097
-1991
-2942
-4053
-4997
-5446
-5361
-4910
-4170
-3116
-1994
-1061
-357
260
938
1519
1841
1861
1696
1498
1331
1306
1412
1524
1446
1089
649
282
-18
-429
-1097
-1919
-2677
-3216
-3437
-3317
-2966
-2376
-1724
-851
350
1753
3221
4153
4449
4310
3977
3597
2933
1741
196
-1377
-2703
-3577
-4035
-4045
-3704
-3172
-2599
-1951
-1032
24
884
1166
901
591
499
502
354
63
-110
-10
166
315
518
816
1044
930
562
271
224
126
-284
-822
-1147
-1200
-1277
-1489
-1522
-1185
-737
-478
-274
433
1711
2952
3532
3544
3844
4814
5732
5666
4559
3346
2786
2339
1352
78
-831
-1323
-2059
-3148
-3740
-3263
-2395
-2177
-2564
-2585
-1637
-235
737
1227
1784
2568
3159
3247
3076
3026
2828
1904
341
-1208
-2177
-2793
-3547
-4382
-4933
-4999
-4728
-4247
-3521
-2556
-1560
-800
-303
174
802
1487
1960
2008
1841
1757
1812
1896
1829
1622
1310
855
260
-361
-870
-1275
-1781
-2510
-3183
-3460
-3233
-2745
-2219
-1682
-914
39
1283
2907
4149
4644
4334
3797
3662
3407
2482
1047
-579
-2125
-3335
-4045
-4010
-3571
-3325
-3258
-2849
-1763
-413
602
964
961
887
781
718
715
723
589
266
-59
26
429
762
773
399
72
-45
-102
-189
-403
-643
-856
-1126
-1405
-1500
-1340
-1054
-885
-849
-674
-3
1120
2355
3301
3644
3795
4396
5376
6050
5655
4306
3065
2271
1497
465
-626
-1434
-2151
-3096
-3914
-3821
-2865
-2000
-1896
-2156
-1806
-553
813
1538
1890
2371
2965
3189
2883
2632
2651
2336
1158
-554
-1870
-2459
-2909
-3660
-4488
-4918
-4820
-4459
-3978
-3199
-2160
-1211
-608
-257
248
1028
1753
2102
2100
1990
1920
1866
1780
1679
1473
1022
319
-420
-1029
-1518
-1957
-2437
-2912
-3301
-3442
-3164
-2483
-1655
-878
-205
594
1720
2985
4047
4501
4429
4144
3718
3018
1995
814
-331
-1513
-2850
-3870
-4216
-3967
-3558
-3249
-2709
-1706
-473
501
1081
1483
1809
1914
1674
1263
961
792
551
254
37
53
159
103
-54
-206
-256
-296
-458
-693
-876
-983
-1104
-1297
-1493
-1486
-1256
-1022
-854
-630
-138
763
1858
2919
3640
3871
4109
4788
5622
5800
4791
3163
1965
1209
347
-744
-1765
-2459
-3137
-3883
-4069
-3269
-2073
-1452
-1428
-1225
-289
940
1712
2055
2438
2847
2850
2347
1934
2114
2213
1393
-171
-1476
-1904
-2100
-2806
-3770
-4260
-4267
-4266
-4326
-3910
-2713
-1422
-818
-699
-214
900
2048
2537
2427
2304
2263
2038
1629
1333
1279
1023
201
-872
-1591
-1730
-1664
-1946
-2594
-3167
-3272
-2827
-2151
-1503
-895
-162
606
1473
2607
3672
4381
4395
3839
3217
2654
2017
1185
-9
-1534
-2883
-3629
-3682
-3488
-3399
-3139
-2442
-1475
-628
99
889
1673
1963
1608
1196
1150
1269
1029
397
-128
-195
-134
-272
-469
-490
-338
-338
-503
-531
-328
-183
-358
-740
-980
-1053
-1170
-1345
-1395
-1138
-722
-401
80
1148
2646
3947
4356
4107
4333
5276
5992
5440
3565
1730
853
331
-506
-1570
-2310
-2622
-3047
-3568
-3417
-2331
-1139
-736
-982
-910
-10
1146
1812
1991
2076
2135
2032
1759
1670
1800
1585
712
-502
-1425
-1888
-2237
-2757
-3342
-3868
-4302
-4433
-3993
-3019
-1980
-1329
-986
-408
544
1537
2281
2622
2657
2406
1838
1367
1275
1282
926
5
-999
-1493
-1535
-1566
-1781
-2081
-2366
-2596
-2712
-2411
-1587
-688
-148
141
561
1484
2768
3730
4124
3931
3388
2849
2272
1616
857
-199
-1520
-2781
-3659
-3837
-3485
-2999
-2547
-2063
-1338
-290
892
1778
2212
2227
1972
1625
1169
721
381
-9
-531
-961
-1083
-796
-408
-292
-312
-289
-159
-32
-114
-380
-638
-907
-1300
-1661
-1779
-1505
-1054
-849
-743
-313
688
2074
3252
3890
4073
4011
4114
4508
4758
4366
3069
1351
81
-504
-735
-996
-1446
-1991
-2521
-2853
-2604
-1652
-623
-319
-729
-1039
-540
505
1246
1459
1583
1792
1859
1684
1641
2041
2296
1590
109
-1198
-1751
-1950
-2547
-3460
-4140
-4371
-4275
-3955
-3204
-2021
-903
-318
-27
525
1483
2388
2652
2308
1764
1338
1066
855
678
461
16
-677
-1347
-1642
-1529
-1385
-1572
-2145
-2705
-2754
-2167
-1262
-570
-213
91
612
1526
2568
3449
3941
3789
3181
2428
1787
1356
817
-139
-1482
-2815
-3546
-3447
-2858
-2249
-1778
-1336
-708
143
1045
1771
2125
1949
1361
673
162
-49
-177
-486
-947
-1225
-1082
-613
-200
-45
2
79
143
54
-120
-263
-409
-712
-1186
-1548
-1526
-1232
-1012
-902
-649
10
1007
2032
2943
3669
3985
3781
3570
3851
4306
4065
2638
897
-34
-158
-175
-548
-1108
-1556
-1947
-2308
-2245
-1576
-834
-704
-1196
-1530
-1081
-57
850
1334
1611
1842
1981
2015
2162
2461
2436
1574
124
-1148
-1835
-2217
-2756
-3416
-3927
-4181
-4149
-3687
-2691
-1449
-516
-152
36
547
1374
2068
2190
1808
1319
920
649
532
524
454
87
-568
-1112
-1248
-1112
-1091
-1472
-2080
-2497
-2442
-1917
-1210
-634
-275
33
446
1235
2418
3418
3791
3350
2586
2168
1967
1639
969
-101
-1352
-2485
-3082
-2850
-2168
-1683
-1605
-1547
-996
14
1032
1585
1612
1290
759
282
-44
-198
-340
-676
-1066
-1177
-905
-361
121
279
274
168
53
-25
-191
-407
-662
-1014
-1397
-1616
-1521
-1105
-682
-464
-216
273
1064
1950
2687
3230
3379
3056
2736
2974
3647
3911
3009
1453
481
415
621
420
-219
-940
-1645
-2374
-2699
-2231
-1435
-1193
-1714
-2166
-1633
-265
959
1577
1894
2159
2338
2264
2261
2621
2734
1908
285
-1139
-1693
-1810
-2264
-3050
-3649
-3909
-3932
-3674
-2875
-1650
-722
-551
-612
-135
888
1778
1876
1472
1164
1023
891
727
731
888
760
54
-803
-1151
-949
-761
-1188
-2083
-2706
-2637
-2066
-1496
-1159
-899
-497
71
586
1441
2698
3664
3834
3072
2333
2316
2481
2115
1038
-420
-1696
-2471
-2715
-2494
-2164
-1968
-1838
-1477
-718
306
1276
1695
1437
673
-78
-318
-262
-286
-599
-1014
-1048
-642
-148
324
633
697
507
66
-206
-163
-134
-413
-966
-1445
-1528
-1312
-1026
-765
-635
-547
-370
16
732
1629
2411
2688
2457
2273
2826
3955
4604
4025
2512
1287
958
1030
809
64
-902
-1858
-2728
-3213
-2916
-2045
-1488
-1730
-2240
-1929
-539
1016
1884
2175
2365
2603
2711
2668
2824
2963
2421
1080
-450
-1382
-1655
-1927
-2554
-3292
-3853
-4045
-3851
-3237
-2272
-1387
-959
-841
-526
191
1059
1576
1616
1431
1175
980
955
1116
1253
1028
335
-439
-867
-939
-968
-1324
-1958
-2563
-2825
-2652
-2183
-1622
-1143
-710
-212
497
1408
2289
2947
3278
3264
3028
2691
2340
1949
1288
288
-732
-1466
-1842
-1958
-1971
-1871
-1678
-1520
-1230
-697
-61
384
413
202
111
142
85
-79
-253
-279
-222
-216
-209
-41
284
526
587
498
427
455
387
107
-315
-817
-1194
-1399
-1574
-1685
-1742
-1594
-1141
-567
118
985
1961
2729
2883
2694
3072
4139
4863
4288
2676
1491
1384
1481
875
-258
-1222
-1883
-2646
-3440
-3435
-2531
-1696
-1748
-2213
-1820
-267
1350
2032
2100
2316
2770
2919
2559
2389
2683
2612
1549
-30
-1015
-1043
-1100
-1903
-3017
-3750
-3967
-3970
-3778
-3155
-2222
-1590
-1412
-1074
-169
990
1710
1757
1580
1533
1522
1436
1369
1401
1312
722
-173
-756
-859
-873
-1278
-2084
-2848
-3157
-3028
-2632
-2158
-1704
-1257
-734
-80
967
2471
3737
4227
3899
3438
3452
3535
3048
2001
678
-693
-1938
-2834
-2983
-2602
-2397
-2560
-2612
-1965
-714
383
808
730
566
432
253
40
-42
8
-81
-376
-498
-160
493
931
860
556
384
423
411
148
-271
-642
-994
-1400
-1751
-1840
-1666
-1522
-1494
-1339
-845
-12
961
1928
2659
2894
2870
3256
4211
4935
4530
3083
1771
1277
1082
556
-303
-1141
-1859
-2685
-3375
-3229
-2260
-1413
-1447
-1938
-1739
-450
1018
1776
2007
2330
2804
2938
2697
2719
3141
3078
1877
146
-975
-1230
-1517
-2429
-3501
-4120
-4285
-4297
-4063
-3237
-2089
-1328
-1146
-932
-92
1088
1833
1916
1755
1681
1615
1425
1308
1364
1285
666
-321
-1062
-1294
-1337
-1673
-2338
-2978
-3266
-3125
-2686
-2097
-1477
-873
-244
503
1416
2476
3449
4027
4129
3839
3388
2911
2357
1616
623
-592
-1773
-2563
-2785
-2589
-2358
-2260
-2118
-1659
-912
-170
338
585
660
579
339
137
143
253
248
11
-157
-6
332
591
619
568
566
512
289
-20
-296
-594
-1010
-1547
-1969
-2087
-1983
-1820
-1648
-1274
-670
79
922
1818
2678
3169
3152
3132
3681
4454
4576
3571
2116
1284
1059
771
83
-766
-1510
-2228
-2949
-3186
-2563
-1620
-1189
-1402
-1432
-553
885
1920
2273
2437
2693
2831
2597
2388
2599
2702
1969
498
-807
-1354
-1581
-2200
-3120
-3850
-4243
-4392
-4300
-3677
-2626
-1798
-1467
-1205
-450
687
1579
1910
1924
1879
1730
1458
1247
1262
1206
650
-342
-1235
-1590
-1615
-1824
-2387
-2987
-3263
-3105
-2624
-2019
-1385
-743
-148
475
1189
2063
3200
4150
4456
4063
3389
3041
2914
2464
1475
179
-1126
-2225
-2964
-3174
-2923
-2656
-2657
-2598
-1953
-811
315
939
1072
1038
877
660
532
547
559
322
-69
-182
103
532
767
636
310
-32
-306
-507
-713
-1012
-1409
-1772
-1976
-1961
-1728
-1414
-1135
-881
-547
-80
553
1331
2133
2783
2980
2818
2905
3647
4496
4495
3325
1809
1060
986
824
191
-676
-1400
-2069
-2651
-2698
-1976
-1081
-852
-1209
-1227
-275
1109
2041
2410
2676
2976
2979
2632
2471
2730
2616
1441
-328
-1623
-2030
-2268
-2965
-3828
-4300
-4414
-4425
-4198
-3420
-2245
-1385
-1127
-933
-195
920
1757
2013
1946
1855
1660
1310
1008
890
669
-51
-1106
-1911
-2139
-2087
-2221
-2590
-2858
-2785
-2448
-1968
-1337
-560
168
674
1123
1802
2720
3500
3788
3703
3506
3209
2734
2068
1381
618
-416
-1530
-2269
-2421
-2313
-2366
-2530
-2370
-1790
-1100
-547
-99
399
796
868
728
676
819
898
692
313
86
120
215
163
-9
-147
-217
-296
-469
-639
-775
-938
-1196
-1515
-1686
-1673
-1601
-1521
-1370
-1050
-560
-39
528
1310
2183
2877
3150
3066
3120
3652
4352
4483
3650
2269
1309
1113
1090
624
-325
-1279
-1924
-2305
-2387
-2013
-1316
-776
-656
-603
-47
1048
2161
2748
2794
2609
2362
2142
1989
1894
1566
734
-452
-1513
-2083
-2316
-2618
-3138
-3734
-4216
-4352
-4021
-3299
-2475
-1883
-1503
-1057
-352
492
1227
1708
1809
1565
1140
753
618
571
272
-408
-1223
-1775
-1940
-1920
-1893
-1932
-2004
-2100
-2090
-1706
-948
-110
402
651
1016
1690
2487
3045
3313
3395
3286
2898
2338
1858
1494
924
-41
-1065
-1679
-1854
-1975
-2228
-2355
-2145
-1706
-1298
-933
-383
258
670
719
625
699
894
914
653
271
12
-78
-128
-202
-280
-335
-398
-485
-560
-576
-595
-716
-940
-1216
-1460
-1634
-1671
-1547
-1316
-1041
-694
-151
552
1327
2100
2803
3273
3362
3309
3612
4271
4563
3872
2506
1520
1375
1450
1020
77
-814
-1375
-1757
-2010
-1860
-1248
-698
-631
-795
-480
591
1784
2360
2314
2103
1992
1891
1722
1579
1332
668
-433
-1500
-2046
-2170
-2363
-2900
-3582
-4076
-4190
-3863
-3206
-2481
-1976
-1729
-1399
-704
213
999
1407
1454
1290
997
710
599
595
355
-332
-1200
-1739
-1750
-1532
-1464
-1580
-1716
-1768
-1680
-1315
-632
111
539
623
825
1411
2234
2868
3086
3066
2872
2503
2070
1740
1478
936
-115
-1242
-1819
-1838
-1804
-2038
-2229
-2003
-1501
-1076
-733
-198
463
824
685
380
394
660
709
328
-211
-464
-389
-297
-324
-353
-259
-127
-210
-436
-544
-497
-510
-823
-1294
-1587
-1580
-1428
-1341
-1250
-962
-408
229
840
1558
2450
3235
3507
3355
3388
4076
4780
4591
3396
2053
1559
1656
1473
677
-303
-977
-1385
-1747
-1906
-1510
-852
-584
-863
-1013
-358
858
1728
1820
1645
1629
1747
1712
1504
1399
1180
443
-710
-1682
-2053
-2090
-2450
-3239
-3977
-4310
-4134
-3671
-3090
-2484
-1985
-1611
-1156
-434
393
1054
1296
1178
923
688
596
624
568
215
-388
-967
-1212
-1152
-1054
-1046
-1215
-1462
-1631
-1523
-1024
-360
88
255
518
1065
1772
2341
2687
2996
3146
2898
2332
1857
1645
1317
472
-666
-1448
-1685
-1738
-1943
-2132
-2012
-1644
-1298
-990
-486
156
610
593
319
207
284
309
98
-232
-448
-471
-447
-380
-223
-37
87
36
-65
-115
-148
-302
-608
-950
-1283
-1531
-1661
-1611
-1404
-1096
-704
-186
501
1284
2143
2915
3324
3282
3235
3746
4534
4721
3802
2449
1801
1924
1969
1380
429
-370
-949
-1531
-1912
-1736
-1203
-960
-1288
-1594
-1110
124
1248
1642
1566
1578
1771
1830
1657
1495
1363
839
-241
-1354
-1912
-1968
-2139
-2770
-3571
-4077
-4104
-3798
-3298
-2720
-2242
-1922
-1602
-1033
-189
636
1117
1194
1040
814
662
664
696
521
-4
-702
-1139
-1168
-1021
-919
-1013
-1275
-1544
-1612
-1239
-545
-7
161
259
706
1491
2173
2519
2748
2955
2901
2441
1841
1492
1290
740
-232
-1126
-1523
-1541
-1578
-1735
-1748
-1491
-1169
-893
-566
-128
268
353
153
-5
3
53
-1
-184
-343
-369
-321
-229
-89
46
168
201
146
73
-47
-242
-499
-791
-1088
-1362
-1549
-1579
-1450
-1222
-862
-309
365
1118
1888
2579
3035
3137
3252
3878
4663
4770
3880
2660
2150
2291
2215
1521
537
-350
-1132
-1825
-2137
-1842
-1373
-1348
-1704
-1785
-1113
61
1031
1440
1541
1577
1622
1649
1666
1724
1532
818
-204
-1037
-1473
-1746
-2213
-2876
-3479
-3972
-4274
-4174
-3568
-2766
-2244
-2062
-1742
-915
115
861
1151
1209
1244
1107
801
634
721
698
184
-632
-1114
-1001
-735
-780
-1117
-1433
-1573
-1546
-1326
-879
-344
37
266
579
1182
1986
2643
2916
2856
2650
2413
2078
1587
1043
483
-173
-922
-1532
-1701
-1519
-1368
-1498
-1653
-1435
-870
-306
-37
39
119
154
4
-242
-373
-361
-371
-532
-685
-607
-342
-15
225
333
407
473
473
341
59
-271
-515
-822
-1233
-1557
-1620
-1389
-1088
-822
-407
385
1356
2087
2465
2701
3242
4196
4901
4819
4068
3276
3011
2929
2464
1671
891
195
-669
-1661
-2191
-1907
-1419
-1503
-2019
-2056
-1171
-10
642
816
1133
1672
1888
1648
1469
1769
1980
1318
25
-914
-1089
-1215
-2002
-3142
-3871
-4055
-4178
-4421
-4281
-3475
-2537
-2057
-1887
-1308
-112
1006
1385
1184
1044
1176
1216
912
533
342
149
-360
-1036
-1341
-1118
-820
-980
-1541
-1933
-1736
-1216
-822
-609
-333
202
781
1194
1677
2419
3080
3241
2838
2351
2154
1935
1362
520
-222
-745
-1230
-1697
-1903
-1687
-1353
-1269
-1288
-1029
-386
252
455
337
226
169
26
-297
-598
-693
-705
-769
-852
-745
-382
60
333
415
462
509
479
251
-75
-322
-535
-861
-1253
-1446
-1289
-942
-703
-467
106
1051
1914
2329
2507
3108
4290
5125
4919
3955
3276
3377
3433
2703
1475
507
-63
-721
-1604
-2110
-1838
-1361
-1422
-1868
-1804
-844
345
871
774
832
1281
1692
1666
1482
1603
1715
1267
318
-518
-862
-1123
-1895
-3051
-4033
-4508
-4564
-4474
-4225
-3724
-3039
-2349
-1688
-903
67
1015
1555
1569
1288
1023
948
955
738
221
-399
-849
-1011
-1102
-1211
-1266
-1301
-1481
-1802
-1937
-1613
-993
-498
-229
39
539
1216
1864
2378
2751
2947
2865
2503
2007
1555
1158
626
-133
-887
-1410
-1625
-1625
-1561
-1396
-1132
-856
-582
-252
152
524
679
514
184
-114
-330
-475
-625
-779
-872
-888
-746
-442
-51
304
500
556
541
437
294
161
-20
-337
-834
-1228
-1246
-939
-636
-505
-250
384
1193
1783
2128
2740
3873
4797
4787
3976
3332
3487
3713
3152
1916
819
170
-469
-1278
-1741
-1455
-1028
-1196
-1735
-1660
-640
478
795
477
464
960
1383
1325
1176
1452
1755
1370
418
-248
-278
-391
-1337
-2763
-3769
-4086
-4235
-4582
-4724
-4243
-3402
-2783
-2413
-1724
-500
702
1225
1163
1140
1353
1405
1064
606
359
157
-369
-1044
-1374
-1237
-1112
-1409
-1937
-2160
-1882
-1523
-1316
-1122
-709
-62
474
856
1378
2057
2628
2827
2724
2615
2478
2077
1396
692
156
-286
-785
-1341
-1739
-1799
-1603
-1279
-907
-523
-101
250
471
637
751
771
557
75
-411
-663
-649
-581
-692
-841
-719
-303
130
330
350
406
456
324
19
-209
-266
-379
-664
-981
-976
-579
-169
94
380
821
1386
1821
2293
3216
4208
4532
3906
3069
3014
3463
3373
2307
895
-78
-609
-1108
-1534
-1490
-1089
-929
-1209
-1298
-577
627
1302
1070
616
596
983
1234
1182
1184
1279
1131
628
108
-91
-159
-707
-1832
-3075
-3904
-4195
-4269
-4276
-4194
-3893
-3392
-2759
-1934
-919
104
788
980
943
991
1142
1213
976
515
52
-364
-685
-911
-1047
-1169
-1404
-1819
-2167
-2150
-1841
-1428
-1182
-1025
-657
-9
715
1331
1779
2095
2404
2581
2525
2247
1833
1351
838
301
-216
-578
-912
-1267
-1486
-1429
-1057
-601
-275
-24
254
484
608
578
457
325
101
-170
-404
-513
-494
-472
-450
-365
-168
92
246
262
239
237
248
116
-94
-295
-456
-507
-552
-495
-317
-108
200
543
863
1250
1780
2688
3660
4018
3685
3140
3103
3426
3298
2471
1376
499
-246
-1049
-1618
-1518
-1007
-808
-1135
-1305
-618
594
1422
1356
930
820
988
1107
1039
1048
1173
1035
525
35
-94
-11
-275
-1159
-2280
-3180
-3610
-3738
-3810
-3859
-3784
-3442
-2905
-2272
-1603
-861
-82
479
615
472
463
733
976
779
234
-196
-269
-228
-457
-835
-1162
-1359
-1590
-1962
-2130
-1933
-1576
-1317
-1156
-854
-202
595
1282
1796
2055
2139
2103
2009
1858
1590
1170
635
101
-404
-725
-775
-654
-577
-678
-760
-524
-9
365
363
140
51
119
75
-103
-159
-5
59
-162
-407
-245
221
475
348
125
136
261
224
61
10
64
-64
-474
-851
-795
-389
-83
-122
-159
148
630
1049
1397
2106
3216
3915
3763
3134
2915
3402
3735
3158
1870
643
-144
-731
-1310
-1677
-1610
-1373
-1339
-1327
-885
123
1212
1697
1554
1249
1155
1327
1425
1318
1082
755
435
201
75
-11
-225
-712
-1423
-2262
-2992
-3372
-3423
-3376
-3474
-3608
-3430
-2783
-1939
-1244
-727
-293
88
298
317
332
450
479
221
-223
-538
-482
-271
-273
-563
-994
-1313
-1498
-1600
-1467
-1257
-1167
-1213
-1217
-803
-16
752
1241
1359
1165
966
999
1213
1319
1015
427
8
-3
192
354
414
384
303
96
-125
-72
169
213
-128
-629
-786
-499
-189
-84
-97
-54
12
3
54
310
655
785
638
444
455
641
697
531
244
-72
-397
-736
-991
-931
-656
-504
-423
-227
235
871
1472
2283
3292
3922
3759
3130
2949
3477
3820
3112
1586
201
-549
-1032
-1596
-2023
-1999
-1728
-1677
-1616
-941
367
1548
1795
1422
1238
1437
1620
1481
1293
1211
981
477
96
218
523
324
-545
-1561
-2229
-2557
-2869
-3175
-3355
-3383
-3311
-3131
-2598
-1684
-776
-245
-131
-127
73
336
411
240
-103
-445
-678
-742
-609
-397
-284
-386
-686
-930
-999
-900
-877
-1178
-1527
-1604
-1312
-841
-490
-172
278
662
809
762
801
1045
1164
933
432
55
19
115
141
46
-20
53
152
241
364
487
523
319
-69
-379
-501
-459
-393
-406
-388
-268
-14
332
663
952
1154
1204
1144
1018
884
765
553
222
-193
-577
-842
-907
-799
-595
-402
-282
-127
114
602
1301
2157
2996
3407
3384
3130
3106
3463
3674
3199
1967
490
-660
-1340
-1793
-2106
-2266
-2307
-2211
-1878
-1063
116
1159
1589
1470
1279
1284
1430
1490
1401
1235
986
665
490
610
823
708
-5
-1025
-1878
-2383
-2686
-2984
-3289
-3473
-3420
-3119
-2533
-1701
-806
-97
238
295
297
405
525
407
-29
-582
-978
-1104
-997
-826
-643
-528
-609
-797
-957
-894
-704
-704
-994
-1352
-1369
-929
-361
-4
101
134
203
244
312
440
540
407
-31
-386
-347
12
313
339
288
382
562
633
608
640
658
438
2
-341
-335
-142
-155
-361
-445
-249
43
157
225
483
872
1063
941
817
996
1296
1274
846
337
95
-49
-333
-679
-825
-677
-530
-538
-415
204
1266
2415
3160
3356
3253
3172
3405
3674
3508
2686
1412
137
-910
-1632
-2015
-2101
-2117
-2236
-2292
-1870
-863
265
937
995
908
981
1150
1245
1263
1373
1390
1106
667
509
781
998
618
-289
-1224
-1884
-2317
-2680
-2911
-2986
-3020
-2987
-2680
-1928
-899
-40
411
546
579
614
607
474
212
-220
-776
-1256
-1431
-1228
-937
-811
-886
-1036
-1126
-1093
-913
-614
-469
-664
-948
-923
-438
184
514
521
364
104
-164
-283
-177
-104
-401
-964
-1245
-898
-254
145
178
133
259
434
504
616
798
817
528
125
10
254
461
372
78
-165
-253
-204
-35
168
352
451
501
623
849
1118
1359
1391
1165
743
274
-37
-184
-270
-401
-570
-623
-470
-22
739
1870
3029
3559
3329
2848
2905
3521
3796
3080
1665
222
-779
-1444
-1937
-2156
-2191
-2237
-2351
-2206
-1436
-208
814
1109
871
655
774
1087
1340
1427
1320
1026
642
498
656
828
652
15
-823
-1605
-2171
-2466
-2533
-2578
-2752
-2875
-2634
-1869
-873
-29
502
805
972
965
839
717
606
284
-376
-1102
-1472
-1368
-1135
-1060
-1132
-1220
-1255
-1271
-1191
-1020
-921
-1045
-1253
-1253
-868
-274
206
440
459
470
530
581
556
369
38
-405
-837
-1080
-1097
-976
-855
-782
-673
-483
-163
267
656
884
866
728
692
739
795
759
651
566
430
264
151
223
455
613
553
412
437
631
800
780
660
544
330
-30
-333
-369
-171
-29
-130
-245
-79
453
1247
2225
3107
3504
3312
2874
2838
3239
3384
2694
1312
-119
-1142
-1782
-2167
-2315
-2316
-2312
-2337
-2055
-1204
-53
834
1033
801
604
645
864
1087
1235
1208
941
648
648
888
1037
703
-65
-902
-1679
-2278
-2619
-2701
-2684
-2790
-2877
-2544
-1625
-519
320
803
1127
1382
1434
1245
1010
844
513
-125
-866
-1265
-1159
-952
-958
-1133
-1266
-1279
-1333
-1435
-1401
-1292
-1284
-1432
-1524
-1184
-517
109
467
542
621
788
930
924
703
320
-134
-577
-924
-1116
-1196
-1198
-1182
-1148
-1082
-876
-468
-17
324
470
539
699
878
948
916
870
869
831
649
459
421
526
647
631
526
482
564
679
723
628
435
167
-120
-304
-367
-289
-214
-200
-175
-1
510
1381
2523
3435
3713
3419
3038
3126
3493
3434
2560
1141
-248
-1236
-1888
-2247
-2309
-2223
-2198
-2261
-2011
-1165
-21
753
787
431
213
326
615
920
1147
1217
1036
768
782
1044
1195
789
-147
-1175
-1993
-2543
-2834
-2922
-2934
-2940
-2876
-2412
-1431
-243
708
1200
1386
1443
1450
1379
1220
925
419
-211
-746
-968
-901
-753
-705
-788
-966
-1159
-1218
-1186
-1184
-1343
-1630
-1715
-1494
-1090
-675
-320
46
357
529
638
763
856
717
301
-146
-405
-521
-680
-911
-1081
-1141
-1145
-1125
-995
-690
-374
-193
-91
94
401
646
692
645
694
794
805
712
644
720
853
901
922
1009
1121
1166
1087
936
749
423
-40
-487
-736
-784
-783
-739
-629
-355
46
596
1413
2557
3652
4108
3836
3300
3228
3553
3577
2814
1449
89
-975
-1773
-2292
-2445
-2347
-2321
-2479
-2405
-1669
-517
409
627
406
258
325
527
720
977
1157
1071
783
663
915
1198
1017
228
-785
-1680
-2318
-2738
-2976
-3065
-3109
-3052
-2720
-1914
-798
285
1037
1392
1502
1507
1485
1384
1121
631
26
-500
-789
-806
-674
-517
-439
-523
-711
-893
-910
-857
-938
-1244
-1599
-1714
-1549
-1202
-799
-387
-60
126
207
402
731
959
881
516
171
-40
-187
-384
-590
-761
-970
-1194
-1331
-1177
-815
-513
-362
-293
-137
72
240
333
422
522
511
421
369
540
867
1118
1194
1239
1384
1572
1642
1469
1174
738
204
-368
-817
-995
-1004
-918
-847
-707
-420
113
976
2162
3405
4108
4064
3582
3398
3755
4050
3558
2244
707
-576
-1468
-2072
-2316
-2312
-2355
-2570
-2635
-2061
-964
71
458
279
-25
-162
-48
219
557
792
762
573
607
991
1398
1382
766
-220
-1218
-2060
-2669
-3006
-3212
-3352
-3406
-3160
-2391
-1260
-63
866
1404
1641
1682
1658
1606
1442
1044
415
-255
-676
-715
-453
-142
-19
-113
-335
-464
-423
-403
-574
-981
-1464
-1746
-1757
-1539
-1160
-804
-548
-379
-211
107
510
801
846
647
359
124
-30
-181
-414
-716
-1020
-1225
-1255
-1160
-991
-792
-617
-508
-467
-397
-232
-19
104
113
102
198
375
569
816
1112
1386
1542
1604
1662
1777
1801
1558
1104
578
142
-198
-506
-739
-847
-873
-911
-883
-482
475
1827
3053
3644
3698
3659
3944
4461
4637
4052
2748
1169
-294
-1385
-2026
-2309
-2448
-2691
-2920
-2739
-1915
-781
57
261
-7
-333
-497
-464
-239
79
298
327
344
649
1280
1822
1815
1131
57
-1010
-1900
-2553
-3063
-3503
-3823
-3884
-3484
-2582
-1382
-203
715
1265
1519
1642
1722
1702
1449
923
290
-169
-322
-234
-5
211
351
362
247
130
64
-83
-478
-1069
-1562
-1723
-1643
-1533
-1422
-1187
-840
-487
-212
105
525
849
875
633
416
380
327
43
-415
-803
-1007
-1117
-1233
-1266
-1144
-971
-874
-851
-747
-546
-357
-315
-365
-321
-155
35
152
280
515
870
1191
1392
1544
1681
1804
1765
1533
1189
825
448
38
-329
-524
-558
-583
-688
-801
-537
273
1545
2835
3563
3687
3575
3797
4394
4816
4485
3323
1749
209
-996
-1738
-2019
-2127
-2388
-2785
-2823
-2106
-935
31
289
16
-353
-590
-623
-473
-142
133
153
41
226
880
1596
1795
1219
197
-864
-1741
-2421
-2951
-3365
-3691
-3846
-3679
-2989
-1836
-574
416
974
1189
1318
1486
1599
1513
1104
520
-5
-252
-142
220
604
767
641
383
220
153
11
-396
-1008
-1581
-1888
-1880
-1715
-1487
-1205
-858
-468
-124
215
609
951
1028
777
429
247
197
53
-314
-707
-943
-1071
-1192
-1309
-1272
-1098
-980
-1021
-1058
-901
-574
-279
-160
-115
5
225
413
569
799
1088
1314
1327
1265
1364
1610
1752
1565
1149
731
411
134
-101
-246
-339
-568
-898
-941
-353
907
2330
3192
3364
3243
3436
4121
4732
4651
3722
2259
726
-550
-1364
-1667
-1761
-2014
-2506
-2756
-2240
-1131
-96
266
-3
-461
-788
-871
-735
-400
-73
0
-98
35
606
1370
1741
1381
477
-606
-1522
-2186
-2651
-3026
-3418
-3739
-3739
-3183
-2119
-888
104
707
992
1132
1286
1436
1455
1185
651
98
-163
-84
247
596
856
946
814
651
477
318
7
-568
-1229
-1723
-1934
-1883
-1695
-1420
-1007
-536
-71
321
714
1083
1256
1145
755
353
69
-188
-520
-928
-1229
-1405
-1504
-1570
-1551
-1342
-1089
-968
-962
-932
-750
-488
-290
-165
6
216
400
532
714
994
1260
1322
1197
1088
1163
1314
1287
1059
674
346
90
-93
-142
-104
-102
-265
-556
-570
7
1200
2621
3457
3575
3321
3428
4162
4884
4889
3924
2395
811
-526
-1397
-1763
-1875
-2118
-2631
-2905
-2373
-1194
-52
381
149
-286
-644
-805
-743
-454
-168
-125
-258
-114
550
1390
1813
1489
649
-380
-1415
-2284
-2893
-3286
-3691
-4150
-4314
-3787
-2590
-1233
-147
566
1005
1276
1426
1494
1528
1347
836
193
-207
-76
402
889
1132
1097
940
747
552
317
-83
-713
-1451
-2049
-2237
-2004
-1544
-1034
-587
-151
317
805
1247
1522
1509
1202
732
275
-57
-307
-542
-834
-1139
-1401
-1554
-1573
-1495
-1386
-1311
-1300
-1295
-1160
-879
-515
-191
36
194
317
437
581
763
953
1031
982
908
950
1139
1332
1353
1174
843
468
162
-69
-184
-300
-490
-737
-968
-801
-75
1252
2750
3623
3730
3513
3756
4552
5137
4794
3580
2003
512
-715
-1522
-1799
-1838
-2078
-2608
-2742
-2017
-757
180
267
-129
-552
-803
-890
-760
-359
-19
-5
-116
165
969
1781
1940
1359
404
-606
-1555
-2391
-2987
-3434
-3858
-4276
-4301
-3574
-2327
-1044
-122
487
941
1282
1476
1521
1463
1173
684
185
-42
119
496
813
945
918
814
690
479
121
-431
-1082
-1654
-1979
-2005
-1780
-1395
-936
-447
48
536
974
1291
1394
1267
978
623
311
23
-290
-607
-895
-1103
-1256
-1398
-1536
-1579
-1515
-1394
-1261
-1123
-917
-677
-443
-213
72
371
515
505
495
662
928
1090
1103
1091
1204
1359
1458
1436
1323
1052
601
91
-279
-415
-501
-664
-885
-991
-874
-402
535
1973
3320
3877
3684
3519
4106
5015
5234
4365
2908
1457
138
-1063
-1799
-1972
-2018
-2476
-3078
-2930
-1810
-474
122
-52
-382
-569
-708
-835
-696
-294
-59
-221
-306
259
1276
1965
1789
1029
150
-714
-1622
-2475
-3103
-3587
-4122
-4525
-4332
-3367
-1987
-804
26
610
1058
1391
1550
1584
1475
1105
528
31
-78
248
678
910
876
744
625
470
231
-128
-569
-1083
-1574
-1839
-1726
-1335
-869
-476
-163
190
596
954
1175
1179
998
702
384
146
-22
-194
-427
-721
-1001
-1201
-1284
-1254
-1183
-1128
-1154
-1160
-1032
-795
-513
-298
-130
6
87
119
234
518
843
1042
1045
1074
1281
1574
1734
1649
1403
1088
693
244
-135
-318
-396
-604
-930
-1058
-889
-503
-83
437
1569
2837
3637
3647
3508
4068
4978
5227
4346
3012
1785
624
-730
-1875
-2355
-2347
-2619
-3186
-3154
-2136
-744
-40
-146
-389
-386
-388
-625
-759
-521
-211
-245
-309
157
1141
1890
1749
1030
279
-418
-1322
-2353
-3171
-3630
-3959
-4271
-4152
-3277
-1949
-780
-15
542
1117
1591
1711
1529
1267
941
449
-99
-366
-146
290
516
439
371
425
468
311
-17
-336
-693
-1109
-1428
-1410
-1090
-740
-595
-476
-165
302
698
859
864
795
697
522
336
191
47
-201
-536
-809
-912
-860
-800
-786
-831
-877
-907
-872
-714
-537
-383
-288
-202
-50
181
492
833
1102
1211
1258
1348
1554
1722
1711
1587
1375
1124
748
348
47
-116
-316
-695
-1074
-1204
-1029
-777
-500
-230
673
1993
3080
3571
3562
3937
4647
4986
4386
3284
2123
946
-477
-1804
-2460
-2516
-2608
-3054
-3110
-2351
-1132
-351
-311
-452
-428
-426
-692
-967
-881
-523
-349
-301
97
937
1691
1770
1298
698
77
-811
-1883
-2771
-3265
-3554
-3792
-3746
-3140
-2084
-1041
-228
423
1005
1381
1403
1160
874
611
234
-184
-410
-250
161
469
552
572
630
624
431
86
-231
-533
-900
-1241
-1331
-1100
-788
-635
-536
-246
189
529
610
545
567
668
673
532
408
332
204
-67
-371
-489
-471
-512
-716
-969
-1097
-1097
-1020
-895
-736
-535
-341
-171
54
381
744
1031
1127
1143
1209
1342
1462
1449
1370
1250
1122
927
693
472
265
23
-292
-623
-849
-894
-845
-750
-655
-434
-124
468
1416
2500
3352
3662
3779
4032
4320
4227
3589
2581
1410
97
-1193
-2093
-2476
-2623
-2880
-3054
-2746
-1927
-1093
-690
-519
-328
-205
-380
-776
-857
-501
-108
-16
11
450
1162
1552
1292
719
216
-367
-1267
-2293
-2924
-3018
-3040
-3248
-3246
-2575
-1441
-476
30
389
817
1023
797
410
280
359
280
-52
-211
89
546
757
685
579
509
317
-63
-425
-653
-838
-1065
-1226
-1167
-916
-605
-331
-16
296
493
539
584
740
876
846
659
525
449
309
75
-40
-4
-88
-402
-787
-951
-888
-871
-950
-876
-590
-291
-133
-2
322
793
1031
987
967
1145
1363
1319
1089
976
1053
1044
854
640
587
578
323
-78
-330
-372
-409
-648
-905
-895
-666
-510
-468
-234
264
1075
1791
2288
2689
3062
3461
3655
3551
3107
2492
1640
585
-485
-1370
-1994
-2475
-2838
-2943
-2660
-2144
-1563
-1021
-526
-180
-108
-217
-282
-247
-212
-283
-357
-177
197
531
692
740
766
607
126
-498
-918
-1172
-1624
-2285
-2765
-2679
-2205
-1794
-1502
-1093
-537
-102
123
367
769
1067
965
595
360
411
461
276
-29
-227
-341
-479
-608
-568
-395
-342
-490
-627
-558
-349
-198
-160
-124
-39
35
45
116
313
538
616
526
395
357
376
351
304
215
65
-153
-334
-393
-355
-346
-413
-443
-356
-178
-22
144
353
561
677
739
875
1041
1110
984
821
769
772
681
536
480
559
583
442
293
295
338
131
-260
-555
-542
-442
-524
-641
-527
-201
118
304
701
1487
2228
2465
2290
2268
2570
2775
2416
1688
973
319
-512
-1314
-1739
-1783
-1872
-2217
-2332
-1875
-1129
-664
-565
-457
-181
-63
-266
-499
-427
-215
-247
-466
-443
-14
420
519
398
375
415
174
-387
-962
-1300
-1554
-1930
-2301
-2334
-2002
-1558
-1172
-718
-89
551
951
1034
1019
968
773
387
-90
-480
-702
-855
-922
-831
-600
-301
-32
162
307
380
392
330
229
71
-111
-244
-270
-187
-125
-79
-9
154
296
355
340
363
429
411
304
174
137
146
108
-30
-114
-113
-109
-149
-204
-122
29
138
176
259
450
590
572
471
426
435
359
182
86
200
396
546
635
779
935
912
676
391
232
125
-63
-311
-425
-330
-143
37
151
322
511
562
513
504
785
1081
1151
948
820
993
1231
1316
1218
1087
806
338
-217
-551
-724
-990
-1427
-1690
-1508
-1124
-829
-725
-558
-304
-185
-273
-415
-401
-316
-397
-563
-506
-139
244
326
215
202
284
183
-252
-784
-1169
-1398
-1620
-1780
-1687
-1339
-897
-559
-262
121
509
647
436
88
-192
-391
-644
-922
-1064
-966
-726
-460
-151
219
575
741
703
598
550
487
279
-55
-342
-446
-446
-381
-253
-77
112
239
339
475
645
746
667
458
302
272
339
364
286
188
98
35
0
2
20
27
-7
-66
-103
-98
-81
-92
-95
-129
-117
-25
173
416
612
772
890
959
902
798
706
645
504
314
141
87
139
194
204
163
147
109
94
30
-32
-120
-237
-352
-432
-409
-356
-198
39
450
868
1161
1274
1278
1321
1316
1209
953
589
102
-395
-813
-1036
-1128
-1165
-1164
-1056
-832
-563
-292
-108
0
-31
-127
-210
-224
-189
-179
-167
-98
75
235
295
273
222
78
-178
-502
-776
-924
-1087
-1255
-1373
-1323
-1118
-887
-709
-536
-336
-155
-74
-94
-78
-24
-10
-107
-238
-301
-264
-163
-143
-171
-214
-247
-259
-268
-247
-206
-169
-179
-171
-88
91
273
391
420
398
404
451
529
553
550
525
503
481
458
461
450
394
260
68
-93
-208
-324
-465
-627
-718
-703
-586
-363
-65
284
585
785
944
1070
1160
1135
988
811
642
535
470
452
487
530
493
436
431
512
552
397
96
-234
-484
-672
-747
-690
-526
-428
-371
-223
126
504
687
674
604
576
481
283
76
23
9
-63
-200
-187
19
222
234
114
80
62
-102
-448
-736
-841
-854
-896
-896
-660
-261
109
294
392
517
597
499
208
-75
-266
-420
-634
-802
-770
-598
-457
-400
-350
-249
-161
-159
-214
-241
-239
-263
-287
-255
-172
-59
1
0
-25
-110
-246
-415
-521
-580
-608
-608
-549
-396
-185
21
195
340
419
436
363
291
285
313
308
239
209
287
408
444
388
297
203
74
-131
-338
-492
-598
-686
-741
-679
-525
-339
-174
-23
138
272
337
336
359
384
369
320
324
416
533
604
620
634
609
512
334
172
58
-45
-168
-310
-368
-352
-311
-225
-61
175
366
431
438
485
559
545
390
222
139
102
75
11
42
135
187
121
25
47
108
80
-101
-260
-293
-264
-330
-418
-397
-189
128
305
410
513
643
712
618
494
414
275
-27
-323
-424
-371
-367
-443
-441
-264
-46
48
50
4
-44
-95
-178
-286
-371
-390
-352
-283
-159
17
198
242
155
30
-115
-294
-562
-837
-1027
-1084
-1020
-843
-632
-393
-123
97
257
339
362
306
186
62
57
107
108
90
100
194
251
219
131
42
-90
-304
-538
-686
-741
-762
-764
-714
-525
-279
-86
33
137
263
373
432
479
537
589
592
584
642
692
665
544
420
354
235
41
-155
-264
-316
-410
-516
-506
-350
-170
-22
99
255
397
444
418
401
430
436
382
280
233
252
257
215
176
175
171
138
85
80
95
63
24
35
97
148
131
93
107
159
201
199
164
142
111
37
-50
-99
-132
-222
-398
-558
-588
-531
-480
-444
-346
-164
1
83
144
244
330
336
230
145
132
120
42
-79
-133
-120
-113
-197
-286
-328
-346
-395
-448
-437
-368
-281
-257
-225
-148
-38
41
64
99
162
222
246
273
339
455
524
511
463
398
316
185
1
-207
-369
-517
-639
-714
-719
-660
-608
-570
-507
-398
-290
-217
-190
-157
-112
-76
-57
-42
-14
53
127
179
205
212
239
256
238
189
123
56
-17
-119
-240
-330
-350
-328
-293
-227
-92
95
277
382
445
510
532
488
375
259
174
114
49
7
17
77
126
152
201
279
358
368
331
298
308
328
323
330
362
414
455
454
417
378
321
218
81
-89
-252
-364
-450
-515
-549
-538
-481
-395
-311
-222
-127
-57
-19
-15
13
76
124
131
119
128
152
159
128
86
26
-69
-209
-341
-430
-496
-540
-547
-477
-352
-238
-153
-61
59
156
185
174
195
247
262
225
223
299
382
397
345
322
312
242
103
-36
-112
-174
-275
-369
-390
-353
-313
-320
-306
-252
-218
-258
-321
-320
-242
-187
-185
-173
-114
-25
-3
-32
-52
-55
-86
-172
-248
-265
-240
-254
-292
-272
-189
-112
-87
-71
-26
35
58
45
62
110
132
110
108
151
223
248
221
219
260
296
278
230
209
201
173
131
111
165
227
250
259
302
394
468
483
474
500
545
525
436
359
322
269
135
-32
-160
-236
-312
-408
-471
-454
-383
-322
-256
-152
-1
109
144
133
122
127
101
44
-6
-39
-57
-73
-84
-90
-117
-181
-262
-323
-357
-396
-435
-463
-450
-368
-236
-85
55
169
251
322
357
360
310
216
114
12
-34
-48
-50
-64
-60
-42
-25
-22
-35
-32
-37
-51
-76
-93
-87
-67
-61
-69
-83
-92
-82
-59
-30
5
41
51
61
75
114
124
81
3
-95
-177
-250
-303
-340
-363
-360
-352
-322
-277
-233
-180
-141
-111
-79
-46
-16
9
39
69
109
154
207
243
230
196
170
170
148
103
65
56
68
70
96
154
220
270
305
348
402
430
410
354
309
285
248
188
130
115
107
73
11
-32
-46
-81
-165
-268
-319
-321
-307
-292
-240
-159
-80
-25
19
89
151
167
132
104
104
97
71
29
-11
-51
-112
-201
-276
-314
-347
-387
-436
-434
-361
-263
-144
-15
140
263
325
368
415
456
428
316
206
151
126
93
40
21
34
12
-65
-139
-150
-139
-191
-308
-357
-307
-224
-196
-186
-98
17
96
98
110
160
189
123
18
-19
-3
4
-63
-123
-113
-79
-99
-159
-172
-139
-139
-189
-223
-198
-151
-151
-174
-174
-123
-86
-91
-99
-76
-33
-21
-15
32
114
162
167
168
208
244
231
190
173
182
176
147
139
186
250
290
307
370
468
514
500
466
457
442
361
243
150
85
-14
-159
-276
-310
-314
-356
-432
-453
-403
-350
-332
-324
-253
-171
-139
-142
-125
-59
3
-3
-34
-45
-25
-26
-65
-87
-90
-89
-121
-169
-174
-164
-162
-189
-216
-208
-164
-115
-74
-24
39
129
187
231
285
353
399
384
342
305
282
235
157
66
9
-49
-119
-182
-205
-185
-184
-211
-228
-197
-149
-125
-122
-72
-2
37
37
28
70
114
112
70
51
44
6
-53
-103
-111
-126
-171
-220
-226
-183
-176
-173
-142
-61
36
72
87
122
168
178
134
90
95
106
84
51
61
116
153
168
186
230
260
223
161
118
103
79
40
28
74
143
197
227
271
345
383
372
334
312
293
243
169
86
28
-34
-124
-213
-263
-293
-320
-357
-381
-354
-314
-293
-279
-253
-210
-191
-194
-180
-161
-146
-157
-176
-172
-154
-151
-156
-152
-127
-109
-134
-153
-151
-139
-144
-173
-175
-154
-113
-76
-42
24
92
146
191
241
307
349
340
317
291
260
205
140
81
38
-8
-78
-132
-151
-153
-160
-175
-198
-188
-182
-191
-181
-151
-94
-44
-4
52
133
200
223
210
197
164
115
39
-46
-117
-182
-234
-271
-280
-264
-222
-180
-130
-67
-5
43
72
103
133
169
192
200
209
211
210
209
205
221
233
225
215
194
192
181
164
165
157
164
173
196
247
291
328
350
362
386
400
384
349
288
238
193
127
54
-20
-93
-158
-219
-267
-291
-297
-297
-298
-295
-280
-262
-248
-239
-226
-211
-207
-213
-211
-181
-152
-137
-145
-166
-169
-184
-215
-246
-263
-271
-289
-299
-281
-246
-224
-217
-215
-189
-158
-158
-150
-123
-77
-29
-10
21
85
156
203
207
197
189
161
106
44
-11
-64
-125
-169
-166
-123
-82
-71
-62
-28
0
4
-26
-49
-53
-57
-69
-71
-37
14
56
85
116
150
165
161
147
122
92
41
-23
-61
-72
-68
-62
-57
-36
0
25
48
77
129
172
182
190
202
236
269
278
287
300
314
305
273
259
261
251
220
200
210
234
242
243
265
304
330
323
309
307
296
252
196
160
152
130
78
21
-10
-38
-90
-137
-163
-168
-192
-234
-266
-265
-255
-272
-295
-315
-314
-309
-318
-317
-296
-276
-268
-271
-258
-228
-205
-201
-199
-175
-156
-145
-149
-156
-158
-165
-179
-184
-175
-171
-172
-178
-162
-128
-91
-47
-4
40
67
77
87
96
89
65
30
-4
-34
-57
-81
-93
-91
-98
-106
-105
-84
-76
-83
-99
-97
-87
-87
-81
-73
-51
-32
-41
-48
-39
-22
-9
-18
-18
-3
9
14
9
26
56
69
63
56
57
64
64
58
74
98
119
135
151
179
210
230
248
274
300
315
310
308
310
319
325
329
330
329
341
351
357
362
367
373
372
353
330
307
285
259
217
178
145
121
85
42
-2
-25
-41
-63
-70
-67
-63
-59
-66
-67
-54
-56
-74
-113
-150
-188
-242
-305
-367
-408
-443
-477
-492
-484
-450
-406
-359
-314
-264
-209
-178
-176
-183
-199
-223
-253
-282
-288
-265
-233
-207
-164
-111
-61
-33
-35
-40
-46
-65
-112
-153
-168
-153
-132
-119
-93
-42
12
45
58
64
73
64
36
1
-20
-25
-33
-41
-31
-3
27
43
33
23
9
-11
-50
-95
-120
-127
-120
-118
-105
-63
-13
24
56
83
106
117
115
115
123
139
155
170
190
216
237
254
256
250
240
218
196
173
159
153
157
185
227
288
356
410
452
473
483
476
446
403
356
306
258
222
185
153
134
105
82
68
52
43
31
19
20
22
20
17
9
9
13
3
-15
-26
-32
-49
-75
-110
-143
-162
-202
-251
-284
-312
-338
-359
-374
-374
-362
-345
-318
-287
-261
-238
-214
-194
-182
-174
-180
-191
-205
-210
-221
-224
-226
-226
-217
-210
-205
-207
-205
-207
-205
-201
-189
-165
-137
-115
-91
-58
-35
-14
-5
-6
-16
-22
-32
-42
-39
-32
-15
0
15
29
47
55
42
28
7
-17
-45
-70
-88
-87
-81
-69
-46
-11
14
32
60
86
120
139
145
165
194
217
232
241
255
265
265
244
216
201
179
151
121
103
112
139
160
187
235
304
360
392
411
433
453
440
405
374
353
326
270
209
167
143
111
74
47
34
37
32
23
20
30
37
25
4
-7
-8
-22
-48
-61
-60
-63
-84
-108
-129
-144
-175
-221
-250
-271
-294
-315
-333
-330
-305
-282
-264
-240
-213
-190
-180
-191
-208
-223
-230
-242
-259
-260
-259
-258
-248
-233
-206
-185
-178
-172
-169
-173
-172
-164
-161
-154
-141
-127
-113
-91
-65
-41
-23
-19
-15
-2
17
26
36
45
51
65
76
81
83
76
61
48
32
35
43
47
43
28
24
29
35
39
39
40
49
52
60
83
111
136
154
167
188
204
209
209
200
186
172
146
127
117
114
115
108
103
112
129
149
165
187
216
242
259
275
290
296
288
265
232
199
165
130
101
73
64
58
53
65
79
97
100
89
73
55
34
5
-28
-56
-80
-104
-118
-129
-131
-130
-145
-166
-187
-207
-227
-250
-275
-289
-283
-274
-263
-255
-235
-206
-183
-161
-138
-115
-99
-106
-122
-132
-149
-167
-182
-203
-214
-213
-217
-209
-191
-167
-137
-112
-90
-73
-49
-30
-23
-21
-25
-36
-41
-39
-30
-16
2
18
41
63
75
83
81
70
45
23
7
-7
-7
-2
5
19
30
40
56
65
73
70
59
50
41
44
43
52
69
78
86
96
113
137
151
148
140
137
135
135
142
155
164
166
159
159
170
181
181
167
152
133
123
116
109
106
106
99
85
78
72
64
57
43
25
17
12
23
43
57
73
96
115
119
119
120
110
87
44
-4
-37
-62
-100
-127
-147
-160
-167
-178
-186
-189
-179
-187
-202
-210
-211
-202
-206
-211
-202
-178
-165
-155
-137
-105
-77
-66
-70
-78
-82
-93
-117
-150
-174
-184
-189
-197
-188
-154
-116
-86
-68
-43
-8
15
14
6
-2
-2
-8
-10
-1
29
65
82
96
113
137
152
144
122
96
70
41
14
-6
-12
-4
-2
2
16
32
38
29
13
-1
-9
-14
-23
-28
-21
-17
-5
17
38
62
80
87
91
89
92
96
102
116
128
143
157
169
185
196
199
197
192
175
162
153
147
145
137
137
142
142
133
115
99
82
57
33
19
11
5
0
4
19
42
61
65
67
59
46
21
-12
-45
-72
-103
-130
-154
-163
-159
-161
-163
-169
-172
-177
-188
-208
-214
-228
-251
-264
-267
-261
-243
-232
-217
-188
-168
-143
-125
-114
-108
-109
-116
-128
-135
-144
-155
-166
-174
-163
-146
-123
-97
-72
-39
-18
-4
8
17
34
46
52
60
70
86
107
123
146
174
184
187
187
179
177
171
147
133
124
117
122
122
120
126
134
128
122
119
112
108
92
75
76
83
79
83
91
96
101
90
83
79
76
62
41
24
5
3
1
3
13
20
26
31
38
44
50
46
35
29
15
9
11
10
9
4
2
0
2
7
9
10
0
-13
-17
-16
-12
-4
-7
-13
-14
-8
-7
-9
-11
-17
-27
-47
-64
-73
-79
-89
-103
-111
-114
-111
-118
-124
-128
-130
-140
-157
-172
-184
-191
-204
-219
-224
-214
-196
-176
-162
-140
-118
-100
-88
-70
-50
-37
-33
-39
-35
-29
-21
-17
-17
-14
-15
-22
-29
-24
-15
-10
-4
6
27
54
76
94
119
141
149
152
152
158
161
153
151
148
147
137
124
121
110
108
106
99
87
84
85
72
64
58
53
55
52
46
48
55
57
64
68
73
81
84
81
80
79
75
66
53
47
49
48
38
34
40
47
49
50
44
34
34
29
21
21
18
7
0
-7
-3
4
-1
-1
-3
-3
-2
0
6
6
5
-14
-39
-57
-75
-91
-112
-124
-122
-124
-127
-123
-115
-102
-88
-89
-88
-80
-88
-99
-111
-124
-137
-144
-156
-177
-181
-183
-184
-187
-201
-196
-179
-167
-159
-143
-125
-108
-87
-74
-65
-45
-34
-37
-36
-36
-32
-16
-14
-16
-3
8
13
20
32
43
63
81
85
99
112
116
126
139
145
150
154
150
146
145
145
148
149
144
138
130
125
123
117
109
101
86
71
64
57
56
55
57
55
57
59
57
67
72
75
75
76
75
72
67
57
50
46
33
16
12
11
10
9
9
12
22
32
35
40
42
44
45
35
16
4
-9
-21
-36
-43
-43
-39
-39
-41
-35
-25
-21
-23
-28
-37
-46
-66
-84
-95
-102
-104
-109
-112
-116
-110
-104
-106
-105
-102
-98
-95
-105
-111
-105
-113
-121
-129
-133
-127
-122
-121
-118
-107
-103
-96
-83
-75
-67
-55
-54
-51
-41
-45
-51
-50
-53
-51
-45
-44
-38
-29
-19
-10
-2
3
5
8
8
10
13
12
14
18
22
38
54
72
95
113
131
146
146
141
135
122
107
96
83
70
65
61
61
69
78
86
99
115
125
125
121
113
108
97
87
81
81
80
74
75
73
81
92
97
97
92
82
73
63
45
25
10
-5
-9
-12
-17
-15
-16
-17
-14
-12
-5
-1
-4
-9
-11
-18
-23
-24
-23
-21
-26
-36
-42
-46
-51
-49
-53
-50
-52
-60
-65
-63
-61
-66
-72
-77
-82
-89
-92
-90
-83
-87
-91
-93
-91
-80
-75
-78
-83
-87
-94
-107
-119
-124
-123
-123
-123
-116
-100
-86
-75
-63
-52
-40
-33
-33
-32
-34
-33
-29
-33
-28
-20
-9
1
12
25
36
45
48
48
49
51
50
53
53
56
67
74
82
90
95
94
99
96
91
82
69
57
51
44
35
36
36
41
50
53
60
65
65
69
66
60
58
58
60
57
55
54
62
70
68
73
78
79
78
68
58
51
37
24
10
-4
-10
-14
-17
-19
-21
-13
-6
-9
-9
-6
-1
1
-3
-13
-16
-19
-21
-25
-32
-37
-44
-46
-51
-51
-47
-47
-53
-57
-56
-47
-48
-48
-48
-49
-39
-34
-28
-17
-10
-6
-2
-2
-1
6
4
-3
-13
-26
-35
-39
-51
-61
-71
-80
-81
-85
-84
-80
-69
-61
-53
-44
-36
-28
-29
-32
-30
-29
-28
-26
-23
-25
-18
-13
-8
-2
3
12
16
18
17
16
15
14
23
24
18
13
12
16
20
19
24
36
38
41
45
42
46
45
36
27
19
12
8
-2
-11
-10
-8
-7
0
14
23
31
37
43
49
49
52
57
58
61
63
67
71
71
71
69
68
59
45
26
6
-7
-20
-32
-37
-35
-25
-17
-9
5
13
20
26
27
28
21
13
7
1
-2
-8
-13
-11
-11
-11
-16
-16
-14
-16
-17
-23
-24
-27
-34
-39
-45
-43
-38
-37
-33
-23
-10
-4
-1
4
4
3
-2
-12
-15
-18
-20
-23
-25
-29
-34
-35
-35
-28
-24
-19
-13
-11
-4
-2
2
7
11
12
5
4
8
8
9
0
-8
-6
-7
-9
-6
-7
-6
-2
-10
-10
-7
-4
-5
-7
-11
-7
-1
-5
-6
-8
-8
-9
-12
-9
-9
-4
-5
-15
-16
-20
-26
-20
-16
-20
-21
-22
-17
-9
-7
-1
11
18
23
26
29
35
37
38
35
38
39
35
26
18
15
12
14
12
8
8
7
6
6
6
9
16
19
17
20
19
20
21
19
12
3
-6
-11
-10
-6
-5
-4
-3
-3
0
2
8
8
5
-1
-10
-7
-1
-1
2
3
11
18
26
32
38
41
36
33
26
17
10
2
-3
-11
-18
-25
-28
-30
-28
-24
-26
-21
-16
-11
-12
-19
-15
-16
-19
-17
-12
1
6
7
11
17
16
10
0
-8
-9
-9
-14
-16
-15
-12
-12
-11
-11
-9
-13
-21
-24
-25
-17
-13
-9
-4
1
8
9
9
2
-1
-7
-16
-15
-15
-14
-9
-6
0
8
12
17
21
20
14
5
-4
-8
-8
-7
-7
-2
-1
8
9
7
9
1
-7
-12
-17
-22
-24
-26
-26
-20
-18
-15
-13
-11
-7
-7
-3
-1
1
5
5
7
7
7
7
-1
-6
-6
-6
-6
-3
6
16
22
28
29
35
44
42
42
32
23
21
17
18
22
27
31
39
44
46
44
40
35
23
14
7
-5
-7
-10
-11
-12
-14
-13
-14
-9
-4
0
4
2
2
5
-2
-6
-8
-17
-18
-20
-19
-17
-20
-16
-11
-11
-12
-15
-14
-11
-12
-12
-11
-12
-14
-16
-21
-23
-20
-13
-8
-6
-4
-1
1
1
3
5
4
-2
-10
-12
-16
-21
-19
-17
-20
-17
-13
-6
2
4
11
17
20
19
15
15
12
9
6
-2
-9
-13
-16
-21
-28
-34
-36
-36
-39
-37
-30
-22
-16
-13
-4
3
10
12
9
10
8
6
9
7
8
9
1
-7
-13
-15
-17
-17
-9
-1
5
9
14
18
20
17
17
23
24
31
30
34
42
42
42
38
38
42
34
32
27
19
13
6
6
10
15
16
17
20
22
28
24
15
13
12
8
6
3
4
4
-1
-2
-6
-6
-10
-20
-22
-27
-32
-34
-31
-27
-18
-7
-2
1
3
5
4
2
0
0
2
-4
-6
-5
-5
-4
-6
-4
-7
-7
-5
-3
-2
-5
-9
-15
-24
-27
-27
-24
-20
-18
-13
-13
-9
-3
-1
7
11
12
9
0
-14
-25
-34
-41
-51
-55
-51
-45
-35
-33
-29
-24
-24
-17
-7
3
9
13
15
11
7
3
1
0
-5
-3
-2
-2
-1
1
1
-4
-5
-1
4
7
11
12
18
22
25
29
28
26
26
25
29
31
32
30
25
27
27
26
25
20
21
20
17
13
8
4
4
8
10
13
17
20
20
19
19
18
20
18
16
12
4
-1
-3
-4
-6
-11
-11
-13
-8
-8
-9
-8
-15
-15
-11
-11
-12
-9
-6
-4
-5
-3
-2
-3
0
-1
-1
1
0
2
2
-3
-5
-8
-5
2
6
3
-1
-8
-15
-18
-21
-19
-18
-19
-15
-13
-7
-3
1
6
7
5
1
-3
-9
-16
-17
-21
-26
-36
-43
-46
-45
-40
-33
-25
-17
-13
-10
-8
-7
-5
-4
-5
-10
-12
-16
-11
-4
-3
-2
-1
3
8
12
13
17
16
13
9
10
13
15
15
13
14
13
15
20
25
22
21
22
25
24
26
24
22
24
17
15
18
16
14
14
17
17
14
17
19
15
12
7
6
5
5
12
11
5
2
-5
-7
-8
-10
-9
-14
-14
-8
-6
-4
-2
-4
-8
-11
-7
-7
-10
-9
-9
-12
-15
-17
-13
-9
-10
-10
-6
-7
-8
-5
-2
1
-1
-5
-3
-1
2
7
9
13
15
18
22
20
16
14
10
10
8
1
1
2
6
9
5
2
-3
-11
-18
-24
-21
-21
-26
-26
-28
-29
-28
-22
-18
-18
-21
-27
-30
-28
-26
-24
-18
-12
-5
1
6
9
3
-1
-2
0
5
6
2
1
0
-1
2
5
8
14
21
18
19
19
19
20
20
18
19
25
23
21
22
20
21
20
18
19
18
14
7
6
5
3
-3
-9
-13
-18
-18
-16
-12
-7
-5
-4
-4
-3
-4
-7
-6
-7
-12
-15
-20
-21
-18
-16
-10
-5
-2
-3
-4
-2
-4
-3
-2
-5
-5
-3
0
5
3
7
14
12
10
9
7
7
4
5
6
9
14
15
13
15
15
12
8
7
6
0
-4
-4
-5
-4
-3
-2
4
10
9
10
6
0
-1
-2
-6
-1
1
0
4
1
-1
-7
-15
-21
-23
-20
-16
-13
-7
-6
-4
0
6
15
15
12
9
7
4
-2
-5
-2
0
1
1
0
4
5
2
6
5
6
4
0
-2
0
-1
-2
-1
-3
-2
-5
-10
-8
-10
-6
-1
6
6
1
4
1
2
-3
-12
-14
-19
-20
-21
-23
-21
-16
-12
-11
-8
-3
1
2
0
1
-3
-7
-6
-7
-4
-7
-6
-4
-6
-6
-5
-3
-3
2
8
8
7
7
8
8
10
10
8
6
7
7
8
10
8
5
5
3
3
7
7
10
11
11
7
7
6
6
6
5
9
12
11
8
8
7
0
-4
-6
-7
-4
-1
5
9
9
8
7
6
3
3
3
4
2
1
5
6
7
9
8
10
12
14
21
19
17
18
14
11
8
5
1
-1
-3
-4
-6
-9
-8
-3
0
4
3
0
-4
-8
-6
-6
-5
-7
-10
-10
-12
-13
-15
-18
-21
-23
-23
-24
-21
-21
-22
-25
-27
-27
-26
-24
-26
-24
-23
-24
-26
-29
-29
-30
-28
-23
-20
-11
-5
0
5
2
4
5
5
4
7
9
10
14
14
17
19
21
20
22
21
17
18
20
19
21
22
23
22
17
15
13
10
6
7
11
10
14
13
12
12
14
14
8
4
-2
-2
-1
-6
-10
-16
-18
-16
-13
-10
-8
-5
0
2
5
2
7
8
5
4
2
4
3
8
13
13
13
11
13
9
5
2
-3
-7
-10
-7
-7
-6
-2
2
10
19
23
22
18
21
23
20
17
13
12
10
6
3
1
1
-1
2
1
1
1
-5
-4
-5
-7
-11
-14
-17
-21
-23
-25
-25
-23
-25
-22
-19
-15
-14
-18
-17
-21
-25
-27
-35
-37
-41
-39
-36
-35
-31
-28
-24
-21
-19
-18
-17
-11
-11
-8
-9
-8
-4
-6
-3
0
3
7
5
8
13
19
22
22
19
17
20
16
19
24
25
30
27
25
24
22
25
22
22
23
25
25
21
18
17
15
13
12
9
10
10
6
5
4
2
2
2
-1
2
2
3
4
4
2
6
6
0
0
-4
-3
1
0
5
5
4
4
2
1
3
7
7
7
11
12
15
16
16
17
13
11
7
2
1
3
5
8
7
2
1
-3
-4
-2
-2
-1
-3
-7
-11
-15
-15
-19
-19
-19
-19
-18
-17
-18
-20
-21
-24
-25
-24
-25
-26
-25
-28
-31
-30
-32
-34
-34
-32
-27
-22
-20
-18
-14
-9
-8
-6
-6
-7
-8
-9
-13
-17
-18
-15
-13
-10
-5
-1
4
9
11
11
11
10
8
6
-1
-1
4
6
4
2
3
7
13
19
25
29
29
24
16
10
5
4
2
2
2
2
5
8
11
13
15
19
21
23
24
26
24
23
20
21
22
23
25
26
28
30
30
34
32
26
22
15
13
12
12
11
9
6
4
6
7
9
10
10
10
9
7
2
-1
-6
-8
-10
-11
-9
-10
-9
-5
-3
-3
-2
-2
-5
-10
-15
-20
-21
-25
-29
-33
-33
-36
-31
-26
-24
-19
-19
-17
-15
-17
-19
-21
-25
-23
-26
-26
-26
-28
-30
-30
-31
-28
-23
-20
-18
-16
-15
-12
-13
-11
-11
-11
-10
-11
-10
-10
-11
-8
-8
-5
-2
4
8
8
11
12
14
14
13
10
10
12
13
16
19
17
18
21
20
21
21
19
17
16
18
17
21
18
13
10
8
9
12
13
12
14
15
13
12
13
12
9
4
2
4
7
12
17
16
14
15
16
19
21
21
23
22
18
17
18
18
14
12
9
7
13
10
11
15
15
14
15
8
6
5
0
-2
-5
-8
-8
-12
-15
-20
-25
-25
-25
-25
-24
-23
-22
-24
-24
-27
-25
-28
-32
-31
-34
-31
-30
-30
-29
-31
-31
-29
-26
-27
-26
-26
-25
-23
-18
-16
-12
-8
