SAMPLES:	20472
BITSPERSAMPLE:	16
CHANNELS:	1
SAMPLERATE:	16000
NORMALIZED:	FALSE
0
0
0
0
0
0
1
0
0
0
0
0
0
0
0
0
0
0
0
0
0
0
0
0
0
1
0
0
0
1
0
0
0
0
0
0
0
0
1
1
0
0
1
0
0
0
0
0
1
0
0
-1
1
0
-1
-1
0
0
0
0
0
1
0
1
0
0
0
0
0
-1
0
-1
0
0
-1
0
0
0
-1
0
0
0
0
0
0
0
0
1
-1
0
0
0
0
-1
0
0
0
0
0
1
0
0
0
0
0
0
0
0
1
1
0
0
0
0
0
0
0
0
0
1
0
-1
0
0
0
0
0
0
0
0
0
0
1
0
1
1
1
0
0
0
0
0
0
0
0
0
0
0
0
-1
0
0
0
-1
0
-1
0
0
0
0
0
0
0
-1
1
0
1
0
0
0
0
1
1
0
-1
0
1
-1
0
0
0
0
0
0
0
0
0
0
0
0
0
1
-1
0
0
0
0
0
0
0
-1
0
-1
0
0
0
0
0
-1
0
1
0
0
0
1
0
0
0
0
0
0
0
0
0
0
0
0
0
0
1
0
1
0
-1
-1
-1
0
0
0
0
0
0
0
-1
0
0
1
-1
0
1
0
0
0
0
0
0
0
-1
0
0
0
0
0
0
0
0
0
-1
0
0
0
-1
-1
-1
-1
-1
-1
-2
-1
-1
-1
-1
-1
-2
-2
-1
0
0
-1
-2
0
-1
-1
0
0
-1
0
1
1
1
1
2
1
1
2
3
2
2
2
2
2
2
2
1
1
1
1
1
1
1
0
1
1
0
0
0
0
-1
-1
-1
-2
-2
-1
-2
-2
-2
-1
0
-1
-1
0
0
1
1
3
3
5
6
6
7
8
9
11
12
13
13
13
13
14
14
15
11
8
10
12
11
7
1
-2
-1
2
1
-5
-12
-15
-15
-11
-10
-12
-20
-26
-23
-16
-11
-13
-20
-22
-18
-9
-4
-6
-7
-6
-2
3
8
9
10
10
13
17
21
21
20
24
26
26
24
22
22
24
24
22
18
13
10
8
9
8
4
-3
-11
-14
-12
-11
-14
-19
-26
-29
-27
-25
-24
-25
-29
-31
-26
-21
-18
-18
-18
-14
-7
-1
5
9
12
17
24
34
42
44
43
45
53
62
65
62
58
56
58
61
60
53
41
32
25
22
18
5
-13
-32
-41
-46
-55
-73
-95
-110
-119
-129
-135
-147
-163
-172
-175
-172
-168
-177
-179
-176
-142
-110
-124
-135
-132
-81
-14
22
7
-28
-13
56
134
166
161
120
101
140
221
286
248
170
125
150
216
239
198
106
54
59
77
70
25
-32
-85
-108
-121
-131
-157
-207
-245
-256
-251
-279
-318
-322
-301
-280
-284
-308
-312
-294
-242
-183
-138
-122
-133
-132
-80
38
150
190
152
133
191
304
424
478
464
424
425
490
590
663
636
551
505
538
594
611
568
489
415
380
388
376
312
219
131
75
46
6
-70
-169
-247
-284
-334
-393
-459
-521
-557
-586
-612
-648
-691
-713
-724
-704
-668
-666
-674
-657
-618
-567
-520
-452
-337
-299
-299
-272
-186
-27
103
164
147
129
194
331
466
539
528
454
431
499
630
694
618
503
429
459
516
515
437
311
215
172
169
162
88
-40
-150
-189
-205
-232
-296
-391
-450
-485
-479
-497
-526
-561
-593
-587
-565
-513
-486
-477
-475
-463
-413
-337
-197
-93
-104
-147
-136
40
256
386
362
287
296
420
618
770
818
721
602
615
794
995
1001
830
653
634
742
825
792
629
463
365
369
408
356
207
22
-100
-114
-115
-175
-324
-493
-559
-572
-585
-643
-761
-842
-870
-872
-853
-870
-906
-942
-934
-837
-751
-737
-752
-723
-677
-516
-444
-142
-49
-305
-353
-241
259
578
576
278
28
167
638
1014
988
752
412
371
594
1017
1231
809
342
199
507
828
772
461
59
-40
119
320
268
-40
-346
-441
-291
-200
-230
-468
-763
-795
-609
-461
-586
-816
-915
-826
-696
-590
-589
-681
-789
-739
-523
-291
-157
-269
-437
-426
-124
276
423
281
119
150
374
734
937
882
707
579
714
1012
1242
1189
889
739
848
1026
1097
1004
805
616
570
659
698
536
324
151
99
119
49
-81
-294
-433
-431
-462
-535
-670
-801
-844
-854
-854
-904
-980
-1014
-996
-934
-865
-881
-907
-861
-776
-663
-596
-451
-360
-332
-302
-227
-51
160
294
293
273
290
462
604
721
777
725
651
630
770
908
879
729
568
545
627
647
535
365
226
155
117
126
62
-124
-281
-371
-399
-383
-436
-572
-709
-773
-726
-766
-801
-850
-880
-878
-873
-834
-834
-832
-769
-637
-677
-645
-583
-348
-168
-218
-211
-235
4
329
529
516
415
394
566
861
1149
1235
1027
830
877
1200
1543
1489
1173
900
936
1187
1302
1222
927
669
563
642
739
638
362
36
-80
-19
28
-95
-414
-638
-693
-661
-651
-749
-950
-1113
-1137
-1070
-1020
-1048
-1126
-1235
-1225
-1047
-908
-915
-964
-955
-860
-646
-558
-115
-150
-462
-443
-239
371
639
638
273
46
282
884
1212
1078
785
516
611
852
1268
1317
799
421
361
729
963
813
398
-20
-7
213
339
123
-211
-506
-530
-373
-362
-434
-727
-966
-992
-841
-681
-868
-1101
-1198
-1141
-952
-798
-860
-998
-1113
-921
-666
-549
-594
-529
-314
-311
-262
-162
105
312
465
504
475
605
740
950
1148
1281
1279
1138
1119
1308
1581
1673
1451
1200
1181
1297
1400
1360
1130
924
753
677
737
663
509
201
-36
-86
-119
-158
-357
-625
-775
-839
-840
-897
-1045
-1182
-1300
-1297
-1231
-1247
-1258
-1341
-1385
-1267
-1104
-1016
-1031
-1055
-951
-779
-631
-473
-413
-95
1
-102
-39
116
514
817
885
698
513
610
1002
1299
1366
1184
848
748
892
1285
1443
1054
609
386
553
778
764
475
19
-211
-150
-15
-48
-300
-667
-814
-751
-713
-743
-918
-1158
-1245
-1154
-1023
-1118
-1257
-1334
-1321
-1184
-1115
-1025
-1012
-976
-945
-762
-694
-610
-486
-207
93
-27
-22
-20
312
754
1013
1001
815
715
966
1480
1807
1802
1434
1143
1218
1680
2100
1940
1384
997
1046
1392
1583
1419
926
472
310
538
784
610
46
-475
-528
-309
-187
-374
-814
-1176
-1246
-1084
-919
-1016
-1319
-1557
-1546
-1361
-1191
-1199
-1329
-1453
-1351
-1063
-915
-946
-961
-889
-662
-484
-345
-295
-291
97
360
375
271
263
596
954
1152
1080
824
711
1004
1362
1501
1297
987
855
908
1218
1349
1016
563
328
455
634
581
247
-189
-420
-333
-148
-240
-587
-958
-1066
-938
-841
-893
-1165
-1444
-1452
-1297
-1173
-1225
-1392
-1452
-1396
-1223
-1104
-1152
-1150
-1093
-779
-531
-516
-684
-699
-448
145
590
442
137
-147
342
1136
1632
1515
947
671
1009
1726
2305
2245
1583
1047
1082
1794
2438
2213
1456
807
826
1402
1723
1556
860
221
130
447
795
594
-87
-630
-717
-450
-232
-465
-942
-1297
-1339
-1082
-969
-1114
-1392
-1609
-1511
-1297
-1218
-1274
-1408
-1405
-1225
-1083
-988
-980
-1005
-859
-607
-381
-295
-397
-293
-134
403
724
577
325
204
710
1242
1507
1264
869
643
996
1516
1713
1463
929
708
783
1170
1362
1011
410
44
190
423
402
33
-443
-725
-685
-483
-507
-809
-1232
-1410
-1306
-1103
-1061
-1327
-1663
-1717
-1496
-1243
-1232
-1434
-1581
-1521
-1253
-967
-911
-951
-1024
-870
-577
-295
-119
-163
-211
-35
306
749
940
749
636
735
1264
1766
1832
1571
1344
1366
1783
2174
2262
1994
1513
1410
1634
2002
2104
1615
1055
894
1102
1334
1182
740
286
31
128
261
109
-257
-683
-874
-804
-729
-813
-1123
-1400
-1424
-1343
-1305
-1358
-1477
-1590
-1584
-1478
-1329
-1332
-1407
-1325
-1222
-1066
-925
-844
-798
-760
-570
-343
-173
-66
23
38
492
639
572
603
581
995
1256
1329
1134
902
930
1253
1465
1418
1177
874
793
852
1129
1119
635
251
113
272
382
209
-194
-590
-666
-516
-471
-695
-982
-1239
-1273
-1185
-1158
-1177
-1354
-1506
-1494
-1421
-1315
-1324
-1377
-1341
-1307
-1205
-1088
-1035
-897
-843
-743
-612
-501
-344
-103
21
115
158
297
755
862
923
885
962
1359
1563
1689
1647
1557
1650
1774
1939
2052
1928
1770
1613
1598
1809
1796
1509
1235
1087
1105
1046
910
752
433
222
98
40
-32
-240
-498
-707
-840
-856
-908
-1081
-1218
-1345
-1379
-1358
-1376
-1395
-1491
-1491
-1417
-1417
-1356
-1235
-1186
-1182
-1123
-987
-823
-727
-600
-479
-384
-224
-66
18
221
313
543
675
529
645
772
1007
1141
1083
990
907
961
1158
1187
1054
905
745
769
758
736
626
322
130
41
34
-40
-264
-454
-642
-744
-810
-898
-985
-1141
-1263
-1339
-1282
-1333
-1424
-1450
-1481
-1423
-1412
-1375
-1360
-1341
-1185
-1083
-1068
-988
-858
-709
-520
-403
-265
-96
9
186
377
493
753
1014
1030
1069
1089
1398
1712
1883
1862
1722
1776
1865
2064
2184
2180
1995
1731
1626
1789
1963
1819
1446
1124
1026
1085
1044
903
589
281
25
-60
-5
-111
-395
-806
-986
-957
-916
-1014
-1235
-1428
-1531
-1523
-1475
-1457
-1482
-1555
-1638
-1640
-1479
-1328
-1245
-1270
-1270
-1175
-995
-787
-655
-587
-524
-381
-257
-67
67
301
485
452
465
532
745
963
1108
1083
934
831
916
1116
1231
1153
915
716
652
753
870
736
393
69
-19
89
79
-90
-434
-682
-729
-726
-753
-907
-1134
-1269
-1296
-1275
-1261
-1341
-1440
-1478
-1438
-1330
-1314
-1345
-1340
-1211
-1035
-927
-944
-889
-727
-527
-303
-249
-137
-41
175
403
540
600
903
1096
1119
1195
1254
1609
1817
1895
1850
1815
1831
1951
2082
2205
2165
1910
1718
1647
1834
1955
1683
1301
1044
1042
1120
992
749
401
136
-1
-43
-96
-278
-631
-886
-974
-976
-968
-1160
-1392
-1494
-1529
-1458
-1460
-1530
-1561
-1640
-1603
-1494
-1432
-1303
-1254
-1282
-1231
-1109
-867
-725
-689
-590
-502
-322
-123
2
132
156
438
594
535
564
626
858
1056
1060
927
796
762
1010
1104
1021
879
620
559
601
718
635
270
-8
-93
-70
-59
-219
-533
-767
-867
-813
-815
-979
-1166
-1331
-1332
-1249
-1239
-1308
-1426
-1472
-1393
-1282
-1208
-1195
-1219
-1152
-1041
-915
-746
-595
-559
-447
-351
-112
168
298
364
382
461
934
1357
1307
1161
1012
1440
1942
2177
2071
1768
1667
1878
2220
2472
2402
1950
1608
1588
1974
2287
1979
1341
946
1019
1307
1259
937
499
133
-24
64
121
-105
-552
-927
-995
-929
-868
-1066
-1412
-1583
-1603
-1476
-1462
-1577
-1673
-1782
-1696
-1540
-1488
-1492
-1476
-1387
-1287
-1210
-1069
-961
-867
-745
-618
-487
-302
-191
-108
28
151
610
549
374
432
587
1025
1116
1045
759
566
755
1147
1253
1055
678
383
460
679
922
663
37
-293
-253
63
88
-228
-664
-1029
-1001
-783
-661
-873
-1233
-1532
-1444
-1193
-1089
-1150
-1363
-1468
-1399
-1213
-1011
-1053
-1109
-1051
-941
-799
-654
-515
-390
-320
-278
20
216
388
487
601
691
1036
1362
1358
1295
1261
1704
2013
2160
2008
1847
1890
2039
2278
2375
2252
1913
1658
1693
1968
2068
1690
1181
952
1039
1186
1012
686
253
3
-73
-16
-39
-338
-779
-1106
-1070
-957
-985
-1216
-1532
-1663
-1642
-1528
-1477
-1563
-1682
-1765
-1702
-1538
-1405
-1401
-1424
-1392
-1257
-1082
-924
-824
-749
-674
-516
-305
-117
-75
48
46
519
759
439
404
419
927
1192
1124
824
542
588
978
1248
1091
736
325
309
497
840
802
129
-384
-365
7
148
-142
-595
-964
-986
-728
-569
-777
-1112
-1392
-1359
-1101
-982
-999
-1236
-1409
-1296
-1058
-874
-911
-1010
-982
-787
-616
-561
-500
-346
-202
-165
-42
163
353
501
603
641
728
1208
1398
1301
1127
1228
1710
1989
1996
1774
1651
1601
1895
2130
2193
1944
1492
1395
1513
1819
1811
1276
868
753
947
995
765
459
118
-79
-96
-5
-139
-426
-803
-938
-873
-854
-924
-1176
-1385
-1400
-1377
-1335
-1359
-1402
-1474
-1535
-1457
-1332
-1313
-1279
-1191
-1174
-1117
-1000
-819
-720
-680
-561
-455
-306
-202
-48
55
123
379
419
371
366
539
806
847
734
637
531
605
848
887
726
463
360
372
427
541
401
33
-223
-185
-25
-71
-305
-558
-712
-755
-663
-651
-794
-958
-1110
-1086
-1022
-947
-975
-1103
-1090
-1067
-1006
-913
-857
-836
-791
-702
-645
-577
-419
-194
-118
-177
-79
172
413
508
534
552
677
1150
1300
1181
1032
1150
1598
1840
1859
1653
1483
1486
1781
2043
2073
1779
1420
1323
1466
1790
1732
1268
899
806
962
1013
843
564
177
-38
-4
86
2
-321
-693
-852
-821
-710
-764
-1015
-1260
-1367
-1296
-1214
-1186
-1254
-1423
-1509
-1429
-1268
-1172
-1169
-1232
-1273
-1171
-980
-794
-723
-726
-720
-594
-359
-178
-181
-75
-113
158
483
266
229
243
542
743
745
592
399
376
598
856
747
511
240
263
366
484
527
160
-213
-276
-25
106
-124
-401
-688
-714
-572
-454
-550
-818
-1006
-1065
-881
-739
-744
-874
-1021
-1035
-867
-656
-648
-703
-762
-662
-593
-468
-276
-207
-152
-249
-123
210
383
423
398
424
696
1036
1115
1034
899
1070
1460
1654
1682
1423
1308
1406
1641
1899
1879
1615
1276
1199
1486
1751
1560
1140
853
830
1020
1041
888
547
163
80
163
280
111
-285
-622
-705
-588
-500
-663
-963
-1151
-1239
-1141
-1048
-1100
-1250
-1424
-1440
-1336
-1204
-1135
-1217
-1292
-1266
-1139
-988
-879
-823
-797
-804
-652
-444
-325
-307
-294
-50
131
173
41
85
294
532
642
492
355
292
485
695
748
573
347
255
346
547
607
393
-1
-138
58
228
171
-140
-411
-493
-425
-291
-312
-531
-766
-851
-788
-643
-606
-699
-880
-957
-833
-714
-624
-655
-698
-667
-644
-554
-450
-276
-206
-223
-277
-142
142
320
407
306
326
498
955
1129
949
764
837
1348
1597
1625
1382
1176
1258
1545
1864
1876
1587
1223
1146
1415
1757
1687
1196
799
789
1031
1089
905
588
211
84
158
271
146
-249
-607
-726
-593
-475
-635
-952
-1202
-1243
-1138
-1072
-1116
-1273
-1478
-1487
-1336
-1242
-1228
-1284
-1320
-1346
-1240
-1035
-927
-917
-925
-854
-676
-507
-405
-395
-340
-293
254
289
-64
-59
58
614
754
670
369
132
301
799
1006
771
419
189
357
548
872
763
128
-156
8
418
481
135
-268
-567
-402
-129
-36
-315
-718
-937
-806
-472
-382
-591
-885
-1023
-861
-600
-491
-557
-772
-822
-681
-490
-369
-363
-384
-391
-324
-98
114
94
154
201
241
458
800
1003
754
558
759
1260
1613
1503
1188
1089
1212
1553
1790
1756
1567
1241
1185
1393
1688
1723
1302
915
868
1066
1195
1035
702
393
233
292
366
236
-68
-450
-594
-482
-455
-574
-870
-1134
-1175
-1113
-1063
-1155
-1317
-1433
-1507
-1447
-1295
-1285
-1389
-1436
-1405
-1298
-1212
-1117
-1026
-1026
-996
-816
-654
-568
-561
-468
-328
-201
309
149
-126
-62
227
729
788
623
330
249
500
1007
1047
774
464
337
539
788
1027
719
107
-22
302
606
454
43
-311
-453
-273
-23
-88
-513
-869
-958
-684
-402
-514
-833
-1083
-1093
-816
-581
-640
-835
-1020
-901
-667
-568
-471
-557
-553
-469
-325
-43
81
64
86
149
390
773
967
878
669
742
1225
1615
1725
1457
1195
1373
1646
1974
2009
1831
1577
1367
1534
1869
1918
1584
1166
990
1146
1290
1190
827
415
291
308
336
239
-115
-461
-704
-660
-537
-690
-1019
-1314
-1426
-1344
-1243
-1332
-1555
-1728
-1721
-1637
-1557
-1469
-1562
-1679
-1619
-1460
-1308
-1266
-1204
-1124
-1047
-908
-710
-565
-509
-463
-299
-109
132
440
332
93
200
604
960
990
823
610
548
774
1166
1222
960
647
519
692
916
1023
689
181
91
324
480
285
-69
-354
-502
-367
-174
-294
-743
-1069
-1010
-722
-548
-812
-1139
-1283
-1208
-893
-738
-880
-1105
-1260
-1017
-683
-565
-594
-771
-690
-406
-148
73
73
-27
90
331
687
1011
1054
845
731
987
1617
1975
1851
1462
1309
1702
2056
2255
2171
1944
1675
1555
1825
2154
2090
1615
1154
1103
1334
1457
1200
714
382
298
316
289
98
-269
-660
-827
-724
-722
-963
-1291
-1496
-1572
-1509
-1500
-1623
-1785
-1937
-1931
-1843
-1731
-1690
-1821
-1878
-1747
-1566
-1470
-1407
-1298
-1183
-1092
-970
-760
-597
-492
-424
-264
-91
288
516
238
148
384
835
1096
1086
859
634
677
1048
1411
1301
947
647
715
933
1145
1087
582
187
247
524
528
232
-150
-467
-489
-281
-190
-521
-948
-1152
-953
-657
-715
-1017
-1330
-1350
-1131
-841
-817
-1054
-1304
-1230
-888
-679
-630
-780
-728
-563
-339
-76
26
66
61
332
529
716
972
1196
1141
936
1115
1618
2055
1978
1679
1601
1778
2001
2195
2279
2183
1844
1618
1686
2008
2148
1814
1254
995
1177
1291
1148
742
413
175
35
21
-41
-319
-735
-1000
-1036
-995
-1135
-1376
-1620
-1767
-1679
-1688
-1778
-1876
-1993
-1987
-1933
-1796
-1728
-1833
-1826
-1688
-1543
-1399
-1311
-1193
-1095
-990
-780
-585
-455
-341
-272
-34
59
555
707
297
351
536
1076
1275
1203
908
686
785
1218
1537
1287
958
667
753
928
1144
1075
489
107
178
435
417
107
-281
-614
-604
-424
-347
-681
-1095
-1245
-1088
-816
-890
-1188
-1439
-1452
-1226
-975
-976
-1177
-1373
-1268
-900
-698
-692
-775
-715
-500
-223
-48
78
61
172
414
577
831
1054
1273
1105
1006
1277
1791
2149
2010
1701
1667
1853
2110
2348
2347
2140
1732
1575
1797
2092
2089
1650
1087
949
1159
1245
1050
594
241
-10
-112
-7
-109
-479
-991
-1252
-1095
-1021
-1205
-1521
-1807
-1864
-1719
-1661
-1752
-1899
-2016
-2017
-1888
-1667
-1585
-1746
-1783
-1640
-1412
-1225
-1158
-1038
-961
-892
-646
-374
-194
-172
-118
81
269
773
707
482
539
751
1137
1222
1195
961
860
927
1241
1346
1197
945
738
778
880
1024
770
344
174
232
297
104
-102
-368
-602
-606
-529
-579
-871
-1126
-1185
-1008
-925
-1078
-1304
-1383
-1296
-1159
-1013
-1082
-1211
-1217
-1051
-793
-691
-665
-696
-532
-318
-144
18
111
230
354
542
579
749
1129
1437
1300
1055
1138
1595
2133
2107
1812
1581
1554
1850
2176
2289
2107
1617
1315
1381
1804
2086
1648
910
590
796
1091
990
541
105
-289
-312
-140
-131
-436
-1038
-1304
-1169
-1017
-1034
-1374
-1724
-1780
-1626
-1525
-1575
-1723
-1813
-1830
-1724
-1461
-1412
-1537
-1587
-1448
-1152
-1003
-985
-914
-848
-693
-473
-274
-185
-160
-108
110
262
566
872
480
323
461
922
1354
1249
921
551
552
968
1440
1348
891
422
419
734
984
1072
530
-99
-159
183
478
240
-272
-709
-788
-480
-251
-469
-923
-1202
-1129
-769
-702
-899
-1172
-1363
-1144
-843
-704
-879
-1163
-1106
-804
-552
-473
-571
-640
-422
-210
18
95
75
142
349
559
663
768
1070
1180
987
1001
1185
1667
1868
1646
1450
1377
1550
1850
1956
1923
1629
1307
1248
1445
1763
1701
1119
627
680
915
985
657
245
-67
-218
-150
-115
-264
-659
-1062
-1086
-929
-924
-1124
-1450
-1569
-1446
-1427
-1500
-1611
-1613
-1577
-1644
-1511
-1396
-1444
-1477
-1361
-1131
-1006
-1007
-936
-783
-656
-480
-350
-240
-210
-128
56
224
359
443
794
471
354
641
896
1210
1084
898
604
660
992
1369
1184
777
561
534
750
892
1010
551
-98
-48
315
443
135
-243
-578
-657
-449
-264
-423
-899
-1125
-1063
-771
-726
-915
-1129
-1261
-1140
-860
-745
-970
-1105
-1002
-729
-618
-579
-584
-625
-356
-215
-38
48
34
102
334
571
638
659
827
1065
1003
984
1098
1452
1664
1470
1343
1444
1553
1632
1667
1723
1577
1353
1276
1281
1463
1436
1103
729
670
792
730
494
243
55
-114
-227
-260
-365
-611
-850
-926
-951
-1058
-1177
-1270
-1346
-1367
-1391
-1521
-1519
-1390
-1406
-1480
-1434
-1315
-1288
-1301
-1109
-969
-1009
-976
-834
-620
-520
-453
-334
-281
-231
6
212
254
382
318
258
425
755
1050
819
551
578
770
1061
1197
1016
711
553
726
993
980
863
500
207
305
526
624
257
-147
-282
-263
-146
-135
-346
-684
-877
-814
-669
-660
-801
-1042
-1216
-1066
-827
-753
-924
-1123
-1044
-830
-656
-630
-709
-674
-560
-413
-239
-150
-64
-68
24
286
489
477
458
605
926
1189
1090
929
918
1274
1651
1726
1561
1297
1244
1414
1710
1898
1787
1343
961
1029
1480
1729
1315
707
407
522
792
778
500
33
-367
-431
-263
-125
-334
-830
-1213
-1218
-1022
-920
-1108
-1415
-1629
-1664
-1512
-1313
-1315
-1558
-1718
-1622
-1379
-1242
-1203
-1212
-1260
-1159
-974
-743
-624
-658
-558
-433
-301
-125
25
78
125
201
471
605
502
617
651
804
977
1003
981
850
861
1047
1122
1032
923
808
769
762
820
790
497
290
244
284
220
20
-175
-382
-446
-447
-484
-640
-848
-972
-977
-922
-1004
-1100
-1136
-1120
-1117
-1130
-1047
-974
-921
-962
-894
-738
-622
-536
-431
-365
-280
-95
49
173
250
471
541
513
689
1101
1387
1142
908
1015
1512
1910
1847
1595
1322
1344
1638
1974
2058
1734
1255
1066
1276
1675
1755
1246
659
402
625
919
761
355
-154
-474
-386
-240
-198
-553
-1121
-1368
-1270
-1040
-1012
-1337
-1708
-1839
-1699
-1509
-1457
-1534
-1713
-1820
-1673
-1401
-1272
-1281
-1345
-1299
-1108
-868
-700
-686
-676
-503
-284
-116
-55
20
91
241
357
608
1052
659
427
522
939
1501
1409
1047
634
655
1074
1529
1442
1010
594
490
719
994
1206
694
-96
-262
124
544
301
-279
-791
-930
-648
-353
-480
-974
-1415
-1471
-1100
-891
-970
-1242
-1543
-1523
-1222
-899
-881
-1108
-1223
-1091
-763
-510
-399
-517
-470
-313
-54
232
297
372
445
529
655
907
1325
1449
1122
917
1212
1880
2212
1892
1466
1386
1614
2008
2225
2088
1644
1238
1275
1620
1912
1720
1031
498
613
987
1033
592
26
-273
-340
-227
-174
-431
-929
-1333
-1323
-1103
-1088
-1320
-1686
-1898
-1795
-1603
-1579
-1683
-1794
-1863
-1794
-1576
-1383
-1442
-1515
-1375
-1187
-1001
-911
-829
-707
-639
-433
-192
-159
-86
42
242
511
581
599
548
607
962
1251
1255
1061
857
1003
1271
1486
1457
1111
873
876
1048
1222
1118
705
381
255
361
487
310
-81
-493
-656
-559
-474
-587
-938
-1313
-1402
-1292
-1189
-1191
-1444
-1643
-1676
-1508
-1278
-1233
-1350
-1457
-1341
-1101
-813
-713
-714
-725
-639
-268
50
161
205
282
503
662
855
1244
1468
1563
1414
1375
1674
2146
2534
2424
2079
1876
2051
2424
2686
2657
2364
1824
1566
1873
2321
2315
1642
927
697
905
1164
969
393
-212
-596
-567
-391
-429
-904
-1509
-1884
-1821
-1572
-1599
-1924
-2385
-2539
-2383
-2209
-2135
-2247
-2385
-2464
-2353
-2023
-1774
-1783
-1869
-1773
-1509
-1236
-998
-842
-771
-661
-456
-175
34
184
296
343
820
1176
1017
809
862
1462
1975
1900
1476
1143
1234
1788
2200
2040
1435
914
978
1330
1684
1568
728
1
-10
527
746
278
-516
-1083
-1060
-703
-512
-902
-1587
-2038
-1894
-1453
-1337
-1614
-2062
-2284
-2022
-1632
-1440
-1568
-1816
-1816
-1502
-1142
-863
-910
-941
-800
-535
-117
64
199
259
484
709
862
1124
1476
1807
1666
1501
1621
2179
2680
2627
2362
2089
2176
2415
2761
2880
2587
2165
1715
1788
2213
2440
1966
1097
704
840
1125
995
516
-62
-505
-613
-513
-445
-818
-1381
-1782
-1843
-1685
-1607
-1812
-2201
-2389
-2382
-2277
-2129
-2054
-2160
-2363
-2281
-1959
-1753
-1686
-1678
-1540
-1363
-1209
-940
-731
-619
-520
-343
-79
113
224
462
658
867
904
785
979
1295
1703
1725
1423
1188
1316
1677
1938
1875
1511
1178
1024
1306
1592
1474
953
394
249
485
697
437
-227
-740
-838
-625
-538
-769
-1262
-1717
-1841
-1591
-1338
-1493
-1943
-2258
-2160
-1830
-1518
-1526
-1822
-2026
-1834
-1344
-959
-930
-1071
-1150
-867
-381
28
106
21
95
380
798
998
1176
1279
1543
1644
1610
1739
1979
2386
2496
2417
2203
2115
2282
2518
2722
2638
2302
1859
1651
1936
2372
2220
1412
764
672
987
1087
793
186
-501
-703
-561
-377
-575
-1249
-1757
-1875
-1701
-1568
-1744
-2071
-2343
-2417
-2329
-2141
-2000
-2085
-2327
-2306
-1983
-1697
-1600
-1672
-1574
-1342
-1105
-897
-766
-637
-517
-331
-59
140
255
288
440
679
1006
1556
1133
751
944
1507
2119
1963
1625
1165
1045
1477
2157
2118
1436
781
749
1112
1313
1448
854
-65
-326
106
517
120
-550
-1093
-1303
-1052
-750
-927
-1565
-2059
-2094
-1628
-1481
-1688
-2014
-2244
-2090
-1733
-1453
-1534
-1717
-1764
-1490
-1069
-809
-840
-887
-623
-392
-95
128
278
328
450
739
979
1156
1402
1749
1613
1428
1510
2078
2666
2476
2123
1953
2040
2367
2610
2662
2347
1872
1695
1795
2087
2175
1705
1031
732
845
1026
786
320
-65
-429
-550
-566
-623
-915
-1382
-1592
-1585
-1633
-1725
-1868
-2025
-2044
-2079
-2169
-2146
-1954
-1848
-2001
-2025
-1783
-1597
-1540
-1373
-1134
-1044
-1073
-898
-515
-343
-284
-136
-22
131
295
544
697
754
1078
1073
878
1006
1358
1670
1716
1444
1232
1125
1359
1828
1792
1383
899
819
1034
1222
1232
803
138
-137
143
351
135
-392
-962
-1190
-1073
-815
-892
-1422
-1882
-1978
-1713
-1414
-1537
-1897
-2105
-2008
-1639
-1468
-1548
-1606
-1611
-1392
-1138
-923
-800
-781
-589
-411
-194
36
236
358
510
710
822
976
1198
1631
1767
1506
1376
1645
2333
2554
2334
2031
1848
2077
2372
2609
2560
2152
1652
1477
1753
2180
2064
1294
663
603
885
864
525
171
-305
-654
-712
-579
-632
-1094
-1594
-1730
-1607
-1602
-1702
-1895
-2020
-2062
-2117
-2089
-1921
-1738
-1832
-2051
-1913
-1560
-1402
-1362
-1254
-1115
-1065
-940
-638
-371
-271
-230
-85
77
237
479
550
676
732
1125
1342
904
982
1210
1560
1724
1614
1357
1045
1078
1543
1839
1439
935
620
745
924
1032
912
132
-401
-267
95
111
-414
-985
-1345
-1316
-990
-887
-1310
-1866
-2120
-1834
-1423
-1434
-1716
-2067
-2082
-1692
-1346
-1256
-1481
-1544
-1444
-1066
-689
-552
-575
-600
-338
-139
266
557
568
550
582
992
1388
1631
1761
1505
1371
1582
2273
2735
2519
1977
1791
2078
2461
2757
2629
2280
1692
1515
1874
2237
2181
1454
758
654
931
1071
764
226
-241
-503
-558
-436
-512
-939
-1496
-1772
-1572
-1408
-1601
-1969
-2157
-2116
-2017
-2021
-2062
-2004
-1979
-2030
-1970
-1719
-1500
-1551
-1516
-1295
-1098
-983
-854
-597
-423
-384
-247
33
214
379
370
682
890
797
890
977
1366
1573
1443
1150
1139
1421
1695
1664
1389
1141
999
1125
1181
1158
975
490
137
157
399
366
-127
-668
-897
-810
-683
-791
-1182
-1569
-1796
-1703
-1474
-1545
-1728
-1959
-2130
-1953
-1641
-1483
-1675
-1785
-1683
-1397
-1147
-995
-967
-855
-618
-475
-206
-51
192
412
588
767
807
1003
1449
1892
1865
1548
1528
2020
2599
2696
2531
2162
2040
2274
2627
2865
2663
2343
1870
1618
1970
2453
2247
1391
755
789
1117
1067
717
235
-237
-503
-584
-445
-498
-990
-1555
-1828
-1644
-1425
-1662
-2045
-2202
-2203
-2166
-2173
-2053
-2010
-2140
-2179
-2078
-1799
-1581
-1577
-1588
-1417
-1168
-990
-836
-655
-449
-378
-274
37
313
379
352
552
979
1268
924
778
1070
1504
1802
1508
1208
1116
1271
1545
1680
1451
1100
784
770
985
1067
897
275
-208
-73
190
84
-449
-910
-1028
-1018
-1002
-1059
-1372
-1743
-1934
-1796
-1503
-1633
-1921
-2148
-2137
-1830
-1569
-1554
-1695
-1786
-1565
-1244
-1023
-914
-856
-691
-391
-201
-11
219
417
697
707
979
1328
1625
1808
1674
1652
1881
2419
2766
2658
2224
2143
2456
2740
2879
2740
2514
2117
1921
2221
2478
2326
1720
1173
1076
1271
1318
945
383
-38
-131
-199
-283
-531
-984
-1374
-1573
-1449
-1400
-1712
-2106
-2283
-2213
-2033
-2055
-2256
-2348
-2292
-2152
-2046
-1900
-1751
-1807
-1771
-1554
-1265
-1024
-912
-810
-689
-537
-308
22
221
335
419
527
688
938
1168
1251
1201
1214
1328
1409
1538
1578
1535
1317
1189
1252
1332
1233
1057
887
640
432
364
407
230
-135
-453
-637
-698
-790
-901
-1123
-1474
-1638
-1639
-1647
-1731
-1858
-1970
-2038
-2078
-2007
-1858
-1811
-1819
-1829
-1755
-1533
-1332
-1165
-1066
-919
-718
-448
-223
-23
189
390
627
704
1007
1450
1890
1799
1463
1647
2292
2895
2939
2634
2276
2295
2700
3253
3330
2901
2351
2040
2292
2788
2962
2350
1323
1029
1467
1821
1524
798
208
-152
-133
67
76
-492
-1281
-1726
-1552
-1158
-1234
-1750
-2346
-2549
-2349
-2094
-1964
-2111
-2492
-2796
-2615
-2044
-1714
-1872
-2105
-2095
-1851
-1403
-1033
-862
-929
-981
-739
-348
66
251
419
365
435
697
908
1216
1334
1473
1332
1167
1229
1558
1858
1781
1429
1108
1091
1229
1427
1374
949
453
210
352
482
348
-111
-620
-861
-844
-632
-753
-1209
-1669
-1804
-1654
-1607
-1664
-1831
-2080
-2221
-2124
-1871
-1755
-1897
-2115
-1966
-1724
-1484
-1418
-1322
-1103
-1022
-843
-657
-235
66
245
198
296
826
1439
1779
1389
1157
1586
2473
2979
2766
2359
2172
2497
3032
3443
3345
2836
2371
2276
2744
3181
2997
2211
1508
1573
1959
2022
1494
863
496
352
269
180
-31
-516
-944
-1250
-1251
-1234
-1509
-1844
-2096
-2124
-2146
-2294
-2403
-2359
-2324
-2384
-2471
-2460
-2273
-2109
-1909
-1868
-1893
-1773
-1520
-1139
-866
-783
-775
-638
-306
259
562
412
289
527
1004
1444
1529
1344
1182
1189
1555
1920
2010
1704
1272
1154
1393
1742
1707
1139
583
493
733
809
522
54
-353
-513
-504
-514
-667
-1013
-1437
-1623
-1484
-1408
-1633
-1957
-2170
-2168
-1988
-1942
-2017
-2125
-2212
-2089
-1954
-1756
-1669
-1600
-1522
-1431
-1126
-811
-650
-610
-318
-88
161
498
909
1270
1089
1027
1405
2232
2795
2557
2157
2147
2608
3141
3407
3255
2977
2647
2546
2916
3382
3359
2523
1755
1809
2335
2537
1949
1137
661
646
789
751
370
-295
-855
-1085
-919
-827
-1107
-1780
-2348
-2256
-1951
-1926
-2278
-2642
-2746
-2669
-2463
-2276
-2272
-2490
-2531
-2361
-1994
-1709
-1664
-1588
-1483
-1229
-885
-601
-427
-241
-123
689
760
468
586
792
1656
1972
1769
1243
986
1410
2292
2430
1838
1226
1086
1456
1668
1926
1601
591
152
471
981
840
122
-571
-901
-687
-302
-333
-1124
-1797
-1913
-1427
-1204
-1603
-1982
-2337
-2393
-2094
-1863
-1856
-2225
-2527
-2385
-1918
-1620
-1615
-1860
-1760
-1377
-1175
-837
-726
-500
-528
-372
290
858
955
630
645
1175
2085
2533
2433
1908
1769
2544
3267
3543
3222
2848
2610
2566
3255
3802
3439
2433
1874
2261
2771
2715
2064
1422
975
1023
1129
1036
605
-133
-606
-773
-531
-489
-1070
-1744
-2028
-1872
-1815
-2018
-2290
-2452
-2549
-2576
-2473
-2468
-2429
-2478
-2433
-2276
-2189
-2121
-1979
-1674
-1377
-1285
-1298
-1170
-633
-283
412
405
-111
101
603
1564
1842
1571
1021
885
1314
2236
2610
2000
1312
992
1505
1937
2213
1875
772
245
610
1289
1223
472
-297
-724
-548
-157
43
-583
-1421
-1845
-1521
-1013
-1162
-1598
-2127
-2322
-2154
-1880
-1773
-2083
-2359
-2406
-2186
-1961
-1854
-1808
-1773
-1634
-1598
-1370
-1033
-779
-676
-629
-220
361
543
387
398
921
1708
2125
2099
1815
1699
2230
2941
3257
3180
2930
2627
2453
2965
3752
3692
2679
1883
2134
2744
2929
2446
1709
1116
943
1253
1431
1046
285
-399
-645
-401
-186
-518
-1299
-1871
-1840
-1607
-1634
-1884
-2254
-2467
-2514
-2421
-2271
-2246
-2311
-2477
-2491
-2252
-2021
-1885
-1798
-1644
-1524
-1419
-1258
-834
-597
-72
246
-189
-103
197
1066
1630
1370
1008
802
1136
1877
2385
2116
1493
1135
1446
1876
2160
2064
1131
475
672
1239
1340
637
-19
-388
-390
-130
-16
-370
-1074
-1518
-1376
-1010
-1073
-1438
-1885
-2120
-1994
-1750
-1680
-1960
-2241
-2264
-2050
-1823
-1777
-1775
-1811
-1632
-1484
-1389
-1193
-1023
-846
-798
-408
73
277
8
-20
571
1394
1822
1615
1352
1368
1963
2618
2893
2719
2556
2476
2437
2772
3318
3374
2690
2020
2221
2757
2908
2428
1803
1464
1355
1499
1535
1210
596
79
-128
65
127
-257
-930
-1391
-1287
-1102
-1218
-1563
-1985
-2175
-2106
-1955
-1896
-2085
-2351
-2374
-2133
-1899
-1909
-2031
-1923
-1636
-1445
-1416
-1379
-1051
-725
-496
-209
-305
-190
39
493
1003
959
750
624
924
1402
1740
1600
1231
1059
1263
1631
1727
1530
1033
680
792
1034
1054
546
42
-171
-197
-85
-104
-343
-886
-1213
-1167
-934
-1018
-1396
-1662
-1791
-1773
-1698
-1595
-1827
-2054
-2043
-1884
-1661
-1678
-1676
-1702
-1579
-1326
-1211
-1168
-1097
-865
-619
-380
-100
162
65
-42
299
1092
1717
1606
1202
1148
1674
2388
2701
2547
2445
2338
2261
2492
3023
3327
2816
1989
1966
2542
2877
2579
1920
1559
1403
1440
1584
1478
990
335
-57
82
267
68
-500
-1078
-1154
-1004
-1022
-1237
-1602
-1802
-1880
-1895
-1783
-1801
-1989
-2173
-2116
-1867
-1808
-1947
-1896
-1596
-1379
-1328
-1474
-1332
-940
-522
-108
-345
-393
-279
150
757
917
844
525
487
926
1597
1650
1252
825
860
1341
1601
1576
1045
539
566
838
1025
735
173
-228
-351
-201
-33
-219
-785
-1212
-1264
-921
-867
-1164
-1521
-1768
-1751
-1580
-1405
-1544
-1859
-2072
-1879
-1633
-1507
-1577
-1652
-1533
-1368
-1194
-1126
-1076
-848
-685
-503
-179
98
87
-96
74
733
1468
1506
1137
929
1339
2032
2482
2451
2269
2189
2143
2371
2844
3210
2827
2081
1886
2368
2812
2601
2027
1613
1442
1483
1562
1532
1138
589
177
197
389
313
-147
-783
-1007
-794
-659
-913
-1356
-1542
-1528
-1577
-1575
-1597
-1661
-1817
-1856
-1709
-1678
-1781
-1723
-1513
-1315
-1331
-1397
-1377
-1108
-904
-69
29
-750
-797
-424
751
1242
827
67
-142
365
1429
1912
1240
582
245
761
1360
1783
1539
269
-285
294
1153
1106
250
-376
-739
-575
-141
184
-377
-1292
-1660
-1208
-618
-810
-1274
-1768
-1998
-1693
-1224
-1177
-1649
-2122
-2072
-1644
-1339
-1380
-1551
-1647
-1329
-1155
-1016
-931
-847
-654
-615
-186
278
355
-79
-158
495
1477
1851
1410
914
937
1773
2608
2680
2351
2064
1988
2172
2655
3276
3085
2139
1564
2014
2739
2814
2178
1580
1211
1194
1501
1670
1371
621
5
-106
277
546
222
-641
-1212
-1040
-644
-541
-938
-1433
-1630
-1648
-1454
-1264
-1262
-1513
-1834
-1783
-1540
-1433
-1397
-1420
-1330
-1302
-1249
-1088
-881
-837
-530
106
-191
-629
-685
208
1049
1045
458
-152
52
787
1639
1494
813
200
314
904
1382
1584
792
-232
-334
500
1108
570
-260
-784
-845
-529
-83
-116
-838
-1544
-1652
-1044
-675
-941
-1452
-1881
-1877
-1460
-1121
-1259
-1700
-1874
-1756
-1413
-1249
-1206
-1346
-1330
-1040
-957
-883
-765
-518
-372
-224
186
507
231
-79
320
1291
1844
1577
1034
872
1402
2313
2684
2294
1930
1818
1959
2243
2735
2942
2219
1322
1478
2305
2595
2019
1314
974
955
1205
1433
1177
510
-75
-199
119
337
220
-439
-1153
-1098
-548
-367
-762
-1307
-1463
-1276
-1143
-1041
-1138
-1315
-1436
-1418
-1172
-1064
-1168
-1183
-1081
-901
-834
-776
-712
-572
-478
-310
692
180
-484
-421
193
1284
1254
651
-154
-120
518
1642
1610
779
-24
-143
659
1147
1470
645
-687
-811
67
799
366
-495
-1268
-1409
-829
-186
-160
-1162
-1929
-1963
-1124
-604
-955
-1519
-2092
-2009
-1266
-843
-1095
-1622
-1762
-1525
-1098
-890
-850
-1121
-1090
-781
-756
-514
-404
-195
-294
-106
550
834
382
77
652
1598
2001
1565
1235
1113
1457
2319
2607
2336
1947
1739
1803
1937
2707
2907
1983
1042
1191
2113
2382
1745
982
660
632
938
1179
906
152
-486
-444
-90
200
50
-861
-1443
-1163
-588
-507
-975
-1346
-1451
-1400
-1199
-943
-930
-1197
-1414
-1325
-1001
-850
-844
-816
-807
-777
-659
-539
-276
-18
-76
-57
-6
164
473
708
611
469
451
663
875
895
838
619
473
506
710
864
620
215
59
87
223
190
-190
-606
-673
-544
-654
-937
-975
-940
-1147
-1327
-1343
-1246
-1293
-1496
-1483
-1477
-1470
-1495
-1465
-1419
-1404
-1241
-1192
-1203
-1169
-1004
-734
-670
-525
-505
-638
-384
52
240
119
205
704
986
621
537
1057
1780
1966
1580
1333
1390
1757
2231
2292
2103
2045
1770
1552
1782
2400
2560
1644
814
1081
1686
1816
1289
680
377
307
544
702
376
-191
-645
-695
-393
-170
-331
-1045
-1457
-1104
-662
-798
-1149
-1285
-1229
-1239
-1217
-941
-875
-1015
-1139
-1079
-841
-683
-601
-509
-494
-428
-393
-319
-99
227
132
635
599
161
286
486
1305
1309
991
470
316
621
1265
1523
851
191
-54
446
695
828
600
-363
-868
-568
105
127
-555
-1297
-1704
-1385
-803
-500
-1207
-2059
-2182
-1588
-969
-1166
-1528
-1882
-2019
-1567
-1147
-1036
-1269
-1563
-1546
-1152
-749
-619
-754
-825
-474
-353
-240
-28
256
304
55
454
1098
1227
834
730
1104
1772
2150
2076
1683
1278
1681
2327
2606
2415
2104
1793
1426
1692
2560
2691
1647
680
898
1596
1808
1273
605
136
66
377
544
239
-453
-925
-964
-611
-286
-599
-1369
-1727
-1305
-867
-1003
-1298
-1520
-1511
-1457
-1237
-928
-968
-1153
-1246
-1096
-768
-548
-583
-603
-524
-299
-244
-238
22
322
326
160
827
860
770
567
510
1154
1397
1384
818
468
539
1132
1307
1009
530
274
228
269
734
578
-211
-815
-713
-209
-246
-763
-1389
-1579
-1261
-1045
-1131
-1586
-1821
-1826
-1597
-1466
-1548
-1499
-1774
-1909
-1667
-1363
-1140
-1293
-1398
-1328
-1047
-745
-592
-539
-323
-258
-303
-102
324
734
478
442
942
1386
1263
1004
1145
1720
2216
2222
2007
1578
1644
2181
2601
2705
2373
1913
1435
1397
2388
2863
1993
753
401
1193
1808
1494
643
-89
-238
54
300
261
-289
-990
-1337
-1145
-598
-489
-1216
-1867
-1759
-1347
-1167
-1248
-1424
-1618
-1761
-1525
-1090
-927
-1041
-1349
-1338
-897
-560
-459
-523
-483
-293
-245
-123
121
487
499
251
600
873
943
855
817
1128
1329
1229
914
818
1045
1309
1100
733
544
605
627
434
487
250
-276
-573
-440
-89
-452
-1087
-1452
-1398
-1030
-987
-1354
-1832
-2008
-1748
-1388
-1481
-1713
-1866
-1874
-1722
-1465
-1215
-1369
-1636
-1506
-1103
-754
-700
-839
-764
-470
-111
47
38
119
395
523
777
1067
1455
1422
989
1164
1690
2509
2584
2072
1579
1667
2339
2868
2846
2422
1935
1581
1710
2361
2844
2234
998
446
1042
1768
1620
759
-13
-292
-52
163
185
-315
-1022
-1376
-1385
-999
-800
-1180
-1781
-2091
-1817
-1401
-1377
-1612
-1819
-1910
-1684
-1438
-1282
-1180
-1459
-1444
-1188
-925
-645
-658
-605
-436
-427
-110
114
289
398
284
511
780
1098
1096
917
919
1243
1443
1382
1222
1098
1269
1170
1196
1172
904
716
647
659
506
257
11
-210
-352
-396
-519
-889
-1115
-1189
-1151
-1268
-1540
-1593
-1721
-1714
-1722
-1719
-1717
-1758
-1796
-1783
-1576
-1422
-1350
-1513
-1483
-1117
-821
-732
-747
-640
-416
-246
-53
162
371
520
491
658
1272
1666
1357
1024
1113
2032
2717
2557
1917
1497
1880
2563
3072
2900
2274
1604
1536
2048
2768
2822
1657
550
566
1431
1953
1328
277
-385
-305
70
278
42
-704
-1381
-1630
-1186
-775
-936
-1603
-2247
-2126
-1618
-1419
-1635
-1885
-1988
-1922
-1745
-1509
-1293
-1367
-1497
-1536
-1230
-804
-629
-624
-700
-603
-240
78
130
234
376
420
816
1177
1057
945
827
1260
1752
1726
1306
967
1058
1454
1674
1361
951
646
802
802
714
627
121
-316
-421
-204
-247
-766
-1166
-1357
-1279
-1213
-1300
-1572
-1872
-1949
-1840
-1716
-1801
-1743
-1788
-1940
-1899
-1636
-1331
-1415
-1541
-1366
-1082
-920
-767
-603
-346
-219
-236
-44
359
692
671
713
1208
1588
1399
1218
1373
2225
2741
2522
2061
1799
2114
2747
3178
2960
2466
1929
1882
2210
2798
2916
1854
795
788
1574
2029
1342
303
-201
-147
164
263
-66
-717
-1435
-1665
-1242
-829
-975
-1826
-2456
-2200
-1658
-1524
-1852
-2131
-2182
-2186
-1974
-1645
-1534
-1622
-1836
-1866
-1443
-1009
-910
-945
-1003
-757
-475
-244
-96
85
456
638
560
465
833
1154
1473
1481
1315
1223
1077
1353
1736
1889
1539
976
744
986
1366
1474
878
25
-135
154
381
215
-351
-865
-1267
-1156
-695
-636
-1204
-1935
-2090
-1616
-1237
-1375
-1738
-2054
-2050
-1790
-1466
-1282
-1449
-1726
-1675
-1390
-930
-784
-871
-821
-748
-464
-259
-3
211
256
295
718
1290
1376
1137
1008
1555
2365
2729
2416
1831
1777
2401
3119
3264
2866
2346
1966
2041
2708
3311
2759
1483
856
1412
2183
2002
1146
273
-54
144
420
410
-117
-852
-1417
-1438
-960
-758
-1188
-2075
-2398
-2029
-1696
-1747
-2069
-2254
-2330
-2313
-2153
-1875
-1770
-1874
-2023
-1968
-1606
-1298
-1166
-1109
-1125
-818
-663
-487
-162
0
324
287
432
753
916
1043
1134
1260
1407
1519
1436
1437
1378
1570
1665
1443
1261
1067
1147
1090
838
645
452
247
43
-63
-195
-394
-710
-959
-1014
-983
-1036
-1365
-1599
-1621
-1627
-1621
-1641
-1682
-1751
-1868
-1795
-1605
-1508
-1440
-1511
-1438
-1216
-1057
-842
-675
-570
-448
-413
-196
237
509
715
909
971
951
1038
1525
2263
2469
2187
1802
1873
2475
2995
3153
2826
2440
2313
2363
2683
3086
2954
2060
1260
1417
2118
2266
1509
625
202
313
507
445
53
-608
-1127
-1287
-1069
-868
-1152
-1820
-2317
-2203
-1817
-1810
-2171
-2461
-2438
-2350
-2278
-2157
-2107
-2165
-2212
-2057
-1820
-1698
-1587
-1387
-1160
-1078
-992
-771
-446
-180
60
391
316
396
641
1073
1406
1366
1291
1205
1438
1672
1928
1754
1463
1336
1403
1545
1468
1397
1042
588
467
682
684
226
-195
-423
-497
-565
-587
-725
-1107
-1403
-1485
-1304
-1322
-1562
-1784
-1870
-1853
-1709
-1627
-1692
-1779
-1796
-1638
-1449
-1272
-1135
-1111
-1051
-850
-644
-408
-214
-103
21
455
928
932
732
776
1367
2113
2348
2159
1819
1803
2275
2935
3237
2961
2578
2357
2431
2795
3273
3143
2265
1566
1726
2385
2460
1757
992
594
595
722
748
381
-391
-950
-1004
-760
-745
-1196
-1789
-2113
-1972
-1801
-1958
-2213
-2453
-2497
-2450
-2382
-2242
-2255
-2388
-2459
-2277
-1976
-1946
-2009
-1792
-1432
-1285
-1322
-1340
-866
-481
97
396
-243
-262
60
1101
1809
1477
815
412
848
1893
2615
2046
1074
622
1230
1902
2135
1936
846
10
298
1232
1545
589
-447
-807
-478
-16
126
-417
-1302
-1725
-1368
-700
-789
-1394
-1875
-2058
-1752
-1288
-1198
-1515
-1984
-1969
-1526
-1158
-1098
-1239
-1284
-1042
-834
-624
-439
-270
-141
69
470
924
840
551
809
1482
2295
2273
1914
1651
1839
2579
3190
3134
2683
2446
2525
2706
3056
3369
2941
2032
1635
2155
2665
2377
1528
964
776
746
822
783
300
-452
-992
-978
-641
-646
-1228
-1998
-2319
-2032
-1759
-1881
-2306
-2708
-2793
-2649
-2440
-2329
-2389
-2630
-2716
-2493
-2084
-1947
-2075
-2051
-1699
-1301
-1208
-1290
-1045
-693
-46
202
-49
1
82
807
1489
1521
1087
762
995
1792
2215
1974
1500
1142
1348
1637
1933
1867
1133
593
683
997
1065
636
42
-296
-329
-249
-184
-458
-869
-1269
-1347
-1107
-1124
-1188
-1467
-1862
-1817
-1650
-1418
-1450
-1731
-1813
-1697
-1469
-1294
-1159
-1082
-999
-1061
-948
-590
-257
-47
64
339
548
490
581
927
1690
2167
1941
1573
1559
2186
2932
3200
2822
2453
2410
2666
3009
3391
3319
2560
1867
1971
2704
2879
2155
1286
970
1154
1215
1000
636
83
-373
-590
-603
-557
-773
-1359
-1876
-1978
-1761
-1740
-2030
-2300
-2481
-2521
-2498
-2414
-2305
-2401
-2514
-2470
-2322
-2181
-2119
-1983
-1806
-1662
-1596
-1519
-1240
-983
-442
-340
-439
-348
-218
331
800
1188
919
445
367
1185
1947
1895
1284
730
967
1345
1830
1875
1233
520
310
870
1247
1001
190
-522
-431
-66
254
-230
-907
-1249
-1184
-788
-797
-1023
-1404
-1723
-1635
-1368
-1192
-1238
-1597
-1782
-1575
-1247
-992
-1089
-1189
-1023
-823
-680
-554
-304
-172
-107
289
777
866
586
581
1076
1921
2340
2138
1686
1535
2189
3005
3382
2953
2433
2348
2515
3014
3530
3376
2403
1599
1908
2809
3021
2133
1123
810
1131
1371
1205
685
-55
-487
-556
-374
-328
-785
-1557
-1979
-1788
-1528
-1674
-2122
-2414
-2494
-2499
-2408
-2325
-2353
-2594
-2735
-2517
-2233
-2184
-2378
-2278
-1874
-1564
-1617
-1714
-1551
-964
-790
-383
6
-559
-485
-316
621
1442
1143
376
-43
474
1647
2353
1589
643
301
998
1669
1928
1730
570
-239
145
1248
1547
440
-658
-975
-415
100
105
-560
-1443
-1682
-1210
-564
-704
-1380
-1849
-1923
-1552
-963
-985
-1486
-1911
-1743
-1138
-784
-853
-1116
-1196
-743
-351
-230
-212
-197
5
288
874
1326
1040
571
777
1713
2712
2672
2053
1646
1808
2845
3680
3491
2823
2344
2527
2836
3363
3858
3129
1860
1422
2324
3173
2744
1568
815
717
984
1230
1037
314
-605
-953
-737
-440
-496
-1223
-2046
-2210
-1791
-1540
-1852
-2298
-2582
-2606
-2428
-2224
-2225
-2442
-2662
-2594
-2199
-1925
-2071
-2290
-2081
-1537
-1306
-1527
-1584
-1261
-725
-690
-378
148
-260
-486
-257
692
1410
1103
393
20
491
1468
2005
1355
550
257
771
1287
1403
1331
378
-474
-137
806
971
-43
-871
-1064
-752
-342
-206
-716
-1565
-1858
-1379
-687
-797
-1351
-1780
-1828
-1475
-911
-834
-1343
-1676
-1510
-909
-566
-637
-768
-888
-449
-81
8
118
241
422
487
994
1633
1508
880
889
1832
2894
2867
2159
1764
1966
2777
3537
3451
2980
2566
2429
2589
3039
3784
3327
1817
1142
1961
2923
2633
1419
671
577
707
913
875
354
-581
-1186
-1026
-625
-489
-1092
-2106
-2427
-1949
-1569
-1764
-2245
-2512
-2511
-2480
-2212
-2046
-2153
-2382
-2507
-2233
-1911
-1896
-1881
-1736
-1569
-1447
-1468
-1217
-897
-684
-665
-681
273
105
-293
-34
406
1116
957
615
363
625
1022
1579
1296
690
476
656
1095
1009
1076
705
-225
-337
376
737
113
-734
-1072
-889
-616
-393
-575
-1461
-1926
-1723
-911
-747
-1426
-1832
-1853
-1573
-1126
-1000
-1268
-1489
-1476
-1091
-679
-621
-701
-801
-450
41
39
80
260
562
609
828
1556
1812
1234
989
1598
2548
2939
2600
2360
2140
2331
3132
3579
3369
2879
2572
2511
2543
3288
3692
2691
1448
1403
2278
2629
1993
1074
584
432
648
801
542
-244
-1058
-1191
-900
-562
-755
-1750
-2530
-2219
-1562
-1589
-2141
-2529
-2525
-2449
-2305
-2091
-2061
-2196
-2497
-2494
-1991
-1703
-1700
-1805
-1814
-1492
-1275
-1192
-976
-779
-611
-705
-504
398
530
190
-255
-70
871
1466
1274
589
178
461
1254
1463
1249
688
305
335
599
1174
1071
-4
-761
-431
307
231
-593
-1192
-1184
-951
-763
-858
-1253
-1614
-1722
-1409
-1125
-1223
-1464
-1743
-1801
-1356
-982
-937
-1294
-1466
-1107
-649
-486
-461
-454
-264
-81
34
388
662
669
634
1045
1785
1929
1450
1291
1687
2686
3158
2927
2374
1966
2456
3336
3786
3532
2819
2250
2203
2726
3685
3568
2165
1007
1239
2344
2679
1799
704
167
282
631
773
381
-591
-1345
-1357
-870
-596
-1098
-2023
-2461
-2162
-1712
-1744
-2136
-2473
-2649
-2546
-2238
-1977
-1950
-2285
-2609
-2392
-1800
-1476
-1591
-1874
-1739
-1373
-1108
-946
-770
-647
-608
-678
-38
810
364
-48
-306
422
1413
1376
810
280
350
926
1488
1338
965
358
299
558
893
1206
398
-505
-539
12
346
-204
-790
-1127
-1066
-898
-736
-902
-1435
-1711
-1680
-1194
-1140
-1304
-1513
-1815
-1567
-1042
-879
-1093
-1392
-1200
-768
-555
-437
-367
-410
-211
-3
269
513
503
622
718
1348
1954
1794
1265
1181
1987
3137
3299
2600
1972
1981
2858
3695
3716
3050
2302
2134
2462
3126
3731
3004
1501
817
1639
2687
2466
1230
264
89
386
720
666
23
-997
-1487
-1212
-758
-691
-1344
-2256
-2543
-2122
-1645
-1773
-2253
-2631
-2653
-2421
-2127
-1955
-2080
-2421
-2572
-2164
-1646
-1564
-1780
-1883
-1577
-1198
-1002
-892
-830
-636
-506
-291
52
670
525
30
75
601
1350
1287
841
516
735
984
1225
1224
911
598
474
620
695
834
503
-220
-505
-185
98
-270
-887
-1191
-1091
-954
-996
-1180
-1511
-1679
-1677
-1423
-1232
-1433
-1702
-1801
-1523
-1081
-999
-1256
-1454
-1168
-721
-545
-520
-457
-333
-94
123
306
551
698
780
1076
1692
2041
1641
1289
1689
2733
3440
2984
2264
2114
2712
3447
3758
3437
2798
2430
2604
2989
3351
3357
2414
1397
1326
2094
2580
1889
733
155
309
623
618
251
-568
-1323
-1450
-1012
-726
-1088
-1926
-2597
-2493
-1880
-1683
-2120
-2621
-2727
-2586
-2378
-2119
-2042
-2248
-2606
-2528
-1985
-1615
-1671
-1885
-1816
-1484
-1171
-1020
-932
-773
-553
-408
-334
545
649
214
-144
146
1324
1543
1126
408
389
842
1492
1519
1097
585
358
621
782
1270
912
-164
-787
-335
655
319
-718
-1318
-1195
-777
-676
-731
-1337
-1843
-1919
-1296
-828
-1157
-1657
-1977
-1765
-1196
-782
-925
-1461
-1589
-1052
-527
-394
-377
-522
-423
-131
194
584
544
560
610
1175
1856
1922
1404
1196
1821
2913
3321
2717
2243
2173
2706
3409
3660
3303
2700
2358
2538
2889
3417
3272
2152
1172
1373
2334
2543
1541
435
151
352
598
544
66
-834
-1439
-1315
-762
-652
-1279
-2170
-2609
-2185
-1613
-1701
-2208
-2640
-2716
-2560
-2259
-1948
-2013
-2469
-2800
-2374
-1665
-1496
-1879
-2056
-1687
-1254
-1122
-1025
-792
-609
-540
-546
-8
691
429
144
128
603
1255
1172
807
624
802
1130
1203
990
929
754
665
609
745
884
304
-279
-164
173
28
-542
-945
-962
-872
-838
-945
-1233
-1595
-1678
-1493
-1175
-1208
-1505
-1705
-1793
-1460
-990
-982
-1208
-1436
-1255
-734
-460
-340
-443
-474
-178
179
505
614
568
684
922
1441
1975
1938
1476
1444
2014
2981
3302
2832
2306
2176
2855
3541
3681
3247
2672
2460
2561
2897
3457
3148
1978
1171
1469
2299
2260
1345
447
69
291
560
447
-186
-1064
-1381
-1194
-873
-904
-1446
-2196
-2595
-2230
-1703
-1744
-2341
-2808
-2798
-2520
-2146
-2052
-2269
-2578
-2661
-2208
-1764
-1758
-1882
-1890
-1636
-1370
-1215
-982
-778
-692
-617
-479
75
659
473
-29
-79
625
1458
1492
896
452
476
1014
1502
1535
1065
408
268
575
1089
1203
459
-457
-628
29
459
-59
-883
-1244
-1066
-774
-689
-904
-1436
-1839
-1706
-1163
-893
-1273
-1778
-1982
-1584
-1018
-890
-1181
-1577
-1394
-826
-476
-474
-629
-530
-205
100
322
428
530
586
864
1448
1910
1725
1215
1345
2148
3118
3186
2540
2054
2241
3045
3663
3637
3097
2605
2471
2650
3210
3687
3093
1809
1124
1798
2751
2534
1309
310
227
671
899
644
-98
-940
-1294
-1016
-528
-609
-1410
-2395
-2546
-1938
-1462
-1740
-2442
-2838
-2823
-2444
-2105
-2069
-2317
-2690
-2699
-2266
-1824
-1762
-1991
-2049
-1769
-1450
-1272
-1202
-1025
-761
-687
-676
-69
360
243
-5
62
720
1075
969
718
723
867
1044
1054
1020
881
715
704
669
857
752
198
-107
4
289
39
-565
-780
-796
-708
-745
-905
-1217
-1471
-1458
-1252
-1086
-1271
-1456
-1607
-1586
-1244
-975
-1030
-1361
-1462
-1007
-603
-516
-612
-639
-429
-82
247
342
325
400
740
910
1360
1763
1779
1460
1292
1863
2820
3273
2758
2184
2082
2708
3405
3646
3231
2673
2428
2472
2889
3430
3218
2143
1233
1493
2392
2509
1562
537
319
587
757
499
-16
-626
-994
-948
-809
-862
-1233
-1891
-2254
-2028
-1675
-1789
-2337
-2731
-2592
-2317
-2235
-2347
-2493
-2516
-2482
-2323
-2134
-2037
-2017
-1927
-1773
-1622
-1494
-1311
-1056
-874
-756
-607
-446
103
192
110
222
414
809
823
851
865
997
949
953
891
936
1029
869
791
606
624
554
260
161
223
116
-295
-559
-496
-410
-576
-880
-1013
-1157
-1131
-1165
-1104
-1104
-1398
-1534
-1471
-1188
-991
-1103
-1378
-1390
-1071
-677
-557
-832
-855
-614
-237
86
43
147
214
362
763
986
1415
1629
1530
1411
1513
2026
2731
3013
2671
2261
2115
2728
3353
3422
3030
2611
2509
2585
2772
3129
3047
2172
1458
1590
2189
2282
1494
804
637
630
551
266
102
-265
-748
-1077
-1072
-929
-1146
-1747
-2163
-2033
-1868
-1962
-2330
-2532
-2393
-2434
-2541
-2551
-2406
-2263
-2501
-2621
-2346
-2039
-1939
-2058
-1972
-1635
-1459
-1408
-1210
-904
-633
-698
-624
0
221
327
96
135
635
907
1060
939
833
747
854
985
1291
1224
918
543
390
907
1064
680
145
-137
37
127
51
-187
-558
-800
-879
-736
-635
-803
-1228
-1418
-1294
-1087
-1032
-1275
-1408
-1347
-1300
-1213
-1059
-910
-898
-1007
-947
-683
-365
-102
-142
-130
-13
274
604
831
878
995
1367
1646
1694
1541
1633
2174
2868
2899
2420
2015
2252
2903
3332
3218
2819
2452
2205
2347
2885
3236
2616
1527
1100
1683
2300
2087
1196
447
186
267
497
535
98
-821
-1507
-1333
-804
-718
-1368
-2232
-2462
-2123
-1869
-1962
-2274
-2558
-2717
-2758
-2432
-2096
-2210
-2622
-2775
-2316
-1830
-1905
-2067
-1913
-1654
-1491
-1446
-1113
-723
-740
-805
-747
-34
580
314
21
1
548
1061
1179
1020
857
638
725
1173
1492
1424
744
410
633
1126
1268
649
4
-56
281
412
174
-198
-537
-783
-739
-358
-368
-846
-1404
-1494
-1000
-743
-981
-1370
-1566
-1428
-1148
-997
-953
-1047
-1169
-1062
-844
-514
-347
-459
-369
-206
28
267
444
647
629
902
1361
1665
1528
1315
1554
2196
2819
2711
2356
1966
2210
2873
3299
3163
2696
2352
2156
2458
3099
3224
2329
1311
1297
2036
2412
1887
1000
410
227
502
711
548
-266
-1123
-1368
-1084
-688
-860
-1632
-2407
-2469
-2029
-1772
-1977
-2428
-2777
-2847
-2635
-2293
-2202
-2426
-2705
-2656
-2290
-1995
-1935
-1945
-1926
-1782
-1592
-1323
-969
-784
-823
-865
-621
25
634
214
17
252
703
1215
1136
964
880
898
1097
1438
1332
1097
842
861
1076
1149
1104
549
64
351
739
584
-77
-477
-444
-346
-333
-395
-697
-1183
-1356
-1192
-786
-892
-1308
-1555
-1567
-1276
-979
-1003
-1233
-1314
-1151
-851
-736
-660
-592
-546
-380
-139
58
242
198
379
642
924
1372
1447
1444
1260
1434
1949
2597
2792
2458
1903
1868
2682
3276
3224
2579
2201
2269
2479
2769
2932
2540
1758
1307
1655
2162
2054
1243
479
219
517
719
400
-218
-863
-1111
-1104
-939
-900
-1320
-2083
-2462
-2159
-1763
-1850
-2354
-2661
-2648
-2603
-2478
-2377
-2269
-2404
-2662
-2586
-2242
-1848
-1785
-1880
-1886
-1653
-1348
-1032
-790
-718
-721
-640
-305
287
636
198
138
484
946
1200
1016
970
1050
1092
1151
1266
1254
1231
1094
1006
1003
1027
950
560
418
723
661
97
-310
-182
-5
-249
-595
-693
-851
-1092
-1098
-951
-887
-1232
-1562
-1419
-1244
-1126
-1100
-1292
-1292
-1165
-1053
-911
-845
-761
-639
-563
-293
-82
35
106
216
558
779
1023
1287
1524
1411
1274
1525
2179
2796
2590
2060
1740
2219
2979
3119
2773
2443
2342
2283
2315
2692
2877
2273
1421
1275
1796
2097
1641
837
384
341
532
444
100
-403
-943
-1180
-1060
-849
-1012
-1750
-2378
-2300
-1924
-1787
-2099
-2566
-2725
-2697
-2498
-2260
-2259
-2400
-2680
-2615
-2141
-1782
-1743
-1917
-1931
-1611
-1296
-1045
-851
-772
-637
-442
-402
148
365
175
404
559
864
969
866
985
1247
1193
1167
1085
1093
1240
1272
1284
934
787
876
742
681
728
552
97
-225
-89
126
-141
-622
-696
-719
-767
-949
-1019
-926
-1149
-1334
-1327
-1256
-1183
-1208
-1244
-1244
-1168
-1071
-933
-860
-753
-682
-582
-329
-159
55
112
183
365
653
872
1136
1359
1597
1429
1292
1625
2282
2828
2544
1959
1771
2313
2842
3039
2785
2455
2070
1970
2296
2782
2842
1994
1111
1055
1708
2061
1533
625
76
151
396
342
13
-651
-1199
-1363
-1104
-922
-1260
-2004
-2501
-2351
-1915
-1845
-2327
-2726
-2775
-2615
-2446
-2372
-2305
-2463
-2674
-2507
-2027
-1662
-1771
-1939
-1806
-1393
-1060
-911
-741
-676
-537
-406
-79
534
502
211
220
690
1258
1265
928
827
1120
1317
1416
1208
1134
1134
1108
1156
1094
1186
916
509
479
820
838
219
-206
-157
3
-171
-420
-559
-791
-1022
-1165
-890
-743
-1119
-1536
-1588
-1274
-999
-1073
-1339
-1417
-1273
-966
-883
-897
-854
-879
-575
-273
-45
10
-125
-32
427
868
956
1047
1199
1442
1340
1379
1767
2417
2740
2243
1767
2005
2644
3008
2890
2580
2493
2318
2222
2453
2840
2697
1895
1236
1468
2003
1962
1192
437
349
511
387
54
-292
-713
-1105
-1346
-1238
-1160
-1589
-2214
-2479
-2279
-2001
-2185
-2573
-2761
-2722
-2624
-2603
-2463
-2367
-2526
-2640
-2445
-2023
-1806
-1905
-1925
-1653
-1323
-1158
-975
-763
-477
-444
-355
-106
481
692
415
486
638
1113
1253
1285
1264
1184
1164
1273
1472
1560
1458
1204
1056
996
1230
1247
817
574
545
530
329
122
116
-187
-467
-587
-493
-582
-991
-1166
-1061
-1000
-1238
-1410
-1416
-1387
-1302
-1344
-1333
-1300
-1290
-1185
-1100
-978
-871
-823
-594
-369
-243
-144
-47
147
494
650
723
1047
1399
1566
1283
1281
1714
2496
2778
2269
1806
2018
2595
2973
3054
2764
2485
2141
2195
2689
3056
2770
1786
1229
1565
2075
2062
1259
509
310
376
390
206
-216
-815
-1316
-1379
-1071
-1109
-1669
-2367
-2670
-2274
-1927
-2189
-2740
-3044
-2823
-2546
-2470
-2452
-2578
-2749
-2686
-2347
-1916
-1827
-2021
-1977
-1669
-1258
-991
-905
-885
-701
-384
-113
19
442
882
273
231
712
1356
1739
1277
1048
1004
1173
1500
1904
1816
1305
859
976
1322
1561
1555
730
41
280
768
720
145
-254
-559
-704
-619
-361
-482
-1238
-1620
-1409
-873
-1070
-1517
-1537
-1626
-1483
-1310
-1237
-1294
-1415
-1398
-1183
-966
-748
-666
-771
-535
-288
-16
163
199
494
721
690
1114
1623
1810
1436
1172
1699
2632
3147
2655
1907
1809
2597
3238
3395
2922
2457
2176
2186
2714
3196
2960
1893
1084
1358
2082
2231
1467
490
60
203
426
268
-193
-858
-1360
-1510
-1255
-1175
-1621
-2339
-2743
-2489
-2094
-2205
-2712
-3040
-2909
-2683
-2644
-2611
-2625
-2671
-2680
-2478
-2131
-1985
-2075
-1968
-1674
-1374
-1182
-1036
-897
-638
-406
-193
-41
141
867
773
478
468
922
1637
1741
1540
1161
997
1234
1955
2166
1772
1109
961
1219
1472
1779
1446
553
-1
380
1012
796
67
-581
-761
-577
-264
-285
-904
-1544
-1717
-1187
-891
-1174
-1565
-1874
-1909
-1526
-1178
-1231
-1592
-1739
-1460
-1144
-916
-858
-925
-778
-516
-184
-56
-55
114
546
617
920
1363
1464
1301
1080
1682
2408
2843
2659
2107
1875
2437
3129
3494
3066
2563
2460
2352
2653
3143
3178
2310
1331
1406
2186
2396
1712
711
245
355
598
478
-28
-797
-1291
-1353
-1178
-1015
-1429
-2267
-2800
-2543
-1941
-1993
-2652
-3139
-3049
-2620
-2506
-2603
-2657
-2755
-2773
-2523
-2134
-1906
-2046
-2145
-1861
-1447
-1101
-1003
-1018
-848
-538
-251
4
103
351
754
661
576
837
1248
1517
1544
1444
1301
1237
1422
1878
2025
1637
1193
1148
1381
1554
1561
1226
569
327
639
880
564
-99
-540
-548
-430
-311
-517
-1063
-1483
-1460
-1066
-1013
-1332
-1665
-1772
-1645
-1365
-1253
-1419
-1598
-1555
-1305
-1031
-934
-921
-963
-782
-413
-110
-17
-98
60
398
665
904
1296
1421
1266
1170
1475
2059
2669
2636
2110
1739
2051
2894
3225
2867
2394
2209
2216
2358
2671
2860
2232
1404
1147
1637
2034
1636
741
116
73
317
282
-178
-704
-1155
-1338
-1381
-1338
-1422
-1876
-2359
-2371
-2151
-2123
-2435
-2666
-2530
-2432
-2539
-2582
-2475
-2263
-2228
-2198
-2038
-1958
-1836
-1655
-1346
-1094
-1003
-1011
-878
-547
-52
98
-17
-41
247
851
1146
1166
809
727
991
1677
2088
1804
1216
802
1269
1908
2203
1705
989
744
1031
1431
1496
1092
377
-78
108
536
520
-149
-791
-1009
-801
-561
-675
-1119
-1620
-1667
-1409
-1225
-1369
-1553
-1669
-1716
-1668
-1376
-1112
-1224
-1494
-1414
-1016
-684
-708
-698
-523
-239
-45
-30
250
422
538
812
1209
1416
1266
1127
1377
1988
2554
2485
1984
1704
2052
2746
3027
2675
2285
2140
2059
2201
2627
2796
2120
1183
1022
1658
2068
1577
567
30
124
274
180
-132
-632
-1123
-1442
-1417
-1190
-1271
-1814
-2381
-2413
-2111
-1964
-2213
-2462
-2555
-2500
-2371
-2280
-2125
-2122
-2235
-2169
-1920
-1597
-1507
-1505
-1397
-1152
-882
-726
-633
-393
-167
-27
3
304
666
721
879
775
1082
1117
1293
1562
1573
1545
1340
1393
1468
1659
1637
1533
1201
1084
1135
1138
1064
807
591
295
133
208
46
-233
-559
-711
-781
-922
-1031
-1127
-1220
-1464
-1603
-1603
-1453
-1385
-1558
-1730
-1678
-1442
-1248
-1297
-1347
-1246
-1000
-891
-787
-651
-383
-216
-143
-41
163
498
592
914
1250
1405
1153
998
1411
2295
2738
2276
1663
1509
2176
2884
3030
2607
2079
1848
1916
2359
2842
2599
1657
831
1005
1765
1979
1211
290
-106
13
186
89
-145
-739
-1299
-1548
-1385
-1074
-1260
-1880
-2412
-2412
-2039
-1891
-2083
-2383
-2497
-2430
-2296
-2136
-1924
-1915
-2048
-2038
-1752
-1394
-1258
-1255
-1185
-950
-698
-527
-354
-161
-10
73
244
466
825
992
882
913
869
1208
1517
1638
1538
1283
1199
1312
1587
1771
1627
1185
924
950
1213
1260
920
505
162
103
311
317
-57
-597
-804
-668
-610
-819
-1089
-1279
-1388
-1448
-1444
-1337
-1412
-1659
-1747
-1628
-1404
-1269
-1342
-1392
-1320
-1103
-874
-770
-687
-561
-366
-174
-130
70
301
479
804
1053
1197
985
964
1372
2012
2362
2150
1732
1515
1899
2532
2920
2620
2053
1723
1800
2234
2682
2587
1754
889
904
1611
1955
1374
468
-100
-63
220
261
8
-687
-1257
-1436
-1245
-954
-1150
-1777
-2300
-2304
-1971
-1783
-1993
-2288
-2460
-2456
-2219
-1979
-1801
-1918
-2122
-1979
-1650
-1343
-1218
-1214
-1149
-965
-779
-448
-272
-188
-94
-31
251
518
1006
765
539
830
1202
1555
1440
1317
1275
1362
1456
1770
1721
1358
1203
1269
1405
1282
1196
967
520
491
646
535
147
-175
-378
-481
-542
-588
-725
-1242
-1526
-1415
-1195
-1353
-1793
-1830
-1749
-1704
-1654
-1694
-1653
-1644
-1620
-1453
-1264
-1154
-1010
-1015
-829
-558
-324
-45
-140
13
250
588
996
1202
1303
1024
1045
1539
2284
2639
2327
1820
1664
2292
2923
3123
2759
2295
2121
2158
2515
2849
2757
2003
1253
1269
1782
1968
1425
709
183
152
296
198
-101
-716
-1140
-1327
-1318
-1235
-1485
-1919
-2305
-2351
-2144
-2117
-2369
-2575
-2539
-2431
-2387
-2345
-2189
-2159
-2206
-2060
-1810
-1562
-1484
-1418
-1185
-963
-814
-549
-385
-255
-38
82
584
600
525
700
892
1412
1480
1245
1030
1276
1726
1988
1744
1330
1258
1398
1662
1665
1561
1213
668
598
951
1202
760
-55
-431
-225
41
-154
-578
-1108
-1345
-1351
-1197
-1115
-1480
-1857
-2163
-2059
-1619
-1552
-1791
-2111
-2130
-1721
-1438
-1373
-1461
-1524
-1327
-957
-727
-509
-418
-330
-180
4
441
646
859
1213
1440
1260
1146
1527
2373
2850
2497
2084
1921
2330
2974
3341
3136
2556
2232
2314
2626
3028
3037
2354
1497
1320
1827
2217
1747
893
327
182
291
252
99
-473
-1122
-1442
-1420
-1198
-1346
-1872
-2392
-2510
-2251
-2203
-2387
-2610
-2679
-2674
-2678
-2519
-2244
-2152
-2374
-2433
-2110
-1640
-1424
-1489
-1423
-1201
-925
-632
-411
-256
-191
-94
231
994
884
417
432
1005
1962
1907
1296
862
1108
1773
2342
2143
1503
1030
1045
1570
1869
1961
1303
185
18
840
1513
869
-372
-931
-661
-222
-163
-470
-1300
-1967
-1922
-1216
-874
-1507
-2244
-2546
-2203
-1590
-1402
-1696
-2252
-2373
-1910
-1327
-1120
-1261
-1500
-1418
-959
-499
-116
-133
-232
-144
284
783
1170
1367
1461
1303
1244
1620
2413
3121
2807
2104
1938
2501
3226
3551
3249
2707
2297
2450
2828
3126
3098
2426
1615
1337
1829
2268
1823
801
213
265
402
150
-208
-590
-1107
-1453
-1486
-1430
-1562
-2052
-2525
-2584
-2297
-2281
-2670
-2863
-2735
-2579
-2655
-2739
-2504
-2244
-2243
-2330
-2156
-1757
-1526
-1466
-1383
-1094
-811
-562
-503
-251
78
232
269
670
1071
860
737
1009
1713
1919
1592
1174
1352
1802
2038
2025
1658
1390
1361
1510
1583
1553
1366
772
270
550
996
684
-185
-681
-603
-423
-611
-836
-1241
-1746
-1931
-1714
-1372
-1683
-2247
-2475
-2379
-2023
-1761
-1911
-2255
-2304
-1996
-1569
-1419
-1432
-1385
-1335
-1017
-633
-271
-131
-179
-99
279
687
1076
1437
1566
1427
1309
1640
2367
3078
3026
2435
2141
2516
3181
3588
3467
3078
2646
2511
2762
3143
3325
2790
1915
1473
1729
2195
2046
1191
414
176
360
311
-50
-475
-982
-1380
-1522
-1469
-1492
-1886
-2436
-2660
-2426
-2230
-2586
-2938
-2848
-2621
-2611
-2768
-2692
-2419
-2269
-2264
-2204
-1954
-1693
-1527
-1390
-1149
-905
-648
-625
-450
-37
287
300
434
922
804
784
1077
1585
1839
1514
1237
1468
1878
2024
2031
1676
1436
1511
1678
1715
1538
1394
923
466
662
1039
787
-82
-566
-515
-344
-516
-824
-1133
-1602
-1779
-1640
-1430
-1667
-2177
-2339
-2279
-2055
-1820
-1924
-2179
-2307
-2019
-1624
-1529
-1520
-1437
-1321
-1105
-778
-518
-283
-223
-113
211
415
750
1216
1552
1472
1183
1335
1961
2800
3051
2518
1964
2112
2830
3443
3473
3012
2572
2337
2495
2950
3295
2944
1984
1318
1570
2196
2208
1397
470
190
395
416
131
-315
-867
-1289
-1453
-1329
-1312
-1684
-2255
-2536
-2333
-2085
-2297
-2736
-2745
-2508
-2419
-2515
-2518
-2299
-2184
-2108
-1979
-1766
-1562
-1475
-1283
-1055
-794
-592
-508
-490
-138
215
406
261
813
1258
556
651
1080
1813
1948
1406
1087
1265
1513
1890
2108
1584
1179
1048
1358
1451
1492
1423
472
-206
376
1022
549
-467
-851
-755
-685
-869
-801
-1178
-1905
-2084
-1662
-1237
-1764
-2277
-2266
-2190
-1949
-1654
-1855
-2130
-2062
-1688
-1370
-1437
-1348
-1113
-1014
-733
-503
-244
-124
-86
311
515
743
1195
1512
1410
1187
1464
2026
2634
2871
2558
2006
2070
2799
3414
3362
2855
2618
2393
2455
2903
3219
2838
1815
1367
1732
2163
2032
1276
507
150
356
540
153
-499
-975
-1182
-1255
-1266
-1377
-1749
-2289
-2488
-2181
-1985
-2266
-2781
-2809
-2428
-2282
-2369
-2505
-2425
-2220
-2013
-1828
-1726
-1672
-1582
-1315
-954
-678
-593
-515
-499
-149
298
589
681
425
582
783
1318
1735
1540
1053
832
1394
2063
2246
1637
1043
1009
1431
1873
1835
1376
728
364
596
1064
1129
424
-488
-741
-265
-61
-344
-929
-1514
-1622
-1533
-1218
-1271
-1798
-2266
-2436
-2023
-1661
-1766
-2040
-2284
-2236
-1776
-1433
-1426
-1605
-1609
-1182
-868
-666
-528
-459
-214
-88
184
544
516
881
1405
1589
1278
1072
1613
2408
2869
2620
2136
1918
2299
2933
3385
3171
2660
2340
2212
2518
3033
3164
2416
1402
1225
1801
2219
1767
831
230
127
289
253
-1
-530
-1068
-1374
-1400
-1200
-1288
-1764
-2292
-2312
-2025
-2021
-2248
-2445
-2345
-2313
-2376
-2287
-2094
-1927
-2002
-1971
-1769
-1564
-1386
-1220
-1070
-910
-742
-578
-398
-308
59
235
346
582
521
616
783
1262
1662
1358
816
927
1517
1993
1946
1287
964
1001
1390
1819
1598
1143
566
229
530
1059
1076
157
-807
-796
-221
-96
-447
-1111
-1623
-1728
-1489
-1035
-1194
-1930
-2436
-2311
-1765
-1437
-1612
-2067
-2375
-2041
-1392
-1162
-1401
-1615
-1431
-965
-639
-468
-449
-423
-135
154
514
529
655
1126
1536
1584
1281
1367
1840
2582
2836
2546
2070
1970
2446
3093
3343
2966
2473
2103
2212
2700
3125
2851
1879
1184
1362
1968
2024
1336
550
103
155
189
91
-198
-764
-1215
-1444
-1352
-1286
-1515
-1962
-2275
-2217
-2150
-2219
-2324
-2314
-2255
-2365
-2406
-2276
-1982
-1810
-1888
-1866
-1686
-1475
-1296
-1101
-922
-754
-706
-585
-382
-55
178
219
192
589
817
607
754
1061
1543
1268
935
1075
1400
1597
1565
1422
1176
999
1072
1414
1289
1044
700
237
188
537
743
113
-748
-833
-568
-467
-771
-1110
-1449
-1744
-1749
-1388
-1284
-1870
-2291
-2230
-1827
-1556
-1673
-1926
-2130
-1799
-1315
-1216
-1319
-1301
-1040
-769
-497
-359
-161
-79
82
421
690
823
1021
1382
1692
1647
1549
1691
2101
2809
2987
2563
2093
2235
2806
3316
3297
2963
2482
2153
2398
2938
3249
2634
1652
1203
1539
2024
1959
1160
287
-20
137
183
-6
-398
-940
-1435
-1630
-1418
-1356
-1708
-2231
-2429
-2359
-2335
-2354
-2363
-2366
-2495
-2616
-2507
-2230
-1909
-1928
-2034
-1996
-1746
-1389
-1247
-1117
-993
-818
-692
-527
-252
10
84
130
252
587
1388
822
451
738
1214
1923
1662
1263
950
1023
1329
2017
1880
1200
693
722
1150
1224
1388
746
-301
-366
273
640
-68
-851
-1166
-1185
-1071
-908
-850
-1734
-2396
-2211
-1463
-1355
-2030
-2258
-2266
-2180
-1839
-1611
-1616
-1843
-1957
-1632
-1117
-871
-798
-984
-858
-346
82
423
172
299
540
985
1575
1800
1732
1362
1574
2151
2894
3164
2833
2281
2097
2871
3581
3641
3087
2636
2547
2538
2999
3404
3039
2011
1359
1734
2274
2157
1363
665
217
208
387
218
-278
-968
-1292
-1444
-1382
-1349
-1719
-2245
-2562
-2332
-2165
-2331
-2658
-2712
-2483
-2507
-2520
-2410
-2246
-2230
-2273
-2010
-1721
-1599
-1586
-1475
-1164
-846
-752
-706
-495
-250
54
181
245
422
539
759
939
1141
1244
1046
1070
1323
1579
1667
1433
1131
1186
1340
1413
1363
1097
878
495
387
650
677
264
-400
-650
-469
-481
-763
-1017
-1316
-1614
-1691
-1665
-1572
-1733
-2078
-2278
-2240
-1843
-1741
-1925
-2094
-1999
-1622
-1467
-1438
-1386
-1118
-860
-801
-665
-402
16
282
276
387
615
962
1418
1869
2025
1570
1391
2006
2964
3384
2975
2367
2237
2745
3461
3869
3425
2793
2459
2548
2979
3384
3216
2339
1487
1465
2071
2198
1616
774
267
177
156
161
-104
-749
-1274
-1590
-1538
-1402
-1597
-2062
-2505
-2576
-2368
-2332
-2450
-2595
-2677
-2612
-2639
-2491
-2192
-2113
-2219
-2219
-1982
-1635
-1490
-1408
-1215
-1061
-857
-682
-418
-194
-119
58
276
348
869
996
631
747
1024
1617
1634
1313
1168
1231
1430
1683
1777
1423
914
810
1212
1261
1072
663
10
-133
201
413
-74
-887
-1110
-1074
-953
-1059
-1302
-1742
-2264
-2182
-1714
-1585
-2166
-2615
-2438
-2088
-1853
-1857
-2005
-2063
-1878
-1512
-1263
-1090
-1040
-928
-760
-365
91
290
286
309
771
1110
1463
1752
2055
1949
1701
2044
2675
3358
3334
2875
2404
2598
3315
3896
3774
3094
2678
2516
2744
3274
3442
2813
1637
1230
1821
2290
1944
1008
320
34
149
200
27
-538
-1221
-1566
-1691
-1454
-1491
-1931
-2455
-2719
-2453
-2379
-2510
-2634
-2677
-2648
-2737
-2625
-2297
-2169
-2219
-2225
-2053
-1692
-1506
-1438
-1227
-1007
-813
-719
-477
-198
58
67
204
312
810
1410
685
630
774
1398
1954
1619
1274
973
1012
1435
2024
1742
1127
572
737
1082
1154
1258
449
-482
-363
311
459
-370
-1031
-1258
-1220
-1144
-958
-1161
-1983
-2436
-2152
-1432
-1670
-2296
-2373
-2324
-2083
-1760
-1700
-1880
-2076
-1804
-1270
-1070
-980
-927
-954
-606
-105
393
384
45
372
977
1570
1782
1780
1596
1445
2004
2853
3286
2997
2539
2265
2684
3392
3720
3481
2823
2599
2678
2817
3132
3165
2582
1675
1410
1950
2210
1686
910
463
234
237
242
6
-617
-1149
-1308
-1390
-1405
-1547
-1876
-2318
-2487
-2233
-2160
-2441
-2676
-2568
-2349
-2433
-2505
-2273
-2042
-2068
-2045
-1831
-1569
-1442
-1374
-1141
-862
-722
-689
-432
-214
10
99
210
418
587
762
771
852
960
1156
1194
1166
1227
1279
1179
1119
1135
1264
1163
896
812
774
694
450
280
264
121
-195
-443
-545
-554
-790
-1084
-1202
-1289
-1436
-1642
-1738
-1635
-1703
-1904
-2104
-2043
-1782
-1697
-1835
-1848
-1701
-1510
-1337
-1260
-1105
-871
-688
-591
-445
-91
318
396
436
510
855
1330
1681
1983
1757
1347
1573
2510
3306
3105
2396
1971
2360
3115
3594
3464
2787
2294
2221
2654
3147
3163
2443
1457
1198
1777
2224
1752
787
196
154
295
215
-48
-578
-1190
-1411
-1368
-1225
-1399
-1942
-2342
-2378
-2136
-2002
-2345
-2572
-2488
-2339
-2266
-2396
-2211
-1956
-1978
-1964
-1807
-1499
-1288
-1319
-1128
-848
-651
-617
-395
48
-46
-17
133
516
863
810
770
794
832
1035
1364
1361
1322
1182
1050
979
1097
1511
1364
689
524
745
826
532
235
171
-4
-297
-378
-389
-610
-924
-1197
-1183
-1248
-1389
-1510
-1739
-1782
-1696
-1747
-1906
-2005
-1872
-1638
-1630
-1743
-1749
-1573
-1222
-1092
-1109
-1014
-797
-492
-296
-101
195
268
338
505
927
1484
1657
1680
1454
1400
1924
2695
3085
2750
2138
2093
2589
3161
3495
3163
2567
2186
2349
2834
3093
2813
2072
1362
1319
1942
2199
1520
474
35
295
449
284
-122
-804
-1243
-1349
-1117
-994
-1455
-2064
-2343
-2209
-1812
-1846
-2300
-2587
-2538
-2191
-2045
-2137
-2120
-2116
-2118
-1874
-1586
-1339
-1342
-1431
-1223
-862
-509
-297
-503
-447
-135
249
596
605
512
469
618
972
1422
1287
982
834
1065
1453
1414
1217
971
821
939
1059
986
736
336
120
189
284
190
-197
-655
-854
-831
-668
-768
-1194
-1521
-1655
-1607
-1456
-1491
-1660
-1900
-2064
-1893
-1636
-1514
-1583
-1740
-1688
-1498
-1264
-973
-939
-904
-715
-526
-257
-22
172
337
378
511
1085
1542
1723
1398
1185
1658
2354
2968
2851
2261
1942
2379
3085
3496
3230
2659
2302
2355
2804
3218
3060
2235
1533
1533
2060
2297
1721
893
373
368
619
509
144
-527
-1077
-1183
-952
-802
-1218
-1963
-2339
-2140
-1793
-1751
-2168
-2602
-2677
-2430
-2125
-2087
-2210
-2307
-2307
-2067
-1730
-1524
-1525
-1594
-1438
-1046
-735
-638
-616
-582
-352
-36
286
960
480
-107
152
971
1840
1552
795
378
751
1353
2017
1703
869
376
620
1264
1396
1412
786
-394
-508
533
1162
324
-867
-1137
-838
-605
-514
-527
-1317
-2146
-2124
-1216
-822
-1521
-2100
-2294
-2161
-1676
-1359
-1481
-1894
-2092
-1759
-1339
-1017
-930
-1179
-1250
-862
-285
139
-30
-128
174
480
1026
1477
1633
1385
1165
1584
2456
3104
2991
2341
1956
2592
3378
3666
3382
2926
2678
2539
2877
3489
3483
2608
1685
1692
2342
2548
2023
1173
527
477
760
710
336
-332
-941
-1183
-1109
-814
-988
-1769
-2450
-2481
-2019
-1831
-2197
-2629
-2807
-2773
-2547
-2291
-2229
-2398
-2628
-2463
-2044
-1704
-1607
-1719
-1676
-1400
-1035
-629
-516
-546
-390
-232
211
515
646
653
582
797
1093
1224
1253
1292
1286
1335
1242
1267
1412
1355
1207
1062
1021
980
770
615
569
362
131
-84
-267
-294
-465
-770
-1006
-1203
-1220
-1289
-1576
-1749
-1801
-1818
-1953
-2128
-2000
-1971
-2102
-2099
-2041
-1786
-1680
-1773
-1745
-1496
-1140
-970
-1009
-820
-410
-53
15
55
314
723
1236
1584
1697
1378
1368
1947
2890
3309
2951
2312
2240
2951
3676
3998
3490
2932
2697
2798
3314
3748
3496
2517
1683
1891
2590
2724
2020
1062
525
540
701
768
407
-466
-1117
-1363
-1055
-774
-1136
-1938
-2642
-2647
-2113
-1891
-2242
-2745
-3040
-2976
-2717
-2399
-2204
-2482
-2838
-2705
-2161
-1655
-1608
-1750
-1722
-1485
-1068
-457
-452
-578
-550
-199
438
587
613
588
626
873
1242
1326
1317
1222
1288
1355
1285
1402
1449
1305
1101
1063
1132
941
674
542
485
356
32
-168
-350
-493
-689
-871
-1036
-1290
-1414
-1490
-1669
-1743
-1851
-1962
-2053
-2125
-2026
-2051
-2105
-2092
-2030
-1849
-1776
-1713
-1579
-1407
-1171
-1037
-934
-695
-267
-76
14
114
452
1074
1476
1680
1474
1377
1814
2591
3161
3075
2590
2323
2644
3332
3934
3811
3227
2775
2737
3186
3648
3677
3053
2114
1792
2267
2758
2424
1511
793
626
803
833
574
-78
-739
-1088
-1056
-868
-989
-1527
-2160
-2443
-2264
-1978
-2086
-2518
-2802
-2878
-2716
-2516
-2364
-2345
-2598
-2675
-2408
-1925
-1605
-1697
-1821
-1622
-1197
-864
-702
-632
-503
-381
-107
920
695
103
159
669
1740
1759
1156
678
693
1188
2016
1899
1225
723
778
1199
1341
1627
1184
-59
-321
547
1147
414
-683
-975
-762
-591
-605
-682
-1381
-1976
-1981
-1391
-1098
-1668
-2189
-2502
-2380
-1703
-1568
-1985
-2389
-2322
-1825
-1556
-1469
-1389
-1426
-1372
-998
-656
-295
-224
-201
-31
129
798
1454
1530
1166
1065
1593
2397
3006
3019
2477
2042
2615
3419
3815
3612
3166
2938
2760
3119
3717
3729
2915
2082
2149
2602
2726
2303
1603
1058
914
1046
864
449
-17
-418
-757
-930
-797
-939
-1559
-2121
-2117
-1856
-1959
-2353
-2592
-2585
-2602
-2652
-2661
-2536
-2455
-2546
-2543
-2418
-2116
-1879
-1803
-1696
-1550
-1381
-1106
-849
-596
-422
-402
-149
101
372
578
775
841
861
891
1043
1371
1545
1479
1153
1020
1173
1535
1565
1249
952
849
820
716
758
709
356
-86
-352
-209
-142
-396
-777
-1163
-1283
-1301
-1341
-1427
-1605
-1769
-2001
-2127
-2003
-1846
-1845
-2032
-2169
-2114
-1816
-1619
-1611
-1624
-1526
-1361
-1178
-921
-634
-393
-355
-301
52
333
776
1289
1494
1262
998
1473
2420
3020
2841
2291
2049
2535
3162
3665
3577
3151
2834
2621
2878
3456
3711
3097
2088
1764
2289
2732
2402
1587
979
824
871
809
644
148
-384
-782
-915
-753
-794
-1247
-1895
-2207
-1969
-1777
-2040
-2373
-2545
-2516
-2481
-2501
-2320
-2274
-2384
-2371
-2266
-1983
-1811
-1703
-1560
-1491
-1327
-991
-739
-640
-547
-344
-44
164
311
426
567
687
778
951
1065
1081
1181
1204
1084
1058
1179
1310
1205
966
911
927
825
614
499
503
270
-12
-149
-203
-381
-633
-740
-911
-1101
-1317
-1403
-1374
-1500
-1647
-1858
-1930
-1894
-1809
-1677
-1841
-1957
-1873
-1705
-1554
-1531
-1383
-1244
-1187
-1081
-857
-544
-325
-189
-52
173
271
697
1264
1623
1395
973
1275
2152
2994
2894
2311
1918
2217
2955
3571
3609
3089
2524
2317
2696
3415
3683
2979
1836
1454
2094
2726
2444
1413
735
606
806
884
623
84
-553
-900
-868
-726
-848
-1327
-1954
-2190
-1884
-1722
-2010
-2419
-2596
-2445
-2312
-2316
-2315
-2330
-2356
-2278
-2094
-1837
-1773
-1774
-1635
-1375
-1066
-874
-838
-708
-530
-247
27
339
950
389
-36
325
1065
1816
1544
738
414
767
1338
2041
1693
890
444
690
1238
1417
1399
788
-271
-373
516
987
264
-761
-1094
-785
-587
-586
-668
-1440
-2000
-1841
-1213
-1053
-1749
-2192
-2155
-2042
-1632
-1551
-1793
-2037
-2056
-1585
-1283
-1321
-1307
-1191
-1032
-761
-513
-191
-156
-124
141
400
852
1279
1501
1239
1043
1413
2307
2972
2770
2130
1838
2410
3141
3500
3306
2889
2522
2406
2817
3429
3465
2653
1750
1742
2325
2573
2093
1270
762
708
871
783
400
-124
-551
-833
-842
-757
-1021
-1575
-2051
-1975
-1656
-1769
-2291
-2577
-2387
-2173
-2222
-2400
-2400
-2323
-2271
-2097
-1920
-1803
-1847
-1773
-1485
-1190
-969
-835
-740
-723
-394
-105
142
310
381
455
470
716
1037
1228
1125
996
1050
1213
1287
1332
1303
1134
965
963
1042
1051
885
589
342
315
311
181
-63
-332
-506
-712
-788
-877
-1003
-1217
-1514
-1567
-1537
-1538
-1718
-1934
-1925
-1910
-1796
-1784
-1820
-1789
-1750
-1651
-1502
-1311
-1170
-1108
-1069
-890
-566
-211
-91
-86
41
193
709
1322
1608
1303
856
1192
2146
2981
2869
2161
1707
2144
2962
3530
3424
2831
2424
2266
2636
3325
3474
2770
1738
1474
2102
2571
2262
1341
686
604
815
796
549
42
-568
-859
-878
-681
-788
-1403
-1931
-2019
-1723
-1587
-1948
-2362
-2477
-2238
-2067
-2208
-2317
-2286
-2247
-2109
-1934
-1777
-1704
-1721
-1606
-1269
-977
-724
-680
-807
-690
-278
216
427
342
82
206
577
1135
1353
1014
658
672
1140
1489
1532
1201
828
622
911
1349
1302
838
258
63
298
529
532
32
-594
-866
-710
-391
-491
-998
-1489
-1636
-1442
-1221
-1339
-1677
-1968
-1989
-1797
-1566
-1530
-1719
-1945
-1839
-1485
-1223
-1172
-1278
-1229
-977
-696
-497
-279
-123
11
130
244
693
1201
1561
1352
987
1248
2024
2840
2855
2248
1833
2169
2890
3471
3404
2886
2472
2374
2752
3255
3381
2802
1915
1649
2151
2617
2282
1330
754
732
936
807
398
-68
-529
-759
-821
-801
-980
-1426
-1899
-2010
-1774
-1736
-2107
-2481
-2505
-2260
-2201
-2365
-2460
-2404
-2289
-2185
-2034
-1848
-1819
-1823
-1662
-1313
-938
-776
-739
-858
-608
-129
267
415
272
240
399
806
1172
1255
1010
787
977
1370
1476
1306
1081
963
966
1089
1187
1041
689
416
342
401
399
201
-148
-547
-683
-617
-593
-815
-1171
-1437
-1551
-1492
-1410
-1543
-1805
-2019
-2030
-1882
-1765
-1736
-1860
-1960
-1925
-1606
-1321
-1308
-1355
-1301
-1040
-719
-458
-282
-177
-124
109
429
926
1327
1475
1228
1058
1564
2373
2907
2648
2197
2079
2514
3103
3466
3362
2956
2649
2643
2941
3344
3384
2826
2046
1816
2301
2584
2212
1396
935
868
905
819
477
-8
-453
-702
-749
-792
-1027
-1456
-1841
-1927
-1774
-1821
-2247
-2535
-2446
-2199
-2239
-2502
-2578
-2417
-2238
-2168
-2146
-2021
-1926
-1817
-1606
-1354
-1154
-1067
-1032
-717
-314
-114
-67
-220
64
582
872
820
634
593
905
1184
1350
1434
1147
926
914
1254
1543
1344
943
650
579
776
822
600
205
-126
-249
-235
-272
-454
-777
-1120
-1243
-1249
-1248
-1394
-1666
-1810
-1882
-1927
-1849
-1848
-1882
-1962
-1982
-1923
-1790
-1601
-1500
-1503
-1438
-1226
-966
-770
-666
-425
-147
27
107
349
814
1308
1539
1299
1149
1530
2399
3027
2806
2269
2114
2604
3300
3643
3447
3014
2689
2712
3110
3542
3502
2823
2018
1896
2442
2748
2270
1337
834
866
1000
864
417
-125
-584
-770
-733
-763
-1049
-1607
-2064
-2045
-1784
-1783
-2234
-2657
-2630
-2348
-2264
-2466
-2564
-2465
-2362
-2257
-2092
-1928
-1879
-1872
-1734
-1309
-1051
-978
-955
-920
-547
-182
116
215
93
151
419
790
1094
1125
914
789
940
1353
1556
1282
1031
960
1078
1171
1180
1097
754
391
337
566
564
203
-313
-604
-515
-460
-580
-970
-1341
-1389
-1396
-1414
-1574
-1742
-1864
-1979
-1987
-1912
-1850
-1918
-2034
-2019
-1814
-1584
-1551
-1559
-1452
-1147
-833
-737
-698
-496
-131
161
332
405
751
1184
1522
1441
1349
1702
2332
2846
2745
2406
2341
2787
3278
3544
3402
3107
2895
2919
3157
3445
3400
2855
2185
2047
2510
2666
2147
1271
840
968
1077
778
256
-257
-576
-710
-741
-804
-1161
-1680
-2031
-1971
-1708
-1818
-2294
-2659
-2597
-2320
-2260
-2433
-2558
-2490
-2388
-2262
-2088
-1917
-1882
-1920
-1750
-1292
-1033
-986
-1020
-891
-438
-87
70
90
84
269
632
856
1006
930
824
939
1196
1482
1428
1106
937
1095
1338
1366
1111
765
615
595
642
614
289
-71
-365
-428
-354
-488
-755
-1105
-1365
-1356
-1354
-1406
-1592
-1844
-1932
-1948
-1888
-1889
-1951
-1953
-1940
-1875
-1771
-1649
-1514
-1458
-1360
-1156
-892
-711
-627
-467
-193
148
291
413
675
1163
1578
1429
1301
1554
2247
2847
2767
2404
2250
2580
3128
3469
3379
3069
2788
2709
2922
3261
3376
2896
2085
1805
2227
2556
2182
1290
766
823
977
765
229
-242
-509
-675
-783
-854
-1103
-1554
-1938
-1958
-1711
-1740
-2211
-2596
-2497
-2188
-2155
-2375
-2513
-2401
-2228
-2121
-2026
-1884
-1804
-1765
-1620
-1292
-972
-875
-998
-896
-547
289
448
-170
-318
28
975
1400
1114
596
417
652
1425
1897
1560
910
531
903
1378
1703
1552
660
-25
307
998
1092
351
-375
-572
-448
-303
-152
-528
-1249
-1653
-1392
-976
-1175
-1585
-1880
-2018
-1971
-1733
-1646
-1819
-2072
-2076
-1786
-1638
-1542
-1505
-1505
-1349
-1130
-807
-668
-676
-481
-88
223
285
318
625
1203
1609
1397
1180
1471
2172
2732
2691
2356
2164
2422
2970
3381
3267
2981
2690
2611
2758
3110
3342
2829
1985
1712
2185
2473
2022
1269
891
847
787
604
287
-140
-477
-732
-823
-895
-1107
-1471
-1855
-1911
-1725
-1721
-2133
-2492
-2414
-2093
-2073
-2326
-2379
-2215
-2079
-2001
-1899
-1740
-1682
-1750
-1480
-1122
-906
-893
-978
-740
-398
-65
107
61
11
215
547
844
952
828
689
705
1029
1392
1347
986
764
874
1133
1164
1022
835
579
413
483
564
443
57
-291
-373
-336
-339
-536
-898
-1196
-1239
-1145
-1168
-1444
-1639
-1721
-1736
-1652
-1671
-1691
-1763
-1791
-1649
-1485
-1350
-1338
-1376
-1266
-950
-616
-515
-571
-490
-200
155
451
522
494
660
1184
1663
1545
1294
1411
1928
2520
2601
2293
2038
2099
2596
3042
3006
2756
2453
2261
2371
2751
3079
2632
1712
1382
1763
2132
1833
1105
616
516
497
358
114
-199
-479
-794
-1002
-1060
-1107
-1297
-1638
-1797
-1753
-1809
-2032
-2098
-1971
-1871
-2038
-2233
-2099
-1829
-1680
-1720
-1735
-1649
-1546
-1369
-1159
-860
-792
-938
-897
-619
-107
182
104
-71
-81
214
667
973
928
691
503
587
975
1419
1443
917
509
669
1167
1366
1071
689
411
304
419
612
512
-23
-547
-607
-387
-348
-608
-999
-1301
-1364
-1257
-1216
-1352
-1610
-1778
-1768
-1733
-1628
-1561
-1625
-1722
-1720
-1489
-1252
-1229
-1230
-1094
-860
-642
-581
-466
-205
35
227
412
549
657
834
1209
1711
1769
1483
1365
1691
2446
2932
2661
2028
1778
2271
3084
3247
2833
2380
2046
2076
2456
2955
2881
1879
1015
1120
1792
2062
1422
508
61
113
324
327
-45
-514
-952
-1266
-1218
-1003
-975
-1407
-2047
-2177
-1831
-1593
-1716
-2067
-2175
-2052
-1949
-1838
-1764
-1719
-1713
-1731
-1622
-1411
-1266
-1159
-1089
-971
-815
-719
-650
-454
-245
409
349
-192
-179
138
1041
1347
904
337
185
529
1422
1776
1241
537
199
668
1233
1571
1299
265
-360
-12
749
958
246
-597
-952
-757
-424
-138
-524
-1294
-1739
-1563
-1052
-1022
-1251
-1638
-1996
-1879
-1525
-1249
-1306
-1631
-1738
-1452
-1242
-1054
-954
-868
-737
-786
-611
-311
67
223
173
218
511
771
933
1139
1448
1790
1657
1440
1505
2056
2843
2930
2293
1798
2003
2714
3098
2997
2680
2260
1931
1979
2592
3074
2594
1409
764
1220
2006
1950
1031
72
-174
142
327
211
-260
-889
-1374
-1475
-1112
-770
-1119
-1973
-2479
-2059
-1419
-1471
-2058
-2380
-2154
-1849
-1825
-1853
-1749
-1715
-1737
-1642
-1427
-1205
-1189
-1211
-894
-763
-655
-624
-621
-206
46
94
80
15
180
501
686
812
783
624
523
681
1171
1356
885
459
528
938
1054
796
538
354
199
160
337
298
-44
-498
-707
-623
-497
-514
-923
-1441
-1503
-1295
-1147
-1363
-1703
-1698
-1643
-1637
-1581
-1503
-1421
-1501
-1544
-1285
-1054
-930
-930
-827
-615
-374
-186
-6
130
193
520
741
892
1017
1129
1332
1460
1716
2127
2141
1857
1696
2120
2857
2981
2537
2038
2033
2491
2952
2895
2540
2183
1886
1855
2117
2451
2255
1386
657
838
1438
1405
611
-132
-289
-104
-122
-433
-781
-1064
-1310
-1452
-1424
-1339
-1524
-1910
-2089
-1921
-1664
-1758
-2024
-2039
-1857
-1738
-1807
-1857
-1660
-1467
-1435
-1442
-1386
-1245
-1080
-946
-660
-600
-750
-735
-570
-107
176
86
-71
-123
61
534
825
837
644
401
460
793
1223
1293
801
398
483
799
963
794
542
246
-30
-21
298
310
-180
-749
-880
-604
-539
-777
-1138
-1403
-1389
-1379
-1406
-1408
-1447
-1517
-1683
-1699
-1471
-1256
-1256
-1352
-1279
-1045
-887
-797
-612
-340
-117
-98
-83
203
618
864
873
814
983
1244
1513
1677
1695
1774
1955
2209
2167
2025
2083
2466
2796
2663
2229
2005
2160
2556
2801
2480
2062
1732
1674
1831
2019
2012
1415
587
366
823
1138
682
-208
-672
-576
-442
-500
-800
-1234
-1510
-1666
-1603
-1417
-1438
-1707
-2145
-2173
-1721
-1495
-1653
-1942
-1944
-1725
-1646
-1599
-1433
-1293
-1315
-1418
-1320
-1075
-813
-810
-707
-649
-753
-563
-447
-97
146
55
-156
-117
174
613
841
610
436
369
476
752
1095
1134
625
109
260
793
1029
698
137
-105
-5
117
189
-52
-466
-836
-913
-687
-674
-894
-1273
-1502
-1357
-1205
-1258
-1399
-1525
-1467
-1377
-1377
-1255
-1112
-1054
-1061
-1052
-773
-524
-419
-290
-178
-5
180
333
523
780
950
989
991
1185
1517
1628
1679
1587
1738
2006
2202
2292
2011
1922
2025
2429
2711
2530
2074
1755
1872
2321
2587
2158
1589
1327
1405
1508
1541
1477
1024
358
80
365
624
289
-351
-779
-767
-701
-769
-897
-1176
-1400
-1590
-1632
-1481
-1344
-1525
-1881
-1971
-1677
-1420
-1532
-1721
-1682
-1516
-1475
-1466
-1333
-1164
-1178
-1301
-1183
-964
-669
-697
-852
-715
-586
-322
-203
-136
-81
-226
-195
167
461
609
371
148
265
438
756
825
574
379
317
421
610
620
463
129
-98
48
233
11
-318
-484
-468
-478
-719
-849
-871
-973
-1070
-1172
-1162
-1128
-1240
-1249
-1211
-1105
-1053
-1143
-1068
-806
-638
-636
-670
-497
-182
74
157
203
264
460
738
912
1101
1185
1175
1290
1480
1624
1687
1537
1681
1876
1911
1880
1983
1938
1785
1701
1797
2284
2237
1787
1298
1286
1723
2010
1709
1148
868
940
1003
898
861
718
255
-248
-199
196
247
-430
-1057
-1051
-693
-574
-876
-1316
-1429
-1305
-1198
-1216
-1322
-1332
-1457
-1540
-1327
-1043
-1060
-1379
-1546
-1228
-869
-890
-1097
-1171
-1048
-838
-734
-586
-638
-752
-794
-691
-269
-22
-183
-523
-523
-184
283
339
91
-130
-126
251
547
536
264
7
70
316
448
377
125
-152
-128
74
134
-11
-373
-532
-524
-415
-344
-606
-913
-978
-812
-638
-757
-1024
-1075
-918
-717
-677
-822
-891
-764
-496
-245
-239
-332
-372
-141
260
486
417
289
386
700
1030
1103
1055
986
1119
1327
1455
1526
1462
1400
1383
1455
1597
1755
1622
1667
1539
1255
1316
1426
1808
1826
1351
787
681
1017
1505
1525
919
363
217
508
772
790
496
-35
-467
-334
103
235
-195
-803
-986
-709
-564
-555
-745
-1021
-1160
-1204
-965
-755
-824
-1100
-1316
-1190
-854
-805
-932
-1035
-1032
-977
-951
-877
-824
-735
-758
-839
-821
-785
-636
-474
-472
-538
-577
-555
-454
-263
-168
-214
-259
-251
-188
-92
36
97
-32
-202
-124
138
160
-63
-180
-136
-72
-144
-202
-201
-285
-383
-432
-415
-420
-468
-455
-505
-591
-560
-503
-484
-462
-413
-347
-398
-493
-331
-56
25
-59
-135
-1
216
326
484
509
491
561
669
883
1039
1032
1002
992
1058
1220
1384
1364
1247
1158
1171
1279
1337
1254
1110
1109
1168
1468
1107
625
512
837
1505
1380
614
27
161
642
1069
878
482
58
-202
-60
408
805
546
-331
-876
-457
297
503
-138
-840
-894
-501
-234
-133
-461
-782
-1012
-976
-511
-289
-503
-995
-1253
-839
-403
-509
-773
-1000
-891
-721
-741
-660
-646
-728
-761
-817
-713
-574
-568
-605
-658
-677
-607
-552
-530
-464
-499
-490
-482
-480
-408
-361
-282
-320
-436
-433
-319
-193
-225
-306
-400
-375
-268
-231
-226
-275
-322
-355
-300
-205
-166
-226
-303
-298
-163
-61
-57
-102
-121
-92
4
151
192
167
163
201
328
506
575
566
469
545
742
882
954
869
867
945
1041
1150
1136
1016
1044
1094
1109
1130
1056
1003
890
891
873
855
661
784
1157
751
328
-24
321
1113
1137
483
-210
-345
245
865
782
422
-50
-296
-281
214
935
821
-253
-960
-492
515
794
39
-688
-745
-432
-142
46
-139
-520
-968
-966
-447
-109
-291
-898
-1186
-821
-430
-421
-689
-912
-888
-831
-732
-628
-655
-795
-923
-886
-694
-642
-799
-895
-802
-694
-697
-785
-756
-662
-695
-712
-658
-543
-599
-664
-557
-450
-431
-501
-564
-475
-306
-218
-346
-461
-371
-172
-70
-171
-229
-168
-35
-20
-10
6
30
127
154
136
159
215
302
389
411
399
339
384
571
686
720
637
577
696
846
939
944
866
935
1011
1073
1067
1027
1066
1032
1092
1080
1013
923
918
928
941
833
665
561
567
606
629
712
497
273
0
55
463
744
513
-43
-369
-176
302
518
424
96
-161
-319
-119
385
651
243
-411
-597
-100
400
344
-144
-561
-572
-323
8
19
-280
-732
-885
-572
-249
-252
-590
-931
-917
-748
-565
-532
-701
-934
-1124
-1015
-725
-601
-794
-1097
-1204
-979
-740
-775
-931
-1012
-977
-923
-869
-750
-732
-813
-889
-828
-630
-558
-591
-622
-619
-492
-359
-403
-472
-408
-196
-91
-217
-310
-192
-7
91
90
99
94
54
123
287
460
465
272
208
385
632
757
617
442
458
633
812
891
809
686
656
756
950
1074
961
801
784
973
1180
1097
944
868
904
1021
1027
950
883
803
789
756
720
693
601
478
381
371
356
376
384
247
164
-39
-12
252
322
281
-13
-265
-164
114
323
327
44
-216
-254
25
336
400
117
-208
-243
-94
175
220
-22
-348
-539
-308
-57
-134
-380
-640
-654
-584
-487
-449
-576
-788
-881
-841
-724
-693
-858
-1006
-1097
-1014
-923
-967
-1049
-1127
-1151
-1125
-1080
-1017
-1049
-1124
-1131
-1075
-1015
-984
-936
-892
-862
-842
-804
-705
-542
-460
-468
-486
-445
-284
-132
-24
-22
-69
-11
80
201
298
330
381
373
393
500
597
658
690
710
736
735
773
880
954
931
859
796
858
958
973
968
871
824
895
938
922
864
842
876
840
775
781
832
807
705
623
673
687
595
489
408
457
459
341
253
201
234
190
73
71
39
19
61
76
-3
-49
-120
-43
108
103
70
-18
-83
36
135
136
129
56
42
15
72
159
99
20
6
-30
-72
-110
-66
-48
-188
-303
-359
-376
-402
-423
-462
-574
-744
-780
-721
-757
-784
-898
-1048
-1070
-1051
-997
-1017
-1150
-1233
-1307
-1293
-1171
-1124
-1158
-1297
-1347
-1208
-1104
-1058
-1028
-1019
-981
-919
-848
-726
-581
-513
-487
-494
-381
-175
-56
8
4
84
232
291
349
458
618
709
654
622
761
954
1020
973
952
1023
1080
1075
1081
1118
1150
1113
1042
1060
1073
1027
971
917
919
917
835
754
683
672
682
655
553
449
426
465
476
383
312
242
262
297
277
213
148
127
135
132
133
145
80
39
-11
20
57
29
34
-32
-52
-27
2
54
25
-68
-61
-10
66
80
-37
-58
-6
38
36
-40
-80
2
-19
-80
-136
-151
-78
-130
-248
-280
-278
-293
-359
-432
-436
-481
-568
-609
-639
-721
-761
-810
-835
-869
-970
-993
-996
-1013
-1014
-1088
-1132
-1129
-1130
-1066
-1060
-1066
-1077
-1129
-1070
-953
-832
-784
-860
-887
-751
-548
-389
-360
-408
-358
-223
-49
103
161
185
231
305
458
591
689
716
680
726
855
1004
1024
961
945
989
1089
1118
1059
1008
1001
1044
1066
1023
947
902
868
857
883
832
729
593
539
624
651
568
400
271
309
376
373
294
174
115
117
190
256
185
58
-36
23
147
196
128
13
-9
29
143
195
148
81
36
81
155
159
114
65
49
45
58
60
-6
-99
-121
-53
-54
-168
-308
-325
-266
-260
-323
-420
-493
-488
-486
-500
-526
-584
-614
-673
-664
-633
-670
-716
-756
-757
-742
-761
-758
-739
-781
-848
-825
-764
-707
-717
-822
-802
-755
-712
-671
-681
-625
-598
-639
-607
-493
-371
-321
-340
-348
-282
-158
-39
39
61
85
113
192
311
435
487
437
401
464
621
727
693
595
589
665
785
810
735
680
679
731
773
766
709
657
645
678
698
676
596
510
506
561
573
511
400
344
390
408
367
287
224
229
227
200
202
159
109
56
63
136
119
38
-33
-35
53
113
75
11
-35
-2
64
81
74
50
18
22
18
44
66
43
16
-48
-76
-47
-41
-72
-121
-160
-159
-198
-246
-262
-260
-293
-369
-435
-431
-388
-439
-513
-576
-558
-512
-558
-595
-652
-716
-678
-631
-591
-626
-727
-747
-689
-609
-600
-645
-690
-660
-581
-526
-502
-515
-493
-449
-404
-305
-245
-259
-254
-186
-48
36
22
8
76
220
300
287
274
331
432
504
523
526
548
574
570
618
694
681
605
544
589
697
708
590
469
463
538
558
485
385
327
332
348
344
325
284
199
149
184
236
249
190
111
94
129
174
192
157
95
63
94
141
136
97
60
57
87
94
80
63
58
31
6
26
65
74
-5
-85
-49
34
45
-4
-80
-77
-57
-70
-74
-80
-113
-178
-218
-196
-146
-170
-246
-331
-323
-277
-295
-329
-401
-444
-435
-413
-409
-440
-470
-498
-496
-436
-427
-480
-496
-494
-447
-402
-405
-409
-398
-389
-392
-304
-239
-262
-314
-324
-263
-188
-148
-177
-180
-133
-137
-116
-53
-16
16
0
-4
53
132
163
141
167
244
289
313
328
362
413
417
398
463
522
497
478
471
511
526
490
465
451
465
447
389
351
327
303
306
277
239
218
169
159
178
161
121
86
99
124
98
85
95
114
116
60
50
131
162
138
69
35
93
131
110
66
81
95
56
10
31
97
94
-1
-73
-29
35
4
-81
-108
-80
-64
-105
-157
-165
-176
-221
-241
-220
-222
-295
-364
-367
-320
-296
-364
-426
-439
-451
-440
-416
-419
-455
-534
-545
-466
-373
-386
-497
-548
-475
-375
-334
-356
-392
-363
-346
-312
-239
-212
-217
-242
-209
-91
-41
-70
-107
-70
36
110
98
74
93
136
194
246
279
284
282
287
342
407
413
361
378
459
512
500
439
425
474
520
536
531
475
405
404
461
520
466
345
272
271
344
354
261
165
93
89
133
118
79
4
-81
-121
-83
-1
8
-82
-173
-176
-102
-16
6
-20
-62
-84
-61
60
155
147
72
-20
2
137
229
206
114
29
37
98
150
134
54
-6
-48
-47
3
-7
-94
-172
-191
-179
-166
-221
-302
-339
-336
-327
-348
-385
-453
-486
-447
-433
-468
-502
-542
-545
-487
-464
-480
-491
-535
-532
-478
-430
-373
-379
-431
-453
-382
-263
-225
-269
-289
-240
-162
-117
-101
-72
-25
-13
11
79
137
160
157
169
236
311
332
332
334
387
420
431
433
445
498
523
492
455
488
532
535
514
473
471
485
469
439
424
414
387
390
346
298
280
236
210
213
209
140
52
-8
-9
39
14
-70
-133
-174
-179
-155
-150
-172
-207
-241
-247
-203
-150
-140
-155
-161
-133
-67
-5
14
13
32
74
137
195
221
211
190
205
264
328
336
269
204
199
229
264
231
133
54
19
0
-22
-65
-124
-200
-293
-358
-396
-410
-446
-502
-568
-625
-648
-674
-699
-686
-656
-662
-727
-785
-732
-618
-552
-567
-628
-620
-569
-494
-399
-341
-312
-322
-332
-275
-156
-50
-37
-36
-27
24
123
171
204
247
268
317
387
431
465
441
441
491
573
610
581
562
555
570
585
593
593
577
549
517
505
496
492
477
436
390
338
302
283
272
262
223
154
105
81
44
36
36
-7
-62
-137
-170
-135
-125
-178
-224
-244
-254
-262
-261
-242
-230
-249
-274
-266
-218
-161
-156
-164
-147
-109
-62
-44
-13
63
113
111
110
152
212
249
242
228
256
287
276
282
270
256
236
193
186
192
165
75
0
-13
-5
-34
-131
-224
-265
-272
-296
-346
-410
-486
-533
-543
-537
-554
-591
-647
-697
-701
-659
-627
-637
-684
-699
-637
-574
-538
-538
-531
-496
-421
-341
-300
-265
-242
-199
-115
-25
50
86
100
141
211
307
386
427
455
458
496
565
622
662
671
667
663
675
705
724
722
693
653
621
601
575
548
527
487
424
356
297
278
266
221
156
88
40
6
-20
-46
-93
-139
-182
-198
-189
-214
-264
-306
-306
-269
-250
-278
-320
-325
-295
-236
-206
-204
-195
-196
-179
-135
-64
5
4
-34
-33
38
123
164
170
182
183
177
206
239
273
280
245
205
182
180
181
170
151
105
41
-13
-46
-46
-57
-122
-193
-231
-268
-316
-339
-349
-383
-429
-471
-499
-504
-510
-529
-541
-534
-541
-557
-546
-544
-533
-494
-467
-453
-445
-429
-406
-361
-308
-279
-245
-214
-195
-147
-86
-22
37
70
85
95
149
254
333
366
355
353
411
501
578
607
598
575
571
618
680
727
722
647
590
604
648
659
604
543
502
473
443
397
359
313
251
207
162
117
56
-10
-43
-77
-111
-171
-237
-258
-268
-298
-341
-376
-386
-383
-390
-390
-391
-389
-389
-373
-334
-296
-270
-270
-253
-203
-149
-101
-74
-48
-11
16
57
108
144
169
178
179
186
208
237
253
248
204
165
162
167
166
137
77
34
-7
-45
-68
-78
-92
-152
-217
-269
-286
-275
-298
-328
-359
-405
-451
-463
-431
-404
-410
-465
-503
-478
-419
-381
-378
-382
-379
-357
-327
-289
-247
-218
-212
-193
-149
-105
-62
-24
1
39
86
123
150
175
206
245
311
357
363
372
416
466
487
492
508
535
554
553
553
565
566
568
580
573
555
517
487
492
503
488
425
356
310
305
302
260
186
112
55
16
-10
-25
-81
-162
-225
-257
-264
-280
-322
-359
-379
-393
-396
-401
-408
-408
-400
-386
-375
-364
-347
-340
-313
-256
-215
-202
-208
-187
-119
-52
-26
-25
-7
21
52
94
131
137
125
122
144
170
175
150
121
102
100
114
100
49
-11
-56
-59
-51
-83
-143
-206
-244
-257
-261
-282
-326
-362
-391
-417
-422
-401
-380
-380
-402
-418
-404
-376
-341
-306
-270
-249
-253
-244
-203
-137
-86
-53
-38
-19
28
79
119
143
170
209
246
269
291
336
374
398
430
448
441
443
479
525
568
562
523
521
540
567
572
557
534
497
472
463
464
442
390
337
303
291
268
214
157
110
75
52
15
-33
-79
-118
-147
-156
-180
-232
-288
-308
-297
-298
-327
-376
-401
-401
-388
-370
-373
-397
-414
-396
-358
-326
-304
-302
-294
-253
-200
-172
-158
-150
-125
-84
-53
-29
-7
9
24
55
82
92
98
102
112
116
119
110
96
87
57
23
7
-16
-43
-73
-109
-141
-169
-196
-230
-241
-243
-280
-317
-332
-326
-307
-305
-315
-321
-320
-308
-283
-252
-234
-237
-220
-192
-153
-115
-108
-92
-72
-34
10
36
54
71
115
163
209
237
242
256
286
328
357
366
373
389
414
423
423
439
456
459
454
449
449
457
454
460
457
431
403
385
395
397
371
336
301
272
266
265
235
193
146
117
108
93
61
20
-27
-63
-74
-82
-112
-165
-222
-256
-259
-257
-271
-303
-345
-358
-338
-332
-348
-368
-371
-357
-346
-332
-322
-322
-320
-300
-269
-243
-221
-213
-213
-196
-159
-122
-105
-103
-96
-79
-65
-53
-33
-27
-29
-36
-44
-41
-49
-61
-73
-87
-96
-114
-131
-136
-139
-152
-177
-198
-214
-230
-233
-235
-235
-254
-274
-270
-251
-228
-225
-229
-222
-199
-166
-141
-118
-94
-65
-40
-6
30
67
104
126
154
191
225
252
277
302
327
349
368
388
408
428
430
435
446
457
474
474
459
454
450
448
445
429
417
403
389
377
361
354
330
301
282
273
266
247
213
191
171
151
136
116
96
66
30
7
-8
-27
-48
-79
-109
-118
-133
-148
-161
-188
-215
-225
-230
-235
-255
-273
-282
-291
-296
-298
-296
-296
-300
-305
-303
-302
-295
-281
-276
-275
-271
-273
-276
-266
-234
-222
-236
-237
-227
-214
-210
-208
-193
-187
-198
-193
-173
-163
-167
-176
-181
-179
-171
-182
-200
-200
-192
-182
-191
-201
-192
-175
-172
-178
-158
-144
-150
-151
-138
-108
-82
-74
-66
-42
-13
4
26
51
69
84
104
127
154
184
206
218
241
269
292
311
326
337
353
367
379
398
412
418
422
428
437
443
448
441
436
432
425
417
405
391
382
379
360
347
333
311
295
274
249
222
191
167
147
130
108
80
61
48
40
22
0
-32
-63
-76
-96
-113
-125
-154
-177
-181
-179
-183
-191
-200
-215
-228
-240
-241
-236
-245
-272
-292
-293
-284
-286
-296
-305
-316
-322
-323
-322
-311
-305
-320
-333
-331
-320
-312
-311
-318
-318
-311
-304
-292
-286
-284
-282
-275
-257
-243
-233
-226
-231
-221
-199
-183
-178
-170
-155
-134
-123
-114
-93
-73
-58
-46
-37
-19
1
18
44
66
79
82
92
128
165
184
187
188
202
226
246
258
272
276
283
296
317
343
357
354
347
351
368
378
381
378
361
357
358
364
370
362
347
331
319
313
314
307
284
257
236
226
220
204
184
168
151
126
99
83
80
74
57
38
17
5
0
-8
-22
-34
-44
-65
-77
-76
-76
-88
-103
-119
-132
-135
-133
-129
-135
-151
-165
-179
-185
-193
-200
-218
-244
-253
-250
-245
-250
-262
-272
-285
-284
-285
-286
-291
-315
-334
-334
-327
-320
-322
-328
-333
-335
-332
-324
-316
-320
-320
-310
-299
-278
-262
-261
-253
-239
-215
-193
-181
-168
-154
-136
-113
-86
-57
-39
-15
10
40
76
101
119
136
158
187
206
217
238
248
267
294
315
321
327
329
335
347
354
351
342
337
337
348
345
331
325
316
316
324
315
292
265
252
255
248
245
230
211
204
191
182
169
152
137
116
105
99
86
71
63
60
61
52
36
22
15
14
10
-1
-16
-21
-23
-10
1
-14
-28
-42
-45
-37
-45
-69
-82
-94
-98
-101
-102
-104
-124
-138
-147
-156
-159
-176
-207
-229
-242
-252
-263
-271
-275
-282
-294
-301
-301
-299
-309
-320
-328
-331
-326
-326
-328
-331
-329
-320
-316
-309
-295
-285
-272
-261
-241
-216
-203
-199
-190
-167
-138
-122
-105
-78
-52
-25
-9
17
45
74
99
113
134
158
177
201
223
236
254
271
290
306
305
304
310
323
332
337
331
319
313
303
302
316
307
287
269
249
257
250
226
210
191
183
181
166
153
131
114
116
112
105
93
80
73
71
68
55
40
34
31
25
27
22
17
9
6
20
22
17
15
7
1
-3
-6
-9
-12
-14
-15
-21
-23
-20
-22
-26
-29
-37
-49
-63
-79
-86
-90
-99
-113
-127
-136
-138
-145
-163
-178
-197
-211
-224
-232
-241
-256
-276
-289
-292
-299
-309
-323
-337
-337
-339
-337
-328
-328
-324
-324
-319
-302
-292
-284
-273
-255
-238
-221
-207
-189
-161
-135
-107
-83
-54
-25
0
25
53
80
101
124
144
168
188
209
235
266
296
311
318
331
353
374
378
375
371
372
372
372
370
358
349
335
326
327
322
305
280
257
243
228
206
181
148
119
99
87
78
65
44
25
18
26
22
-2
-19
-23
-29
-28
-32
-40
-42
-50
-48
-43
-39
-43
-47
-39
-24
-15
-19
-18
-16
-11
-6
-6
-8
-13
-19
-21
-18
-21
-27
-35
-40
-40
-38
-40
-54
-70
-82
-95
-106
-118
-136
-156
-175
-190
-202
-221
-241
-255
-270
-282
-294
-317
-339
-351
-366
-371
-369
-367
-365
-368
-366
-355
-346
-339
-332
-320
-302
-281
-260
-236
-208
-184
-156
-125
-91
-56
-26
-2
23
56
90
119
151
186
214
239
260
285
309
321
331
353
380
393
399
404
414
420
422
425
426
422
405
386
375
371
356
338
318
301
285
270
251
227
194
171
152
132
114
84
57
38
21
4
-15
-37
-48
-60
-76
-87
-97
-105
-112
-118
-119
-118
-124
-123
-120
-121
-125
-126
-120
-112
-96
-86
-85
-78
-68
-56
-40
-32
-31
-31
-35
-32
-25
-28
-32
-34
-42
-45
-41
-43
-45
-54
-67
-80
-87
-93
-104
-121
-142
-157
-170
-181
-195
-211
-230
-242
-258
-266
-269
-280
-291
-299
-304
-302
-302
-303
-299
-297
-284
-275
-262
-245
-236
-225
-209
-190
-168
-140
-115
-90
-67
-41
-12
23
60
91
113
135
166
196
220
238
256
275
297
307
322
334
344
355
365
372
378
380
375
371
366
358
347
332
320
311
298
281
259
250
238
221
203
182
164
152
135
109
87
72
50
29
16
7
-5
-18
-34
-42
-45
-52
-58
-68
-72
-74
-79
-82
-88
-87
-82
-89
-90
-88
-90
-88
-77
-67
-64
-70
-64
-51
-53
-52
-59
-64
-64
-66
-68
-70
-74
-79
-91
-100
-99
-101
-107
-122
-131
-135
-143
-153
-168
-177
-181
-195
-204
-216
-231
-236
-242
-247
-247
-255
-266
-270
-265
-263
-268
-261
-250
-245
-237
-221
-204
-200
-205
-182
-158
-141
-125
-104
-73
-46
-25
-4
21
49
74
90
102
125
147
163
174
190
214
230
240
255
276
295
303
304
311
323
324
320
320
320
319
311
308
311
299
281
270
270
264
250
236
223
208
187
167
154
140
117
96
79
69
56
41
29
22
12
3
-11
-25
-35
-41
-49
-63
-70
-78
-81
-78
-79
-79
-76
-75
-68
-64
-62
-59
-59
-65
-71
-71
-69
-71
-76
-81
-78
-74
-79
-87
-91
-86
-81
-79
-89
-98
-101
-105
-111
-122
-132
-146
-158
-164
-168
-176
-189
-198
-203
-203
-203
-214
-229
-233
-237
-235
-228
-227
-230
-232
-227
-214
-212
-207
-200
-190
-168
-155
-142
-125
-113
-98
-83
-65
-44
-30
-18
2
23
41
60
77
96
112
130
152
166
176
190
208
225
235
244
253
260
264
265
268
271
276
280
282
281
280
275
272
272
272
266
257
245
232
225
213
198
184
172
162
152
140
128
117
98
81
67
52
43
27
11
2
-10
-19
-24
-32
-42
-54
-60
-69
-80
-92
-97
-101
-109
-117
-125
-133
-131
-129
-134
-133
-130
-129
-128
-130
-133
-123
-125
-133
-130
-124
-123
-127
-126
-119
-119
-128
-132
-130
-126
-129
-128
-126
-122
-124
-131
-133
-137
-143
-147
-147
-144
-141
-144
-144
-133
-123
-118
-111
-106
-101
-96
-101
-96
-85
-77
-70
-64
-49
-41
-42
-43
-31
-18
-15
-6
4
18
34
42
56
72
80
90
102
118
131
136
140
147
154
158
162
167
177
177
179
182
183
188
192
184
184
184
182
178
165
166
168
157
150
146
144
134
115
105
106
105
96
85
75
67
55
44
36
31
21
6
0
-2
-9
-19
-27
-25
-18
-22
-27
-35
-43
-46
-48
-44
-47
-45
-44
-42
-35
-36
-37
-39
-46
-45
-42
-45
-53
-62
-65
-65
-71
-75
-77
-78
-84
-98
-105
-103
-102
-104
-110
-115
-121
-128
-130
-136
-138
-135
-140
-143
-151
-153
-149
-150
-153
-153
-150
-147
-144
-138
-132
-132
-131
-124
-112
-93
-81
-72
-62
-49
-33
-18
-3
8
16
26
40
53
65
71
81
92
108
115
122
130
139
149
149
152
157
160
159
160
164
160
155
148
147
153
143
132
126
119
113
111
108
106
103
93
87
80
73
67
62
61
59
50
44
41
42
47
41
29
19
14
6
6
15
15
17
18
17
16
15
6
0
-4
-11
-19
-24
-23
-27
-29
-35
-34
-30
-37
-45
-51
-52
-57
-67
-70
-76
-75
-73
-79
-84
-87
-92
-94
-95
-95
-98
-101
-105
-108
-110
-110
-112
-105
-105
-114
-115
-111
-110
-109
-109
-103
-99
-101
-100
-91
-83
-84
-87
-80
-74
-68
-63
-50
-35
-30
-27
-18
-5
9
10
15
21
22
32
34
43
55
57
63
73
85
93
89
86
89
92
98
97
96
101
99
101
105
111
114
105
103
116
122
116
107
103
109
104
96
91
88
83
76
71
71
69
61
64
60
58
54
48
46
44
46
43
31
20
20
22
22
16
10
11
0
-9
-3
-2
-11
-28
-34
-34
-39
-45
-49
-50
-58
-67
-64
-62
-64
-69
-68
-67
-71
-82
-86
-82
-83
-87
-85
-85
-86
-92
-89
-89
-92
-95
-104
-107
-107
-105
-105
-104
-102
-102
-101
-105
-106
-107
-105
-101
-102
-96
-83
-78
-67
-58
-49
-44
-46
-43
-30
-26
-21
-8
4
20
33
48
62
68
71
81
91
94
98
102
109
119
120
122
122
121
127
120
118
115
110
111
111
110
109
104
97
94
90
86
77
64
63
59
52
50
43
36
30
28
33
27
18
16
13
6
-2
-8
-7
-3
-4
-2
5
9
10
11
14
12
7
2
3
5
6
5
6
7
6
5
-3
-3
-8
-13
-25
-35
-35
-38
-42
-46
-53
-58
-64
-69
-73
-77
-83
-85
-85
-81
-78
-85
-86
-87
-87
-90
-97
-98
-102
-101
-95
-91
-83
-81
-78
-71
-60
-58
-57
-55
-55
-56
-60
-64
-58
-49
-45
-45
-41
-32
-26
-22
-21
-17
-11
-9
-5
-2
6
4
7
19
27
38
43
49
62
69
73
79
84
87
87
93
97
98
94
91
95
98
99
97
104
107
106
103
102
105
99
99
92
88
91
87
83
78
78
78
78
67
57
55
51
48
32
28
20
14
18
18
20
10
4
7
8
9
7
1
-3
-10
-13
-20
-30
-36
-37
-40
-40
-41
-47
-44
-43
-41
-46
-55
-57
-66
-71
-78
-85
-89
-91
-92
-92
-92
-88
-83
-86
-88
-87
-86
-94
-103
-101
-99
-103
-109
-110
-106
-102
-99
-92
-85
-80
-75
-71
-67
-63
-62
-58
-55
-57
-56
-53
-47
-46
-37
-23
-16
-11
-2
8
16
23
29
35
41
46
53
60
68
72
77
84
86
92
101
109
114
111
115
124
122
118
117
119
110
102
104
105
102
99
102
101
90
86
82
81
74
63
64
64
59
48
48
51
41
26
21
25
21
12
9
7
9
10
11
1
-6
-4
-8
-17
-27
-25
-26
-30
-34
-35
-29
-32
-36
-34
-31
-32
-35
-31
-29
-31
-31
-30
-33
-46
-50
-47
-47
-52
-58
-56
-53
-57
-54
-53
-59
-64
-66
-69
-69
-68
-71
-72
-73
-77
-77
-76
-79
-79
-80
-78
-73
-74
-67
-65
-63
-64
-64
-68
-66
-55
-57
-58
-50
-47
-40
-34
-35
-26
-18
-15
-12
-6
-3
2
7
18
25
32
38
40
48
52
56
56
53
56
59
63
67
70
75
79
77
81
85
84
83
85
90
95
93
91
94
92
85
82
82
80
76
77
85
84
80
76
75
71
63
57
53
53
50
44
47
42
34
29
23
25
22
15
10
4
0
0
4
4
-2
-7
-8
-11
-18
-29
-32
-32
-32
-30
-32
-37
-39
-39
-45
-51
-54
-55
-57
-58
-65
-67
-69
-68
-67
-70
-70
-70
-74
-82
-90
-93
-94
-96
-98
-98
-96
-93
-92
-93
-90
-85
-85
-84
-82
-81
-81
-85
-80
-72
-67
-62
-57
-49
-45
-42
-34
-22
-15
-13
-8
1
10
13
14
18
24
32
41
47
50
59
69
72
72
74
75
75
77
84
88
89
85
84
87
88
87
87
85
81
76
69
68
66
64
63
66
65
64
65
68
66
62
61
58
53
47
45
45
37
26
21
22
22
20
20
23
25
19
21
27
27
20
11
8
5
2
-7
-11
-13
-18
-21
-21
-17
-17
-16
-17
-15
-14
-20
-26
-28
-35
-39
-40
-47
-52
-54
-57
-60
-64
-63
-68
-72
-70
-77
-81
-86
-86
-83
-87
-88
-90
-86
-86
-93
-96
-91
-83
-81
-83
-85
-79
-75
-73
-66
-60
-55
-51
-42
-32
-28
-22
-16
-14
-4
5
10
14
17
13
16
23
25
31
36
40
45
49
54
63
67
72
69
70
76
76
79
78
75
70
68
71
72
72
78
72
68
73
73
69
65
67
67
63
57
55
59
56
48
35
36
37
30
29
32
31
27
21
24
29
25
15
7
6
-1
-11
-11
-12
-13
-17
-22
-21
-22
-26
-29
-32
-34
-34
-34
-36
-37
-37
-36
-34
-36
-40
-36
-34
-38
-37
-34
-36
-41
-39
-35
-37
-36
-34
-30
-28
-31
-28
-24
-27
-30
-30
-29
-26
-30
-32
-29
-31
-31
-32
-34
-31
-30
-26
-27
-21
-19
-17
-16
-13
-15
-25
-28
-31
-29
-34
-40
-37
-33
-24
-20
-14
-12
-5
0
2
10
17
18
15
15
17
22
21
21
20
25
26
25
28
32
37
35
38
39
44
44
44
49
50
53
53
51
51
49
49
48
45
44
45
43
40
38
36
32
29
30
32
28
28
27
24
25
27
26
19
9
5
5
3
-1
-1
1
-1
-7
-11
-12
-10
-12
-19
-19
-21
-24
-23
-20
-16
-20
-26
-22
-15
-11
-12
-15
-15
-13
-16
-16
-15
-23
-27
-30
-28
-29
-29
-29
-31
-30
-30
-33
-30
-26
-29
-32
-31
-32
-34
-38
-43
-41
-39
-44
-44
-41
-40
-42
-39
-37
-38
-40
-46
-47
-40
-37
-35
-32
-29
-25
-21
-18
-13
-3
1
6
18
26
23
25
27
32
40
35
37
41
38
37
41
44
42
39
41
46
49
51
50
53
57
52
51
55
