SAMPLES:	20016
BITSPERSAMPLE:	16
CHANNELS:	1
SAMPLERATE:	16000
NORMALIZED:	FALSE
0
-1
0
0
0
0
0
0
0
0
0
0
0
0
0
0
0
0
0
1
0
1
1
0
1
0
0
0
0
0
1
0
1
0
0
0
1
0
0
-1
0
0
1
0
-1
0
0
0
0
-1
-1
1
0
0
1
0
0
1
0
0
0
-1
1
0
0
0
0
0
0
-1
0
0
0
0
0
0
0
0
0
0
0
0
0
0
0
0
0
0
0
0
-1
0
-1
0
-1
0
0
0
0
0
-1
0
-1
1
0
0
0
1
0
-1
0
0
1
0
0
0
0
1
0
0
0
0
1
0
-1
-1
0
0
0
1
0
0
-1
-1
0
0
-1
-1
-1
-1
0
0
0
0
0
1
0
1
1
0
0
1
1
1
1
1
0
1
1
2
1
1
0
0
0
0
0
1
0
1
0
-1
-2
-1
-2
0
0
-2
-5
-5
-4
-4
-3
-5
-5
-6
-4
-3
-2
-3
-3
-2
-1
1
2
2
4
5
8
11
12
11
12
15
20
21
20
18
19
23
28
28
27
26
23
21
11
19
33
36
24
-2
-9
1
22
31
18
-10
-24
-18
-5
9
9
-5
-26
-35
-20
1
4
-9
-24
-25
-16
-6
-7
-9
-11
-6
-5
-6
-5
-4
3
4
5
6
3
2
4
12
18
17
10
8
8
12
18
16
11
5
6
8
9
5
-2
-2
-1
3
-2
-8
-15
-14
-10
-7
-10
-18
-19
-11
0
-4
-15
-20
-6
20
36
29
12
1
16
51
78
84
64
38
36
72
120
132
97
60
56
85
115
110
77
46
38
50
51
36
8
-19
-33
-40
-50
-71
-107
-140
-148
-138
-145
-189
-241
-257
-240
-218
-226
-272
-314
-320
-305
-294
-261
-244
-134
-213
-365
-381
-258
5
84
-12
-233
-319
-187
111
252
194
71
-80
-76
73
322
428
246
22
-13
136
295
312
208
88
91
129
148
86
63
90
72
48
-31
-59
-71
-93
-56
-38
-70
-180
-275
-253
-163
-101
-111
-189
-294
-262
-170
-58
-84
-139
-143
-68
86
97
64
-21
58
253
407
418
336
246
256
450
640
765
642
460
401
509
748
831
688
484
417
509
601
595
485
346
254
258
274
201
96
-35
-97
-110
-135
-202
-363
-496
-517
-466
-467
-576
-751
-833
-786
-712
-690
-781
-876
-899
-846
-728
-661
-656
-683
-691
-626
-496
-413
-324
-351
-127
24
-74
-85
-85
259
521
619
465
255
258
586
891
921
825
588
493
562
815
1006
848
524
364
386
531
597
420
149
35
51
122
25
-153
-286
-363
-284
-324
-476
-592
-674
-636
-597
-596
-624
-827
-879
-752
-626
-579
-699
-775
-769
-599
-371
-339
-471
-504
-436
-264
-80
243
410
61
-166
-53
484
958
1035
747
434
418
814
1219
1293
1287
1037
831
769
1009
1333
1309
1012
749
684
733
816
711
519
416
381
272
33
-147
-106
-113
-187
-365
-587
-718
-796
-757
-715
-763
-887
-1102
-1262
-1149
-943
-854
-1003
-1156
-1155
-1074
-959
-825
-735
-707
-699
-679
-603
-467
-259
-92
-72
50
180
196
195
278
618
884
974
789
551
595
939
1317
1323
1059
801
720
854
1056
1142
965
587
357
357
497
523
309
-28
-244
-250
-210
-284
-510
-715
-801
-785
-798
-891
-1067
-1147
-1166
-1100
-1041
-1108
-1204
-1318
-1221
-1007
-874
-943
-1033
-1057
-908
-779
-534
-248
-215
-361
-543
-402
109
872
904
459
11
175
1033
1610
1731
1341
928
905
1350
1832
2161
1989
1555
1219
1227
1717
2000
1778
1297
1041
1077
1178
1052
819
605
555
491
243
-70
-239
-277
-332
-429
-596
-769
-1046
-1221
-1224
-1084
-1028
-1206
-1549
-1755
-1579
-1328
-1256
-1363
-1482
-1508
-1476
-1352
-1140
-967
-905
-970
-974
-835
-521
-275
-226
-257
-118
206
319
427
469
605
813
907
973
1002
1087
1187
1218
1133
1171
1201
1223
1140
1036
1028
922
768
637
563
490
382
157
-45
-212
-293
-352
-512
-687
-872
-989
-1051
-1082
-1118
-1201
-1320
-1421
-1403
-1299
-1236
-1287
-1355
-1278
-1145
-1051
-1007
-958
-847
-751
-582
-489
-405
-376
-55
269
288
271
129
594
1064
1293
1206
928
1038
1438
1851
1929
1866
1655
1610
1679
1962
2249
2156
1745
1384
1416
1687
1851
1535
1092
805
788
904
744
376
98
-68
-74
-214
-492
-723
-929
-977
-1031
-1131
-1245
-1438
-1651
-1682
-1557
-1425
-1511
-1783
-1889
-1742
-1492
-1362
-1437
-1532
-1485
-1313
-1077
-929
-831
-792
-734
-575
-377
-118
57
75
74
222
497
874
896
752
755
909
1167
1286
1319
1234
1155
1055
1151
1195
1205
1185
986
808
694
728
709
488
273
233
111
-85
-313
-442
-502
-581
-685
-872
-1088
-1176
-1134
-1112
-1120
-1234
-1329
-1347
-1300
-1173
-1102
-1072
-1102
-1135
-993
-795
-668
-675
-654
-517
-331
-160
-65
-67
-40
263
609
687
466
361
795
1309
1430
1209
904
972
1375
1767
1899
1628
1308
1228
1374
1725
1985
1827
1281
864
991
1407
1565
1243
739
444
477
631
586
282
22
-102
-208
-350
-479
-552
-674
-826
-940
-1009
-1037
-1119
-1223
-1279
-1192
-1097
-1212
-1379
-1402
-1174
-998
-1044
-1132
-1177
-1025
-859
-745
-676
-683
-594
-484
-418
-305
-149
3
-35
-3
89
391
628
314
257
310
652
918
805
625
447
506
698
862
773
685
498
334
319
476
601
397
8
-183
-98
-30
-84
-338
-558
-621
-608
-659
-820
-929
-885
-897
-957
-1022
-1050
-1024
-975
-920
-889
-834
-822
-775
-784
-632
-438
-356
-369
-355
-215
-77
87
204
291
291
398
595
743
837
981
1092
1006
989
1179
1478
1629
1542
1382
1308
1434
1670
1749
1641
1521
1472
1388
1261
1309
1431
1351
1037
761
662
650
637
534
287
24
-144
-272
-365
-441
-493
-632
-868
-1002
-1058
-1090
-1099
-1133
-1188
-1268
-1299
-1340
-1410
-1349
-1187
-1101
-1197
-1286
-1233
-1102
-932
-801
-769
-824
-808
-638
-482
-360
-253
-237
-233
-114
137
265
261
215
271
399
566
741
663
496
441
589
726
775
703
574
442
414
542
545
413
203
38
-44
-10
18
-129
-410
-616
-630
-579
-597
-678
-825
-961
-940
-916
-906
-906
-906
-865
-906
-884
-799
-736
-649
-584
-497
-434
-378
-267
-211
-61
134
241
272
259
456
637
718
803
831
1113
1268
1175
1063
1093
1497
1817
1789
1476
1304
1369
1623
1833
1803
1670
1392
1198
1160
1337
1521
1380
917
541
533
690
706
408
50
-126
-166
-226
-391
-591
-668
-758
-907
-1033
-1098
-1105
-1201
-1312
-1325
-1281
-1274
-1342
-1455
-1433
-1292
-1175
-1179
-1260
-1236
-1117
-971
-895
-823
-783
-700
-609
-508
-390
-223
-85
-100
-22
-18
140
290
359
440
449
440
391
419
538
713
679
548
389
363
481
566
511
321
125
70
131
80
-19
-161
-304
-403
-454
-462
-510
-656
-744
-815
-817
-814
-833
-823
-898
-940
-861
-750
-715
-703
-732
-600
-490
-378
-288
-278
-180
-64
99
176
309
372
491
552
620
841
949
1241
1239
1054
1071
1253
1665
1847
1733
1543
1398
1383
1656
1916
1953
1746
1370
1176
1204
1461
1629
1402
899
620
645
691
641
426
212
-10
-190
-288
-405
-499
-587
-726
-896
-993
-1057
-1172
-1277
-1280
-1208
-1256
-1397
-1501
-1532
-1419
-1243
-1167
-1300
-1416
-1350
-1199
-1050
-964
-786
-767
-885
-863
-700
-354
-129
-61
-157
-367
-284
106
421
483
375
202
126
239
528
767
677
437
278
268
404
583
586
402
176
38
98
122
120
50
-157
-290
-348
-396
-394
-438
-477
-575
-707
-739
-717
-718
-639
-556
-766
-872
-738
-513
-503
-560
-485
-389
-320
-367
-232
-54
18
101
210
249
300
398
526
768
783
1002
1125
921
946
1023
1462
1761
1686
1402
1194
1302
1634
1907
1816
1642
1351
1218
1300
1493
1582
1404
1003
740
737
760
805
581
301
108
-10
-63
-215
-422
-520
-604
-720
-818
-1010
-1145
-1210
-1187
-1156
-1262
-1416
-1486
-1527
-1454
-1329
-1308
-1363
-1476
-1429
-1316
-1174
-1036
-974
-935
-961
-865
-722
-479
-243
-170
-244
-383
-227
127
435
429
269
141
240
489
667
722
545
537
519
500
556
593
649
510
321
234
261
270
196
48
-34
-75
-189
-313
-448
-426
-364
-473
-632
-766
-770
-730
-722
-741
-821
-845
-836
-805
-781
-736
-628
-592
-605
-535
-461
-356
-259
-118
31
74
142
222
286
490
709
1058
1085
800
834
1027
1558
1855
1749
1457
1267
1424
1818
2095
2029
1849
1500
1358
1499
1757
1849
1619
1183
918
939
1009
1028
746
439
264
155
75
-108
-313
-400
-506
-657
-880
-1067
-1109
-1127
-1160
-1313
-1430
-1519
-1561
-1570
-1559
-1519
-1497
-1522
-1586
-1550
-1443
-1257
-1166
-1158
-1079
-1057
-900
-723
-473
-276
-404
-421
-289
13
293
373
267
173
204
444
713
689
625
521
551
565
576
657
639
538
371
322
307
302
205
28
-61
-65
-99
-253
-461
-511
-451
-447
-549
-754
-822
-764
-706
-724
-797
-825
-837
-858
-783
-674
-656
-691
-690
-620
-491
-364
-256
-221
-229
-64
155
368
286
387
564
793
1159
1010
993
949
1251
1739
1880
1744
1464
1402
1601
2071
2197
2074
1737
1506
1539
1713
1911
1836
1479
1038
990
1092
1153
940
535
307
235
214
76
-288
-522
-539
-577
-693
-996
-1185
-1288
-1353
-1311
-1348
-1470
-1653
-1808
-1797
-1674
-1524
-1454
-1668
-1863
-1770
-1410
-1158
-1206
-1284
-1238
-1006
-820
-625
-571
-492
-337
-181
-33
8
149
232
314
406
583
684
572
506
568
777
947
839
606
471
564
737
716
547
367
236
149
175
194
104
-109
-325
-385
-367
-316
-381
-578
-740
-725
-653
-697
-813
-874
-803
-796
-814
-834
-844
-848
-809
-729
-650
-586
-566
-518
-489
-315
-161
-15
-68
15
225
496
838
649
574
605
1027
1574
1680
1454
1222
1272
1568
2071
2163
2077
1735
1531
1697
1900
2114
2027
1678
1256
1226
1389
1493
1288
860
658
562
549
457
160
-86
-206
-295
-372
-623
-823
-935
-1092
-1116
-1188
-1321
-1484
-1664
-1674
-1630
-1596
-1572
-1723
-1882
-1820
-1592
-1404
-1426
-1469
-1458
-1308
-1097
-858
-700
-763
-700
-579
-292
-26
130
103
16
162
417
710
679
606
551
587
808
878
819
674
652
712
695
616
526
435
339
309
258
132
-36
-130
-208
-246
-297
-389
-597
-742
-646
-603
-677
-905
-981
-934
-893
-822
-858
-911
-955
-979
-897
-817
-732
-610
-625
-612
-588
-427
-219
-165
31
91
435
601
424
457
629
1240
1596
1557
1263
1168
1373
1851
2295
2261
2064
1728
1680
1897
2256
2433
2199
1646
1346
1545
1744
1778
1402
1000
826
752
768
601
314
142
-29
-224
-409
-586
-650
-785
-985
-1099
-1237
-1364
-1487
-1620
-1593
-1580
-1594
-1725
-1978
-1913
-1737
-1421
-1448
-1700
-1732
-1627
-1226
-991
-881
-978
-1042
-882
-548
-232
-105
-94
-175
-95
105
456
633
535
337
329
606
815
826
596
440
509
626
660
492
296
212
215
263
181
-12
-195
-301
-282
-242
-262
-413
-642
-783
-660
-548
-598
-745
-929
-879
-816
-746
-708
-788
-793
-793
-771
-673
-560
-501
-449
-487
-417
-298
-179
85
115
424
470
333
415
571
1164
1451
1432
1170
1095
1282
1750
2128
2090
1994
1720
1715
1809
2059
2308
2200
1764
1430
1466
1628
1726
1487
1211
978
825
747
609
478
378
211
-66
-336
-478
-481
-540
-687
-858
-1044
-1208
-1343
-1409
-1352
-1323
-1440
-1708
-1868
-1778
-1479
-1428
-1624
-1716
-1719
-1453
-1291
-1204
-1200
-1192
-1095
-902
-729
-632
-455
-407
-296
-191
-44
130
172
176
281
397
478
474
413
445
496
575
559
459
340
316
293
289
243
137
75
-105
-180
-155
-115
-129
-351
-500
-533
-501
-437
-512
-601
-676
-707
-681
-670
-668
-644
-613
-621
-584
-607
-579
-457
-409
-290
-308
-312
-158
-46
354
414
238
211
306
866
1231
1267
996
826
1005
1529
1941
1886
1739
1521
1595
1789
2055
2203
2041
1643
1480
1598
1715
1779
1457
1202
1044
980
1014
829
588
455
311
178
8
-246
-362
-504
-566
-656
-874
-1046
-1210
-1230
-1241
-1280
-1335
-1565
-1721
-1629
-1483
-1358
-1551
-1742
-1663
-1491
-1186
-1104
-1230
-1343
-1220
-903
-555
-506
-584
-586
-531
-178
50
200
149
12
103
307
568
620
478
333
386
543
584
518
347
271
308
299
257
73
-65
-144
-130
-144
-225
-313
-527
-527
-572
-499
-505
-633
-701
-804
-738
-677
-608
-685
-732
-780
-691
-539
-476
-463
-516
-494
-336
-247
-179
0
76
365
272
142
292
566
1047
1170
1014
870
931
1148
1585
1784
1793
1653
1419
1440
1669
2020
2147
1911
1413
1324
1520
1698
1670
1352
1131
972
893
822
696
590
523
309
59
-133
-188
-200
-386
-559
-693
-796
-915
-1059
-1118
-1132
-1117
-1205
-1434
-1548
-1462
-1167
-1251
-1400
-1486
-1510
-1242
-1134
-943
-947
-1072
-1070
-894
-628
-404
-341
-440
-461
-342
-5
213
152
56
107
258
435
435
340
384
440
481
460
316
273
263
259
278
154
-7
-144
-191
-156
-146
-258
-442
-587
-648
-578
-561
-612
-720
-825
-844
-803
-755
-706
-711
-788
-794
-783
-605
-509
-479
-481
-462
-397
-288
-58
92
345
200
76
167
464
973
1112
957
743
775
1043
1506
1666
1613
1459
1301
1439
1617
1835
1917
1709
1431
1373
1436
1542
1498
1307
1150
996
900
826
695
560
512
407
240
-18
-213
-248
-278
-301
-439
-668
-882
-1006
-979
-893
-932
-1014
-1225
-1321
-1275
-1192
-1046
-1116
-1151
-1195
-1155
-1033
-880
-776
-781
-760
-718
-538
-401
-361
-296
-216
-115
-13
-10
17
113
228
345
316
247
240
284
416
380
294
222
154
206
143
123
78
-46
-163
-261
-227
-231
-326
-472
-571
-655
-644
-648
-681
-747
-857
-849
-862
-832
-824
-808
-787
-797
-795
-718
-641
-588
-442
-479
-452
-286
-147
276
248
42
70
264
851
1077
997
750
689
945
1386
1677
1615
1499
1292
1339
1542
1837
1983
1755
1382
1274
1470
1616
1565
1282
1092
1038
1014
953
749
560
517
441
298
96
-86
-181
-281
-328
-374
-519
-745
-903
-939
-854
-839
-978
-1157
-1219
-1179
-1069
-1036
-1152
-1041
-1061
-1080
-994
-917
-708
-632
-665
-663
-583
-473
-203
-113
-132
-80
-97
41
103
189
334
293
215
196
242
331
373
335
253
160
129
172
134
43
35
-63
-171
-278
-314
-263
-334
-447
-573
-635
-669
-631
-680
-768
-808
-864
-823
-867
-859
-809
-828
-825
-787
-700
-631
-591
-543
-535
-489
-295
-104
168
151
-39
5
202
758
1083
991
721
569
831
1337
1665
1658
1458
1194
1225
1471
1815
1949
1733
1369
1171
1315
1494
1514
1278
1021
878
818
764
653
519
403
318
144
-49
-206
-285
-331
-394
-492
-611
-789
-953
-968
-894
-809
-890
-1040
-1171
-1117
-984
-877
-787
-885
-914
-892
-763
-565
-436
-370
-439
-455
-314
-75
104
95
73
118
198
306
356
399
391
369
424
387
327
314
324
344
258
135
50
-36
-16
-24
-114
-230
-413
-502
-502
-468
-504
-648
-781
-816
-844
-822
-799
-858
-944
-1012
-982
-907
-899
-919
-888
-908
-846
-741
-645
-591
-526
-471
-394
-268
-157
224
326
131
66
203
722
1113
1115
907
770
841
1270
1633
1671
1615
1360
1283
1398
1643
1903
1834
1446
1176
1212
1371
1477
1243
989
828
692
642
513
392
344
144
-97
-241
-331
-331
-487
-696
-781
-821
-851
-975
-1119
-1164
-1067
-983
-1068
-1148
-1213
-1150
-966
-832
-749
-807
-850
-767
-531
-267
-95
-143
-267
-186
120
478
527
418
361
436
644
785
835
775
674
703
727
724
704
660
582
445
356
266
208
112
-12
-94
-211
-364
-527
-659
-656
-668
-818
-958
-1114
-1152
-1179
-1185
-1168
-1268
-1349
-1367
-1342
-1288
-1220
-1182
-1143
-1191
-1122
-950
-835
-716
-648
-623
-468
-346
10
349
167
103
186
657
1153
1247
1104
935
1016
1425
1890
1909
1807
1656
1635
1755
1926
2117
2089
1794
1509
1521
1585
1630
1465
1185
974
832
784
614
370
261
129
-53
-250
-487
-585
-729
-827
-900
-1048
-1178
-1345
-1459
-1488
-1375
-1302
-1389
-1560
-1615
-1445
-1258
-1134
-1008
-1076
-1114
-967
-730
-385
-206
-181
-225
-182
104
553
722
663
630
699
942
1076
1161
1225
1174
1125
1115
1091
1123
1150
1066
889
708
612
569
423
284
180
-13
-173
-430
-570
-646
-710
-786
-1104
-1260
-1389
-1386
-1378
-1522
-1574
-1691
-1763
-1732
-1650
-1615
-1633
-1638
-1595
-1489
-1342
-1222
-1140
-1052
-983
-739
-568
-320
64
3
-36
38
454
1081
1304
1208
1031
1054
1408
2013
2228
2159
1971
1862
1997
2209
2504
2559
2290
1894
1828
1971
2037
1936
1616
1361
1199
1092
961
694
474
363
173
-78
-345
-538
-686
-870
-977
-1066
-1246
-1485
-1688
-1777
-1680
-1610
-1622
-1837
-1961
-1854
-1758
-1564
-1428
-1286
-1342
-1410
-1261
-875
-466
-311
-344
-454
-270
185
638
726
683
735
920
1097
1203
1425
1505
1465
1359
1301
1404
1503
1519
1309
1029
965
982
907
630
415
329
169
-84
-355
-512
-628
-762
-1007
-1253
-1466
-1513
-1612
-1820
-1943
-2017
-2043
-2122
-2170
-2210
-2133
-2169
-2071
-2018
-1959
-1782
-1727
-1492
-1436
-1181
-962
-767
-266
-149
-156
-103
270
1040
1507
1465
1277
1261
1619
2389
2824
2831
2581
2376
2564
2862
3249
3444
3160
2603
2394
2628
2853
2802
2355
1945
1715
1597
1556
1242
888
691
442
129
-208
-414
-573
-886
-1165
-1316
-1448
-1662
-1954
-2179
-2234
-2130
-2150
-2312
-2576
-2547
-2330
-2289
-2129
-1989
-1994
-2069
-1949
-1555
-1040
-822
-820
-879
-856
-300
380
621
520
476
711
1104
1280
1534
1738
1676
1581
1552
1738
1912
1949
1771
1532
1355
1389
1368
1083
893
769
650
360
-13
-190
-311
-445
-589
-970
-1303
-1442
-1559
-1629
-1781
-1924
-2083
-2324
-2417
-2241
-2179
-2311
-2438
-2505
-2289
-2083
-1995
-1924
-1889
-1813
-1477
-1256
-802
-364
-590
-642
-490
361
1259
1355
1023
860
1117
1886
2685
2772
2650
2377
2442
2786
3127
3525
3546
3080
2656
2768
3054
3186
2876
2414
2171
2037
1963
1742
1344
1127
960
633
274
-64
-232
-470
-761
-973
-1169
-1452
-1752
-1998
-2119
-2050
-2052
-2233
-2578
-2705
-2530
-2287
-2268
-2235
-2072
-2300
-2284
-1960
-1470
-1005
-1104
-1193
-1132
-839
-173
284
247
187
326
738
1048
1138
1394
1503
1458
1419
1589
1795
1872
1788
1561
1452
1443
1505
1347
1059
953
873
605
320
128
-13
-110
-366
-655
-888
-1176
-1189
-1342
-1612
-1687
-1824
-1974
-2199
-2228
-2120
-2171
-2327
-2348
-2260
-2192
-2170
-2073
-1905
-1790
-1759
-1542
-1377
-961
-402
-580
-680
-563
207
1042
1216
1034
876
1099
1664
2464
2683
2667
2442
2380
2599
2966
3495
3591
3146
2598
2685
2978
3200
2979
2509
2255
1999
1968
1871
1527
1280
1028
698
433
165
15
-290
-712
-859
-979
-1156
-1491
-1854
-1975
-1936
-1903
-2077
-2421
-2583
-2508
-2287
-2057
-2183
-2169
-2356
-2336
-1863
-1423
-1073
-1289
-1472
-1335
-720
-169
138
18
-169
72
470
1025
1187
1200
1090
1045
1224
1535
1793
1733
1491
1227
1300
1461
1438
1244
934
832
802
594
386
144
-53
-139
-366
-537
-771
-1052
-1173
-1370
-1480
-1505
-1687
-1875
-2113
-2160
-2002
-2009
-2127
-2233
-2205
-2143
-2003
-1924
-1772
-1604
-1670
-1550
-1362
-973
-266
-305
-568
-570
-123
877
1389
1339
1049
1022
1318
2166
2768
2855
2741
2355
2364
2704
3301
3680
3419
2737
2464
2662
2951
3073
2656
2227
1921
1768
1768
1549
1225
979
671
417
201
-85
-334
-689
-875
-891
-1093
-1422
-1819
-2013
-1917
-1862
-1942
-2235
-2540
-2597
-2428
-2119
-2064
-2251
-2309
-2108
-1969
-1750
-1464
-1285
-1111
-1076
-826
-546
-354
-81
219
393
457
660
883
1042
1164
1337
1510
1453
1344
1431
1563
1562
1486
1331
1186
1074
984
971
757
585
391
99
-52
-252
-321
-451
-719
-951
-1251
-1341
-1387
-1421
-1579
-1784
-1903
-2044
-2017
-1997
-1911
-1988
-2095
-2092
-2020
-1867
-1705
-1511
-1407
-1480
-1440
-1092
-674
-2
6
-296
-350
-8
1056
1685
1669
1274
1098
1386
2241
2949
3100
2830
2331
2332
2735
3355
3709
3419
2628
2301
2552
2941
3021
2477
2022
1735
1643
1631
1325
956
698
514
306
-92
-412
-626
-882
-966
-1096
-1300
-1651
-2003
-2097
-2027
-1945
-2009
-2268
-2570
-2599
-2293
-2106
-2090
-2095
-2144
-1872
-1899
-1744
-1363
-1126
-870
-854
-734
-549
-241
17
405
556
628
756
750
999
1260
1535
1644
1403
1164
1290
1543
1661
1532
1209
1027
903
823
910
746
485
193
-145
-205
-291
-379
-556
-934
-1160
-1276
-1345
-1393
-1577
-1734
-1842
-1946
-1996
-1971
-1952
-1980
-2044
-2109
-1971
-1880
-1737
-1594
-1545
-1328
-1369
-1222
-928
-543
181
68
-216
-190
294
1316
1813
1735
1371
1261
1630
2502
3068
3123
2866
2466
2489
2810
3366
3685
3406
2652
2351
2555
2801
2903
2420
1991
1683
1447
1433
1180
899
693
350
72
-286
-540
-692
-931
-1063
-1311
-1498
-1739
-2029
-2134
-2173
-2082
-2131
-2376
-2527
-2564
-2361
-2195
-2111
-2064
-2129
-1933
-1702
-1415
-1285
-1197
-997
-731
-288
-78
25
-11
211
671
1013
1234
1172
1105
1201
1383
1718
1856
1643
1452
1297
1348
1485
1465
1253
858
555
491
592
422
89
-272
-554
-615
-720
-839
-1095
-1375
-1594
-1689
-1732
-1791
-1935
-2152
-2256
-2216
-2109
-2066
-2183
-2282
-2185
-2049
-1842
-1704
-1628
-1519
-1317
-1296
-1016
-702
-284
345
109
2
142
725
1651
2012
1959
1688
1623
1994
2854
3328
3402
3124
2680
2679
3057
3663
3923
3479
2680
2432
2618
2903
2919
2429
1962
1527
1297
1279
1060
829
520
50
-307
-566
-633
-808
-1212
-1483
-1630
-1699
-1861
-2180
-2405
-2437
-2304
-2203
-2352
-2531
-2629
-2479
-2250
-2079
-1836
-1945
-1934
-1679
-1298
-972
-935
-837
-618
-173
136
401
317
289
685
1129
1523
1337
1232
1282
1367
1656
1864
1817
1493
1165
1122
1362
1385
1143
713
268
231
351
213
-154
-631
-868
-908
-1005
-1131
-1413
-1759
-1970
-1982
-2002
-2006
-2184
-2374
-2510
-2502
-2212
-2144
-2233
-2412
-2242
-2051
-1847
-1653
-1581
-1337
-1247
-1123
-789
-523
32
620
358
265
451
1182
2155
2315
2187
2024
1982
2506
3320
3697
3730
3352
3037
3080
3424
3997
4199
3627
2839
2669
2861
3125
2948
2455
2007
1555
1435
1342
1014
697
352
4
-285
-594
-766
-1061
-1443
-1580
-1665
-1823
-2091
-2426
-2595
-2572
-2410
-2356
-2532
-2782
-2782
-2580
-2319
-2144
-1949
-1861
-2156
-1820
-1281
-807
-693
-854
-697
-364
200
660
751
436
537
960
1477
1642
1507
1418
1296
1371
1605
1898
1738
1277
908
913
1097
1076
743
219
-82
-88
-120
-344
-721
-1106
-1339
-1415
-1460
-1653
-1987
-2254
-2324
-2444
-2402
-2344
-2464
-2738
-2832
-2561
-2305
-2255
-2449
-2304
-2245
-2003
-1607
-1450
-1231
-1264
-1142
-636
-196
450
800
393
381
799
1820
2640
2621
2354
2171
2345
3101
3970
4094
3864
3403
3255
3521
3970
4411
4266
3476
2853
2939
3179
3252
2856
2338
1932
1595
1466
1250
861
569
302
-10
-394
-779
-978
-1279
-1460
-1543
-1775
-2074
-2425
-2610
-2603
-2545
-2464
-2571
-2874
-2970
-2805
-2495
-2264
-2250
-2082
-2080
-2068
-1592
-1047
-694
-746
-901
-652
-71
501
898
746
455
646
1228
1720
1765
1620
1477
1480
1571
1736
1876
1667
1311
1063
960
1039
940
582
173
-133
-111
-239
-629
-1028
-1310
-1383
-1489
-1652
-1966
-2337
-2498
-2521
-2481
-2542
-2670
-2875
-3046
-2967
-2676
-2425
-2504
-2659
-2641
-2400
-2025
-1623
-1478
-1377
-1400
-1199
-597
-137
607
749
448
480
956
2047
2776
2809
2444
2297
2524
3386
4206
4310
4040
3544
3476
3785
4243
4611
4412
3612
3062
3087
3316
3380
2977
2488
2038
1593
1437
1269
929
664
282
-136
-579
-926
-1036
-1262
-1532
-1732
-1987
-2257
-2530
-2628
-2608
-2629
-2592
-2734
-2887
-2907
-2733
-2442
-2354
-2306
-2047
-1968
-1958
-1435
-1045
-791
-642
-705
-347
88
511
919
767
681
1003
1455
1708
1715
1652
1609
1631
1662
1814
1756
1477
1281
1132
997
945
729
373
2
-156
-125
-449
-856
-1210
-1416
-1494
-1621
-1770
-2167
-2537
-2621
-2552
-2563
-2656
-2877
-3131
-3175
-2998
-2670
-2624
-2797
-2844
-2663
-2417
-2077
-1709
-1611
-1510
-1409
-1108
-610
-208
509
800
493
492
1016
2003
2747
2868
2620
2452
2555
3370
4217
4371
4208
3755
3579
3751
4212
4717
4603
3829
3198
3156
3335
3493
3208
2693
2144
1644
1533
1361
1052
793
393
-107
-536
-803
-922
-1167
-1520
-1708
-1932
-2179
-2426
-2631
-2669
-2649
-2575
-2687
-2885
-2961
-2792
-2571
-2404
-2294
-2095
-1991
-2068
-1680
-1070
-758
-654
-694
-581
-33
462
932
908
670
822
1303
1734
1781
1777
1602
1588
1601
1721
1950
1733
1334
1074
951
996
900
510
95
-233
-247
-321
-709
-1164
-1521
-1599
-1613
-1751
-2128
-2552
-2744
-2739
-2666
-2700
-2831
-3140
-3305
-3218
-2876
-2632
-2734
-2837
-2848
-2612
-2277
-1790
-1558
-1526
-1523
-1369
-787
-236
420
833
568
373
799
1780
2745
3031
2761
2497
2497
3142
4123
4505
4366
3904
3577
3667
4070
4610
4723
4068
3227
3026
3215
3416
3255
2745
2204
1687
1469
1352
1089
775
439
-5
-434
-788
-947
-1116
-1439
-1655
-1870
-2054
-2383
-2614
-2641
-2596
-2449
-2574
-2796
-2937
-2825
-2461
-2252
-2216
-2108
-2168
-1817
-1428
-1309
-707
-715
-642
-424
-159
508
828
793
785
924
1168
1714
1748
1738
1626
1582
1839
1721
1689
1654
1516
1277
1066
916
825
594
234
19
-193
-399
-622
-1093
-1436
-1496
-1570
-1673
-2144
-2543
-2648
-2706
-2615
-2653
-2938
-3150
-3263
-3196
-2942
-2791
-2727
-2871
-2991
-2834
-2355
-1906
-1672
-1659
-1677
-1473
-1125
-394
132
677
798
479
610
1150
2310
3118
3154
2707
2428
2720
3587
4481
4674
4345
3761
3538
3803
4380
4869
4688
3812
3052
3002
3302
3499
3191
2507
1901
1501
1382
1256
926
621
185
-312
-771
-1055
-1131
-1339
-1636
-1941
-2166
-2405
-2632
-2719
-2746
-2697
-2652
-2826
-2995
-3003
-2740
-2429
-2313
-2278
-2171
-1902
-1855
-1409
-1016
-587
-470
-605
-269
52
706
1031
1189
1035
1009
1273
1655
2040
2097
2003
1712
1528
1587
1973
2013
1763
1205
782
841
853
721
365
-93
-338
-589
-873
-1055
-1338
-1528
-1805
-2051
-2283
-2549
-2693
-2736
-2803
-2940
-3059
-3218
-3278
-3206
-2938
-2782
-2822
-2933
-2934
-2597
-2244
-1804
-1579
-1586
-1466
-1284
-861
-228
310
877
978
625
790
1362
2431
3253
3258
2848
2524
2747
3649
4533
4646
4409
3818
3447
3695
4222
4760
4606
3671
2912
2746
3043
3345
2974
2309
1662
1216
1145
949
678
402
-58
-516
-984
-1283
-1326
-1495
-1779
-2033
-2312
-2494
-2621
-2830
-2837
-2725
-2646
-2703
-2968
-2943
-2661
-2370
-2190
-2082
-1967
-1853
-1480
-1196
-902
-557
-275
32
25
176
651
1165
1390
1499
1492
1429
1589
1927
2299
2218
2006
1838
1700
1595
1692
1844
1560
1060
580
488
452
266
108
-334
-809
-1123
-1305
-1397
-1654
-1847
-2119
-2540
-2767
-2807
-2714
-2854
-3068
-3244
-3344
-3198
-3042
-2929
-3009
-2996
-2845
-2720
-2448
-2138
-1789
-1671
-1606
-1351
-966
-605
-227
223
766
1092
935
977
1353
2262
3151
3405
3022
2567
2708
3508
4412
4673
4418
3784
3408
3529
4097
4686
4532
3672
2786
2632
3000
3244
2900
2172
1510
1145
1050
878
587
230
-190
-623
-1030
-1258
-1421
-1616
-1871
-2156
-2314
-2503
-2658
-2805
-2847
-2710
-2598
-2665
-2806
-2786
-2603
-2280
-2050
-1894
-1794
-1689
-1435
-968
-629
-446
-220
112
391
467
720
1029
1405
1620
1706
1676
1561
1754
2073
2256
2161
1942
1760
1613
1521
1604
1606
1263
763
383
229
176
42
-314
-841
-1266
-1367
-1417
-1666
-2047
-2356
-2485
-2638
-2733
-2875
-3071
-3214
-3273
-3195
-3130
-3013
-3073
-3160
-3145
-2824
-2367
-2210
-2150
-2097
-1794
-1370
-1063
-731
-507
-369
93
582
1266
1506
1278
1348
1697
2740
3561
3655
3083
2625
2924
3896
4779
4713
4187
3503
3313
3723
4234
4514
4132
3140
2495
2490
2836
3029
2460
1679
1024
746
787
615
224
-237
-697
-1049
-1330
-1534
-1676
-1906
-2130
-2314
-2468
-2612
-2729
-2797
-2772
-2620
-2503
-2541
-2665
-2615
-2321
-2009
-1782
-1619
-1490
-1350
-1127
-816
-460
-166
159
405
590
596
727
1131
1485
1901
1914
1780
1498
1418
1847
2304
2399
1928
1343
1030
1211
1447
1517
1131
411
-112
-321
-164
-165
-497
-1031
-1573
-1815
-1885
-1892
-2014
-2387
-2690
-2976
-2957
-2899
-3003
-3071
-3226
-3095
-3046
-2988
-2973
-2927
-2728
-2461
-2135
-1998
-1929
-1817
-1390
-957
-664
-381
-228
-19
346
894
1729
1854
1493
1432
1922
3064
3799
3741
3136
2665
2957
3987
4720
4654
4056
3410
3180
3481
4131
4419
3952
2771
2150
2337
2728
2841
2109
1267
795
658
753
453
-76
-416
-785
-1037
-1322
-1504
-1614
-1942
-2155
-2215
-2222
-2309
-2518
-2706
-2691
-2426
-2127
-2134
-2406
-2477
-2139
-1752
-1487
-1329
-1271
-1212
-1117
-771
-91
238
157
289
348
453
865
1322
1604
1562
1299
1373
1424
1380
1818
1980
1768
1359
961
1006
1052
1025
1007
590
4
-364
-524
-480
-571
-851
-1216
-1719
-2038
-2028
-2018
-2133
-2321
-2651
-2847
-2912
-2849
-2790
-2843
-2746
-2732
-2878
-2934
-2630
-2260
-2098
-2007
-1907
-1751
-1614
-1317
-839
-502
-409
-233
-80
168
676
1219
1970
1817
1329
1462
2061
3131
3770
3647
2973
2571
2808
3801
4532
4493
3996
3078
2762
3253
3992
4241
3584
2451
1978
2139
2453
2504
1830
1129
738
569
488
153
-227
-427
-769
-1060
-1238
-1439
-1599
-1901
-2000
-1907
-1937
-2096
-2408
-2540
-2386
-2072
-1828
-1908
-2127
-2199
-1960
-1587
-1300
-1044
-1049
-1138
-1103
-650
-121
109
196
175
353
384
665
939
1138
1356
1361
1290
993
968
1270
1624
1553
1302
869
496
544
701
907
611
-10
-553
-828
-717
-519
-627
-1212
-1865
-2092
-1961
-1826
-1953
-2286
-2577
-2734
-2655
-2524
-2469
-2556
-2615
-2555
-2547
-2356
-2127
-2029
-1952
-1871
-1596
-1319
-1205
-1035
-798
-474
-153
93
228
288
557
1032
1689
2106
1849
1502
1528
2315
3389
3839
3414
2578
2279
2867
4001
4480
4112
3232
2542
2617
3132
3750
3746
2965
1922
1570
1854
2218
2107
1470
877
348
245
256
60
-177
-533
-835
-1113
-1381
-1416
-1489
-1631
-1697
-1809
-1861
-2027
-2183
-2173
-2026
-1710
-1598
-1805
-2078
-2032
-1650
-1246
-996
-997
-1078
-1188
-964
-474
-80
195
190
81
-32
205
696
1043
1110
964
817
703
678
948
1243
1227
1023
544
258
281
500
713
390
-179
-572
-744
-674
-593
-740
-1090
-1571
-1775
-1720
-1744
-1803
-1911
-2113
-2295
-2326
-2237
-2142
-2167
-2190
-2123
-2104
-2030
-1835
-1689
-1564
-1492
-1361
-1165
-1036
-798
-627
-396
-113
119
265
231
374
813
1353
1941
1976
1450
1168
1555
2771
3682
3517
2603
1955
2142
3186
4184
4160
3401
2401
2115
2596
3361
3714
3205
2032
1261
1516
2040
2237
1688
943
474
227
290
360
94
-242
-608
-903
-1014
-1138
-1106
-1278
-1506
-1535
-1549
-1624
-1912
-2031
-1847
-1580
-1419
-1631
-1912
-1960
-1670
-1221
-1021
-1047
-1186
-1283
-1158
-698
-278
-12
-183
-406
-77
156
370
401
366
676
869
890
650
290
422
892
1233
1003
346
-47
25
336
533
396
-117
-739
-1011
-773
-489
-549
-1034
-1579
-1788
-1696
-1398
-1409
-1781
-2099
-2130
-1919
-1789
-1778
-1886
-1989
-1919
-1732
-1491
-1413
-1464
-1441
-1325
-1012
-719
-670
-678
-596
-275
150
284
363
339
428
923
1497
2061
1781
1135
1118
1866
2990
3484
3015
2108
1735
2263
3523
4056
3524
2705
2088
2201
2725
3311
3364
2598
1529
1183
1626
2097
2032
1313
536
198
312
530
306
-218
-563
-780
-866
-953
-1008
-1218
-1534
-1624
-1558
-1493
-1680
-1909
-1960
-1885
-1626
-1526
-1759
-1971
-1970
-1602
-1259
-1212
-1255
-1392
-1379
-1068
-677
-381
-380
-488
-245
217
400
112
-102
191
976
1438
1234
458
-196
206
1105
1778
1407
444
-216
-233
311
916
981
211
-768
-1179
-692
-87
-62
-716
-1505
-1780
-1443
-1069
-1231
-1646
-1970
-1893
-1718
-1661
-1678
-1862
-1937
-1773
-1555
-1416
-1414
-1530
-1570
-1374
-870
-562
-632
-937
-856
-274
184
384
281
166
318
759
1466
2042
1630
1131
1079
1726
2949
3420
2987
2004
1621
2434
3606
3872
3370
2648
2167
2292
2729
3248
3211
2415
1543
1420
1772
2044
1812
1076
558
450
565
524
-50
-476
-530
-576
-635
-978
-1276
-1515
-1621
-1502
-1477
-1569
-1829
-2085
-2170
-1982
-1632
-1597
-1903
-2158
-2061
-1659
-1386
-1345
-1450
-1469
-1353
-1078
-793
-521
-285
-538
-464
-11
231
307
144
298
738
927
917
661
347
478
1063
1454
1107
453
194
401
624
743
713
258
-427
-683
-356
33
-93
-729
-1258
-1464
-1233
-926
-1145
-1545
-1803
-1773
-1556
-1531
-1613
-1742
-1867
-1743
-1548
-1421
-1336
-1451
-1564
-1434
-1083
-694
-720
-920
-828
-393
-62
62
180
179
505
793
1404
1740
1315
1145
1296
2152
3002
3189
2628
1913
1859
2805
3825
3816
3226
2457
2229
2532
3099
3478
3175
2280
1540
1604
1995
2294
1895
1052
538
442
658
544
-20
-381
-571
-711
-889
-1096
-1222
-1495
-1738
-1804
-1729
-1741
-2000
-2272
-2386
-2202
-1891
-1892
-2221
-2424
-2208
-1821
-1689
-1767
-1730
-1582
-1454
-1220
-918
-714
-602
-575
-277
-130
-11
240
279
496
754
1045
881
450
489
1056
1497
1341
890
566
580
756
1059
1015
583
67
-143
-24
73
90
-271
-768
-1032
-944
-742
-947
-1330
-1543
-1487
-1352
-1386
-1572
-1805
-1835
-1636
-1474
-1471
-1503
-1639
-1683
-1544
-1163
-855
-995
-1154
-1138
-726
-205
-83
-102
-137
-12
537
1111
1579
1435
1002
1020
1542
2600
3276
3014
2144
1688
2200
3383
4001
3636
2816
2173
2329
2897
3502
3517
2851
1855
1471
1928
2400
2354
1532
817
618
709
782
387
-160
-420
-551
-624
-873
-1173
-1413
-1693
-1738
-1687
-1711
-1987
-2359
-2525
-2413
-2076
-1934
-2249
-2682
-2669
-2163
-1782
-1861
-2010
-1924
-1803
-1575
-1108
-970
-850
-926
-701
14
-60
-39
-106
23
675
1142
1244
655
55
378
1384
1814
1530
802
340
362
829
1409
1338
640
-222
-343
1
412
429
-271
-935
-1161
-861
-509
-807
-1283
-1560
-1526
-1300
-1293
-1485
-1764
-1822
-1638
-1482
-1369
-1357
-1622
-1882
-1614
-1016
-695
-896
-1254
-1085
-647
-299
12
21
-115
113
619
1420
1510
1004
891
1167
2177
3074
3170
2400
1655
1844
3088
4156
3981
3199
2294
2157
2859
3650
3921
3241
2094
1582
1926
2544
2768
2021
1086
698
779
1062
812
184
-185
-442
-537
-639
-922
-1204
-1565
-1675
-1604
-1691
-1909
-2303
-2524
-2438
-2191
-1949
-2233
-2702
-2816
-2446
-1959
-1883
-2046
-2121
-2146
-1880
-1471
-1110
-1083
-1083
-799
-733
-214
-282
-236
-49
293
956
887
580
91
341
915
1710
1666
871
233
236
947
1338
1274
681
-7
-446
-49
559
617
-131
-975
-1077
-807
-464
-476
-991
-1499
-1612
-1311
-954
-1122
-1490
-1719
-1704
-1509
-1218
-1142
-1287
-1536
-1664
-1204
-836
-684
-902
-1046
-743
-419
-116
-104
-72
188
545
1188
1240
876
825
1093
2090
2834
2876
2308
1667
1750
2790
3901
4045
3255
2228
2017
2673
3673
4007
3388
2168
1571
1966
2569
2877
2239
1339
790
734
1079
1083
574
5
-410
-485
-493
-704
-944
-1373
-1612
-1565
-1609
-1766
-2124
-2374
-2313
-2222
-2062
-2153
-2544
-2766
-2612
-2121
-1882
-2045
-2245
-2373
-2157
-1633
-1285
-1176
-1389
-1341
-622
-324
-409
-617
-580
86
759
1101
775
-39
-342
521
1599
1988
1345
318
-62
288
1224
1850
1311
16
-763
-445
481
842
256
-640
-1230
-1034
-460
-308
-704
-1359
-1627
-1323
-984
-906
-1275
-1693
-1741
-1456
-1109
-973
-1133
-1473
-1631
-1268
-696
-545
-775
-1048
-780
-388
-135
73
2
129
395
1066
1441
1041
761
953
1849
2722
3003
2515
1752
1557
2483
3763
4128
3478
2413
1945
2357
3406
4060
3643
2354
1435
1744
2466
2887
2450
1443
714
582
1025
1232
742
87
-426
-613
-570
-517
-702
-1226
-1662
-1738
-1609
-1653
-1949
-2256
-2414
-2284
-2070
-2109
-2407
-2735
-2608
-2241
-1978
-1973
-2219
-2330
-2290
-1805
-1307
-1121
-1178
-1474
-1319
-908
-326
74
-70
-241
-207
130
546
759
690
542
575
814
983
863
694
759
812
760
720
523
292
124
127
321
127
-275
-565
-673
-555
-483
-578
-924
-1232
-1266
-1078
-957
-1059
-1229
-1333
-1455
-1371
-1125
-942
-954
-1201
-1246
-1096
-793
-587
-555
-540
-501
-404
-164
-43
236
610
828
1202
927
763
978
1545
2438
2758
2503
1899
1654
2026
3125
3807
3563
2758
1989
2114
2861
3576
3656
2892
1758
1496
1956
2542
2579
1802
1093
678
680
966
862
415
-88
-534
-630
-672
-760
-945
-1348
-1609
-1670
-1720
-1852
-2061
-2202
-2195
-2113
-2108
-2275
-2511
-2584
-2302
-2007
-1907
-2086
-2287
-2306
-2007
-1371
-1130
-1055
-1240
-1392
-1031
-689
-97
230
55
-72
-123
131
518
807
904
825
730
615
663
752
890
1062
795
499
296
158
220
193
220
64
-387
-658
-642
-570
-479
-621
-890
-1134
-1303
-1116
-942
-1013
-1183
-1364
-1401
-1319
-1196
-1037
-1030
-1143
-1141
-1032
-874
-731
-621
-489
-387
-267
-164
-145
58
450
1001
1414
1018
659
794
1507
2536
2899
2575
1840
1534
2043
3209
3897
3621
2843
2071
2109
2804
3614
3772
2958
1828
1493
1907
2468
2524
1820
1093
637
621
824
770
391
-106
-561
-753
-767
-845
-1058
-1444
-1621
-1706
-1843
-2012
-2275
-2343
-2297
-2194
-2166
-2424
-2700
-2751
-2481
-2104
-1967
-2054
-2293
-2350
-1986
-1491
-1075
-1070
-1002
-1023
-1061
-720
-247
296
364
305
147
171
447
918
1273
1122
968
845
790
826
1083
1290
1161
641
369
403
411
439
300
95
-202
-442
-460
-533
-630
-598
-784
-1103
-1367
-1291
-1079
-1117
-1308
-1439
-1513
-1537
-1371
-1245
-1155
-1263
-1279
-1241
-1129
-891
-727
-565
-590
-546
-283
-167
-40
318
744
1351
1150
657
713
1308
2535
3085
2694
1927
1594
2111
3132
3828
3727
3050
2328
2179
2725
3486
3759
3261
2100
1578
1859
2374
2562
1919
1245
796
566
645
594
379
-10
-547
-833
-999
-1020
-1118
-1472
-1737
-1865
-1923
-2074
-2347
-2496
-2393
-2269
-2248
-2451
-2695
-2724
-2606
-2335
-2013
-1967
-2089
-2273
-2261
-1675
-1186
-743
-567
-864
-1253
-1102
-207
744
1118
694
62
-300
180
1335
2100
1784
945
352
474
1089
1758
1974
1246
275
-8
484
901
812
278
-254
-549
-467
-282
-467
-826
-1023
-993
-1117
-1277
-1414
-1451
-1520
-1493
-1338
-1473
-1702
-1844
-1688
-1400
-1118
-1066
-1313
-1494
-1334
-798
-402
-320
-400
-464
-386
-157
440
1004
1487
1377
685
616
1284
2640
3371
2913
2054
1689
2172
3172
4009
3939
3276
2496
2373
2841
3477
3809
3412
2429
1729
1912
2303
2427
1942
1324
924
605
505
424
243
-3
-447
-898
-1192
-1289
-1248
-1480
-1809
-2046
-2178
-2276
-2485
-2587
-2498
-2458
-2529
-2670
-2753
-2705
-2600
-2429
-2216
-2030
-2102
-2104
-2037
-1682
-1084
-900
-842
-894
-844
-454
6
324
478
460
455
634
826
1068
1318
1304
1216
1122
1091
1254
1283
1227
1119
888
760
669
511
392
183
48
-18
-257
-500
-695
-856
-890
-956
-1126
-1355
-1486
-1499
-1471
-1498
-1633
-1627
-1693
-1700
-1597
-1521
-1360
-1356
-1291
-1226
-1090
-917
-767
-533
-382
-175
-34
-32
154
581
1254
1769
1280
824
984
1949
3128
3279
2671
1924
1845
2636
3747
4043
3594
2787
2338
2564
3092
3662
3587
2754
1755
1639
2065
2389
2157
1392
800
460
413
496
250
-119
-555
-994
-1164
-1298
-1283
-1502
-1940
-2118
-2169
-2174
-2319
-2555
-2630
-2586
-2501
-2483
-2621
-2726
-2682
-2458
-2201
-1945
-1976
-2058
-2040
-1849
-1251
-695
-354
-663
-973
-864
-176
691
1047
923
434
146
435
1258
1900
1929
1285
808
687
1081
1709
1838
1397
566
231
511
850
757
289
-253
-455
-433
-407
-526
-850
-1170
-1297
-1293
-1322
-1458
-1684
-1768
-1748
-1665
-1671
-1722
-1882
-1897
-1702
-1348
-1217
-1422
-1466
-1356
-964
-633
-401
-288
-344
-306
-72
357
900
1326
1637
1338
905
1187
2074
3201
3422
2843
2174
2118
2786
3819
4217
3803
3148
2622
2756
3132
3653
3717
3050
2070
1692
1968
2216
2143
1589
1025
531
282
298
203
-87
-416
-823
-1197
-1442
-1491
-1486
-1771
-2058
-2203
-2311
-2475
-2667
-2662
-2545
-2486
-2532
-2716
-2825
-2718
-2452
-2221
-2127
-1996
-2164
-2041
-1782
-1362
-825
-999
-920
-822
-486
-9
228
333
348
482
671
972
931
1060
1206
1179
1171
1097
1092
1123
1071
1007
943
661
554
490
337
204
-36
-172
-339
-612
-604
-643
-890
-1121
-1320
-1311
-1245
-1290
-1398
-1548
-1758
-1662
-1470
-1378
-1416
-1556
-1473
-1379
-1180
-967
-878
-898
-814
-602
-263
46
68
134
79
487
1096
1662
1885
1250
984
1318
2397
3384
3302
2542
1915
2082
3022
3979
3989
3391
2640
2329
2669
3181
3564
3315
2387
1554
1493
1925
2190
1799
1019
508
292
331
340
0
-418
-808
-1066
-1147
-1266
-1408
-1688
-1995
-2054
-2034
-2092
-2319
-2549
-2548
-2410
-2246
-2277
-2489
-2625
-2543
-2177
-1868
-1765
-1895
-2071
-1845
-1508
-1074
-798
-936
-795
-268
-11
-163
-443
-190
681
1288
1264
690
43
79
938
1727
1876
1118
308
53
370
1145
1525
1022
-24
-622
-410
260
407
-62
-717
-1187
-1021
-681
-677
-1035
-1471
-1520
-1312
-1161
-1164
-1445
-1674
-1625
-1334
-1069
-1082
-1257
-1419
-1377
-973
-542
-502
-629
-715
-387
-11
149
378
376
519
817
1399
1912
1541
1129
1319
2145
3089
3248
2662
2035
1930
2778
3833
3929
3332
2527
2230
2557
3088
3490
3216
2312
1464
1501
1982
2240
1871
999
455
344
500
489
68
-439
-755
-921
-1019
-1093
-1308
-1666
-1965
-1945
-1835
-1968
-2296
-2549
-2516
-2348
-2192
-2210
-2463
-2626
-2534
-2159
-1910
-1827
-1970
-2015
-1796
-1536
-889
-870
-953
-993
-816
-224
76
171
34
99
245
619
731
777
777
715
767
771
897
859
720
619
630
554
396
272
188
110
-56
-245
-340
-506
-557
-574
-715
-923
-1134
-1150
-1081
-1037
-1133
-1197
-1306
-1352
-1235
-1155
-1097
-1087
-1072
-1021
-924
-823
-690
-652
-459
-269
-130
21
-48
162
332
670
1053
1233
1498
1313
1147
1365
1938
2694
2969
2557
2049
1963
2359
3218
3593
3314
2724
2147
2224
2685
3154
3168
2517
1619
1308
1628
1962
1931
1274
662
338
256
408
257
-100
-483
-839
-963
-1066
-1145
-1295
-1616
-1813
-1855
-1869
-2032
-2249
-2288
-2206
-2121
-2117
-2248
-2395
-2446
-2208
-1883
-1698
-1810
-2030
-1949
-1718
-1108
-754
-698
-947
-1255
-871
-262
360
462
179
-159
-169
284
884
1201
917
493
319
475
756
977
896
571
204
60
217
332
227
-14
-312
-461
-527
-540
-515
-657
-816
-998
-1126
-1141
-1073
-1029
-1033
-1123
-1266
-1270
-1197
-1056
-925
-880
-879
-879
-944
-744
-499
-306
-145
-230
-66
-7
211
434
675
1013
1254
1547
1273
1095
1302
2000
2783
2866
2421
1900
1796
2378
3242
3612
3294
2468
1933
2015
2642
3314
3244
2364
1343
1118
1631
2075
1950
1305
628
265
221
371
383
107
-407
-899
-1127
-1107
-981
-1139
-1551
-1839
-1936
-1907
-1956
-2121
-2181
-2213
-2172
-2144
-2224
-2287
-2314
-2176
-1947
-1793
-1755
-1883
-1979
-1648
-1051
-670
-756
-1052
-1140
-703
-51
379
382
-45
-208
2
524
987
971
674
333
301
699
1051
1000
656
257
191
384
520
411
76
-226
-288
-242
-230
-330
-582
-762
-867
-802
-753
-925
-1094
-1146
-1075
-1010
-1038
-1176
-1192
-1147
-999
-793
-827
-822
-921
-814
-559
-383
-135
-140
-154
-147
69
370
719
975
1202
1344
1019
1029
1360
2104
2711
2624
2163
1767
1866
2515
3270
3394
3053
2389
2000
2157
2719
3283
3053
2121
1334
1325
1777
2004
1672
1059
580
339
306
316
145
-89
-496
-906
-1096
-1134
-1116
-1362
-1735
-1881
-1825
-1877
-2089
-2354
-2370
-2216
-2075
-2080
-2260
-2398
-2411
-2228
-1954
-1675
-1580
-1662
-1905
-1704
-1034
-545
-459
-794
-974
-599
21
445
493
195
84
278
643
978
1110
956
698
609
765
1029
1026
802
520
397
471
494
297
30
-168
-154
-142
-344
-573
-743
-861
-899
-876
-912
-1076
-1310
-1392
-1292
-1168
-1128
-1207
-1348
-1393
-1234
-964
-834
-825
-900
-875
-737
-532
-242
-60
-20
-60
43
228
659
1086
1464
1428
951
953
1430
2362
2929
2717
2105
1688
1972
2783
3460
3467
2969
2277
2018
2314
2949
3325
2908
1955
1324
1479
1868
1959
1527
907
541
340
255
196
10
-186
-571
-1015
-1239
-1211
-1152
-1447
-1822
-1953
-1933
-1997
-2229
-2411
-2329
-2204
-2147
-2255
-2438
-2382
-2292
-2133
-1961
-1781
-1563
-1760
-1979
-1602
-922
-367
-402
-976
-1144
-585
345
993
725
88
-117
199
940
1494
1517
1059
415
347
907
1499
1521
943
265
143
531
848
647
16
-415
-360
-171
-198
-428
-827
-1047
-1059
-968
-839
-1031
-1339
-1564
-1530
-1220
-1084
-1198
-1500
-1595
-1369
-1119
-930
-974
-1008
-966
-863
-579
-312
-149
-141
-167
-63
339
780
1207
1362
951
834
1179
1994
2750
2748
2238
1843
1950
2642
3462
3580
3217
2580
2232
2467
2967
3421
3229
2397
1639
1595
1963
2175
1845
1207
750
508
400
274
47
-151
-387
-772
-1175
-1403
-1355
-1376
-1640
-1870
-1994
-2137
-2339
-2482
-2371
-2209
-2173
-2336
-2556
-2537
-2351
-2113
-1976
-1979
-1794
-1655
-1776
-1613
-1243
-757
-483
-640
-731
-548
-102
449
680
511
432
541
802
1048
1168
1268
1163
925
917
1102
1204
1123
814
577
550
560
469
196
-76
-154
-201
-361
-567
-750
-866
-1032
-1150
-1136
-1151
-1246
-1438
-1594
-1578
-1485
-1382
-1352
-1487
-1507
-1401
-1296
-1108
-1024
-880
-819
-832
-705
-424
-124
61
104
68
369
720
1353
1604
1241
1044
1236
2161
2951
3009
2439
1937
2020
2827
3681
3782
3347
2616
2256
2479
3123
3615
3307
2274
1469
1590
2079
2258
1764
1011
536
369
402
324
15
-321
-647
-1001
-1227
-1290
-1277
-1552
-1971
-2052
-2004
-2030
-2333
-2638
-2570
-2402
-2221
-2292
-2568
-2634
-2523
-2299
-2087
-1993
-1736
-1707
-1997
-1778
-1350
-763
-456
-709
-837
-715
-219
424
668
458
367
466
721
1020
1207
1282
1106
892
928
1072
1117
1080
892
691
570
473
356
153
-26
-8
-116
-406
-688
-843
-790
-885
-1020
-1123
-1262
-1297
-1390
-1489
-1417
-1378
-1294
-1324
-1509
-1436
-1311
-1094
-994
-1008
-878
-802
-718
-567
-292
-43
117
59
44
459
902
1495
1597
1059
952
1332
2274
3048
2943
2373
1945
2007
2886
3710
3761
3295
2483
2257
2550
3172
3615
3181
2170
1448
1626
2128
2261
1713
976
615
450
430
322
-18
-252
-594
-944
-1126
-1264
-1301
-1537
-1822
-1870
-1890
-1989
-2264
-2476
-2401
-2251
-2128
-2240
-2474
-2503
-2341
-2132
-2006
-1937
-1708
-1644
-1812
-1679
-1241
-682
-604
-880
-945
-644
-33
415
403
128
22
333
824
989
939
791
657
663
764
956
964
714
437
330
400
450
288
-60
-306
-289
-277
-449
-718
-847
-841
-927
-1068
-1153
-1180
-1143
-1229
-1354
-1366
-1338
-1176
-1139
-1231
-1201
-1117
-995
-915
-803
-611
-545
-525
-458
-165
88
225
222
275
628
1057
1644
1535
1123
1070
1586
2563
2991
2736
2163
1898
2207
3086
3675
3600
3000
2324
2229
2604
3284
3517
2932
1879
1332
1635
2124
2192
1589
881
488
364
428
337
46
-253
-650
-943
-1088
-1129
-1186
-1533
-1823
-1824
-1788
-1915
-2271
-2432
-2311
-2163
-2060
-2223
-2415
-2512
-2390
-2121
-1924
-1755
-1735
-1821
-1937
-1621
-1021
-745
-777
-992
-919
-510
-36
254
167
-40
6
463
767
788
699
579
592
701
880
869
653
387
409
548
513
351
21
-207
-229
-97
-126
-446
-784
-886
-781
-798
-922
-1078
-1241
-1224
-1191
-1179
-1199
-1285
-1226
-1178
-1178
-1027
-900
-915
-916
-850
-549
-387
-382
-283
-154
55
239
290
465
735
1209
1644
1242
935
1184
1997
2849
2835
2305
1882
1909
2569
3390
3578
3286
2631
2205
2309
2853
3446
3368
2467
1527
1500
1941
2224
1907
1213
739
483
402
385
188
-38
-380
-798
-1034
-1124
-1056
-1211
-1596
-1773
-1771
-1776
-2012
-2339
-2305
-2167
-2043
-2107
-2339
-2358
-2331
-2186
-2029
-1848
-1672
-1736
-1894
-1846
-1369
-853
-679
-874
-1035
-888
-422
95
320
201
-3
58
349
759
927
818
586
428
611
805
816
706
420
328
362
348
270
-34
-189
-195
-209
-369
-622
-780
-843
-869
-907
-985
-1149
-1266
-1241
-1197
-1171
-1238
-1261
-1173
-1185
-1120
-1035
-923
-868
-881
-783
-586
-442
-328
-240
-155
66
161
345
549
903
1499
1548
1136
946
1417
2429
3065
2778
2119
1760
2059
2982
3610
3544
3073
2444
2199
2473
3103
3572
3126
2031
1393
1608
2140
2233
1639
991
602
474
477
331
108
-120
-487
-893
-1080
-1085
-1043
-1336
-1702
-1773
-1768
-1829
-2128
-2311
-2178
-2057
-2050
-2215
-2354
-2318
-2199
-2086
-1958
-1814
-1539
-1433
-1901
-1882
-1341
-618
-305
-718
-1016
-928
-398
274
622
292
-15
-84
285
773
988
1031
596
162
270
765
1024
804
288
75
132
294
329
27
-307
-419
-406
-439
-570
-764
-888
-1013
-1028
-969
-1032
-1174
-1343
-1413
-1293
-1158
-1073
-1172
-1343
-1286
-1060
-873
-765
-796
-729
-616
-497
-203
-90
42
82
169
488
885
1374
1415
1038
899
1386
2345
2958
2675
2044
1741
2172
3024
3549
3448
2909
2428
2337
2691
3217
3397
2919
2076
1573
1812
2209
2164
1579
924
671
620
582
333
-13
-258
-511
-743
-952
-1158
-1281
-1464
-1659
-1697
-1793
-2001
-2286
-2400
-2207
-2045
-2081
-2256
-2430
-2413
-2225
-1981
-1853
-1778
-1792
-1667
-1491
-1494
-1306
-1012
-644
-480
-498
-551
-386
-33
325
611
487
368
396
622
952
1126
1087
829
575
630
917
1010
816
513
250
168
180
133
20
-246
-474
-605
-712
-807
-892
-987
-1148
-1300
-1336
-1364
-1373
-1425
-1534
-1478
-1443
-1303
-1325
-1390
-1290
-1176
-970
-936
-867
-725
-592
-437
-353
-227
-25
185
484
735
1085
1230
1065
1094
1452
2256
2804
2673
2178
1890
2284
3129
3681
3583
3058
2622
2583
2880
3394
3594
3186
2305
1768
1975
2365
2357
1774
1110
749
609
560
422
84
-225
-540
-834
-1052
-1254
-1399
-1593
-1792
-1877
-1990
-2230
-2434
-2511
-2373
-2225
-2320
-2480
-2589
-2535
-2333
-2138
-2012
-1992
-2017
-1875
-1599
-1405
-1281
-937
-453
-584
-734
-673
-280
516
915
925
383
-100
273
1261
1774
1628
1061
528
428
801
1566
1739
1018
149
-68
234
629
609
130
-480
-847
-706
-486
-620
-914
-1195
-1393
-1375
-1383
-1369
-1514
-1691
-1675
-1653
-1555
-1502
-1564
-1642
-1570
-1281
-1019
-1095
-1185
-1036
-718
-432
-304
-265
-231
51
436
981
1220
996
858
1089
1815
2637
2889
2415
1958
1998
2749
3629
3826
3500
2925
2569
2800
3340
3782
3614
2761
2065
2024
2390
2564
2156
1485
1037
804
756
596
254
-41
-424
-694
-879
-1064
-1303
-1665
-1886
-1855
-1784
-2012
-2427
-2659
-2508
-2245
-2203
-2381
-2589
-2635
-2447
-2234
-1946
-1740
-2019
-2098
-1910
-1297
-736
-745
-999
-1166
-759
-73
465
373
100
102
511
967
1110
1086
999
899
1011
1294
1378
1215
866
752
841
957
917
566
93
-62
28
74
-171
-620
-839
-954
-1015
-1066
-1191
-1330
-1592
-1806
-1753
-1618
-1580
-1773
-1995
-1902
-1721
-1537
-1538
-1662
-1512
-1347
-1097
-1003
-913
-705
-553
-471
-307
-42
303
660
796
1101
1067
1115
1429
1890
2582
2844
2650
2295
2250
2723
3480
3802
3602
3178
2824
2778
3131
3613
3684
3073
2188
1882
2146
2455
2260
1598
976
649
532
481
276
-2
-378
-904
-1173
-1205
-1204
-1435
-1866
-2118
-2111
-2105
-2233
-2447
-2551
-2441
-2372
-2443
-2551
-2527
-2331
-2190
-2085
-2009
-1919
-1842
-1639
-1469
-1154
-866
-504
-99
-685
-714
-316
450
1166
1029
688
251
244
833
1765
1848
1510
892
543
727
1175
1740
1499
581
-48
115
480
592
205
-268
-616
-787
-722
-645
-884
-1202
-1474
-1558
-1433
-1491
-1610
-1886
-1997
-1812
-1689
-1649
-1714
-1836
-1840
-1655
-1362
-1112
-1115
-1194
-1107
-868
-533
-272
-95
-75
85
427
1024
1266
945
844
1220
2198
2881
2746
2121
1901
2353
3198
3763
3650
3288
2791
2718
3059
3541
3827
3370
2492
2000
2238
2661
2579
1922
1244
987
884
785
547
217
-107
-526
-803
-980
-1085
-1282
-1628
-1871
-1878
-1844
-2104
-2464
-2540
-2290
-2122
-2244
-2467
-2538
-2427
-2187
-2035
-1834
-1765
-1847
-1908
-1728
-1083
-708
-606
-829
-892
-567
-50
367
492
386
225
432
673
1014
1197
1084
848
775
936
1169
1161
879
685
575
568
510
319
114
-60
-264
-354
-533
-689
-822
-1040
-1138
-1233
-1368
-1528
-1711
-1765
-1656
-1603
-1701
-1942
-1974
-1832
-1605
-1471
-1531
-1507
-1498
-1277
-983
-809
-673
-622
-551
-411
-104
212
579
777
993
1179
1000
1127
1542
2231
2871
2797
2300
2038
2311
3192
3816
3688
3284
2854
2775
3006
3434
3803
3494
2587
1926
2005
2483
2591
2064
1312
841
657
625
602
359
-30
-538
-970
-1131
-1043
-1036
-1343
-1791
-2063
-2054
-2068
-2159
-2230
-2249
-2263
-2341
-2420
-2360
-2273
-2153
-2012
-1979
-1950
-1828
-1744
-1583
-1266
-1023
-768
-751
-813
-612
-278
76
377
396
326
417
543
777
915
958
973
901
844
897
863
806
753
604
504
369
242
114
-116
-252
-277
-446
-655
-889
-1010
-994
-1107
-1274
-1464
-1633
-1586
-1515
-1527
-1659
-1845
-1822
-1628
-1435
-1395
-1497
-1582
-1431
-1124
-794
-690
-749
-776
-629
-278
95
321
433
490
743
1230
1294
1264
1306
1781
2538
2756
2487
2133
2137
2656
3397
3654
3451
2949
2570
2719
3171
3637
3594
2820
2010
1877
2274
2577
2293
1591
977
684
696
766
586
190
-334
-791
-940
-914
-907
-1186
-1641
-1880
-1902
-1906
-2018
-2173
-2229
-2237
-2273
-2306
-2331
-2288
-2188
-2123
-1995
-1888
-1859
-1821
-1681
-1396
-1104
-1027
-701
-251
-579
-779
-606
29
887
963
542
45
-154
401
1322
1534
1223
612
219
318
754
1348
1289
371
-450
-331
210
473
74
-559
-941
-989
-739
-626
-889
-1278
-1574
-1549
-1381
-1337
-1450
-1752
-1877
-1815
-1598
-1417
-1524
-1686
-1716
-1484
-1146
-980
-1044
-1039
-892
-645
-361
-244
-77
41
293
654
1052
1344
1255
1119
1264
2018
2844
3053
2448
1900
2151
3014
3856
3838
3302
2806
2683
3019
3495
3790
3562
2711
1975
2073
2597
2748
2186
1386
952
857
885
799
490
48
-402
-727
-835
-862
-1020
-1321
-1726
-1924
-1875
-1982
-2185
-2345
-2327
-2225
-2322
-2472
-2488
-2383
-2179
-2065
-2069
-1864
-1992
-1930
-1631
-1326
-822
-842
-1055
-1051
-778
-254
274
273
218
118
155
499
769
991
1008
731
543
677
856
1064
883
603
440
345
345
363
224
69
-186
-447
-501
-631
-649
-805
-1004
-1136
-1302
-1385
-1439
-1513
-1525
-1542
-1613
-1763
-1851
-1701
-1467
-1388
-1519
-1569
-1437
-1166
-971
-867
-774
-641
-488
-423
-241
37
430
674
771
1045
1074
1121
1370
1780
2509
2802
2450
2092
2070
2677
3431
3651
3384
2913
2683
2761
3144
3548
3523
2934
2108
1892
2252
2542
2353
1621
1001
782
745
744
529
181
-202
-611
-869
-960
-1001
-1185
-1551
-1825
-1865
-1917
-2105
-2276
-2265
-2105
-2149
-2353
-2430
-2368
-2203
-2007
-1887
-1853
-1928
-1860
-1661
-1317
-1021
-822
-347
-673
-948
-744
-184
724
917
549
70
-69
303
1180
1508
1348
862
397
396
740
1346
1483
895
79
-95
172
507
481
-19
-480
-774
-772
-570
-710
-869
-1178
-1463
-1448
-1530
-1413
-1502
-1719
-1758
-1839
-1790
-1692
-1659
-1676
-1726
-1606
-1374
-1258
-1200
-1108
-1008
-801
-594
-392
-217
-169
72
458
969
1231
982
833
1165
2056
2869
2823
2222
1901
2251
3126
3732
3708
3337
2852
2717
3009
3549
3907
3558
2643
2053
2261
2711
2727
2123
1436
1068
916
866
757
462
27
-499
-790
-849
-905
-1121
-1573
-1868
-1886
-1872
-2068
-2374
-2502
-2410
-2363
-2397
-2454
-2513
-2436
-2354
-2187
-1888
-1900
-1922
-1911
-1650
-1066
-832
-828
-1003
-848
-333
119
280
232
203
326
632
899
1127
1137
971
844
978
1217
1344
1157
844
757
786
825
662
426
327
142
-71
-221
-383
-436
-606
-831
-1012
-1241
-1304
-1377
-1557
-1697
-1736
-1689
-1775
-1987
-2054
-1865
-1718
-1704
-1794
-1809
-1568
-1394
-1280
-1231
-1096
-840
-720
-652
-433
-134
207
408
648
985
1007
1037
1129
1718
2540
2789
2432
1967
2103
2838
3578
3730
3408
3040
2817
2941
3366
3730
3693
2955
2176
2089
2505
2796
2393
1615
1103
926
921
889
626
199
-341
-769
-931
-921
-943
-1315
-1868
-2118
-1978
-1918
-2122
-2470
-2562
-2412
-2367
-2417
-2506
-2412
-2283
-2072
-2003
-2069
-1971
-1796
-1386
-1066
-968
-984
-979
-684
-205
118
233
177
177
433
800
1066
1050
856
802
1013
1246
1312
1065
768
713
844
988
888
516
207
79
98
169
-58
-449
-767
-885
-793
-825
-1065
-1404
-1701
-1725
-1530
-1435
-1627
-1936
-2147
-2044
-1700
-1544
-1585
-1879
-1976
-1670
-1282
-971
-1019
-1139
-1130
-831
-434
-115
18
40
240
658
1153
1253
1077
1081
1644
2442
2847
2554
2076
2044
2610
3445
3794
3575
2997
2567
2699
3310
3875
3732
2828
1974
1946
2496
2784
2362
1546
956
784
813
871
658
166
-396
-825
-867
-744
-896
-1313
-1810
-2007
-1830
-1835
-2084
-2382
-2482
-2340
-2277
-2332
-2348
-2356
-2358
-2226
-2022
-1784
-1757
-1864
-1723
-1355
-635
-156
-685
-1371
-1191
-91
1092
1214
468
-287
-394
491
1700
2080
1479
536
86
569
1314
1912
1667
561
-143
65
787
1062
565
-113
-527
-555
-326
-263
-553
-959
-1200
-1246
-1220
-1273
-1496
-1739
-1792
-1631
-1578
-1817
-2030
-2017
-1726
-1517
-1507
-1578
-1667
-1511
-1203
-908
-770
-769
-751
-568
-371
6
465
799
919
659
566
1033
1931
2534
2491
2009
1763
2121
2774
3375
3476
3232
2919
2692
2793
3253
3694
3564
2790
2153
2209
2539
2569
2196
1764
1416
1037
730
631
673
531
13
-634
-955
-933
-891
-1099
-1466
-1695
-1884
-2047
-2152
-2132
-2037
-2131
-2338
-2464
-2387
-2206
-2070
-2028
-1896
-1857
-1985
-1899
-1569
-1021
-746
-874
-1051
-953
-472
78
297
194
117
229
501
721
886
903
766
711
881
1107
1001
765
681
680
738
663
468
258
41
-7
7
-138
-422
-688
-801
-838
-897
-1020
-1257
-1496
-1640
-1588
-1470
-1514
-1698
-1975
-2036
-1835
-1554
-1411
-1570
-1781
-1732
-1371
-1008
-840
-892
-930
-823
-580
-179
138
284
331
539
917
1121
1138
1235
1605
2234
2641
2458
2058
1955
2514
3292
3584
3348
2873
2574
2659
3126
3629
3583
2829
2017
1943
2427
2717
2408
1628
1053
876
874
895
695
386
-78
-591
-759
-711
-673
-965
-1484
-1691
-1654
-1642
-1831
-2083
-2162
-2091
-2032
-2118
-2221
-2230
-2118
-1948
-1696
-1602
-1769
-1929
-1765
-1175
-553
-614
-1094
-1206
-819
-73
324
295
-5
-166
53
576
1006
916
573
293
468
895
1107
834
349
176
449
673
533
147
-218
-294
-197
-105
-278
-726
-1034
-1014
-839
-840
-1173
-1530
-1663
-1556
-1341
-1363
-1606
-1870
-1970
-1703
-1390
-1295
-1449
-1696
-1609
-1215
-843
-716
-854
-944
-796
-448
-62
125
208
317
619
953
1024
1041
1230
1734
2275
2448
2253
2019
2073
2517
3118
3425
3299
2825
2428
2557
3163
3691
3499
2697
1985
1978
2418
2676
2424
1741
1133
833
876
1015
918
546
-59
-556
-645
-493
-526
-897
-1316
-1522
-1495
-1531
-1704
-1888
-2021
-1989
-1951
-1955
-2008
-2132
-2120
-1957
-1641
-1517
-1755
-1931
-1678
-1048
-729
-842
-1153
-1137
-652
-162
22
-98
-171
-65
138
354
618
638
410
218
400
802
867
518
134
146
416
561
360
-26
-218
-218
-194
-244
-451
-665
-889
-989
-972
-993
-1141
-1429
-1616
-1622
-1449
-1366
-1518
-1809
-1891
-1646
-1356
-1291
-1417
-1522
-1459
-1188
-918
-710
-679
-728
-692
-489
-119
270
468
514
736
947
993
1069
1385
1980
2452
2394
2077
1914
2213
2896
3333
3338
3030
2724
2650
2809
3234
3600
3304
2499
1990
2146
2554
2563
2071
1509
1144
964
931
855
704
378
-147
-556
-656
-555
-595
-1012
-1448
-1536
-1486
-1559
-1809
-1999
-1976
-1947
-1992
-2054
-2099
-2096
-2048
-1945
-1807
-1717
-1706
-1716
-1605
-1282
-840
-365
-754
-1240
-1093
-477
497
698
296
-258
-479
-30
901
1296
1027
449
-38
126
624
1148
1057
311
-316
-177
226
368
100
-374
-645
-728
-673
-599
-773
-1016
-1236
-1380
-1275
-1253
-1354
-1589
-1741
-1601
-1445
-1574
-1707
-1694
-1553
-1410
-1442
-1412
-1305
-1136
-943
-847
-808
-647
-426
-253
-77
171
606
887
699
550
843
1595
2296
2354
1914
1659
1966
2622
3216
3275
3081
2811
2558
2719
3180
3657
3538
2745
2157
2307
2794
2829
2302
1734
1578
1487
1231
957
741
614
315
-60
-281
-457
-701
-1019
-1217
-1153
-1153
-1496
-2012
-2168
-1875
-1618
-1754
-2106
-2303
-2176
-1995
-1812
-1575
-1719
-1810
-1832
-1621
-1095
-793
-807
-1016
-1066
-651
11
127
-4
-143
-16
363
615
755
647
434
402
658
868
875
661
398
289
363
485
417
30
-266
-275
-154
-131
-461
-870
-1066
-985
-804
-882
-1243
-1613
-1752
-1574
-1385
-1341
-1549
-1916
-2023
-1825
-1458
-1162
-1322
-1664
-1760
-1455
-903
-654
-690
-834
-865
-619
-224
188
442
559
623
589
653
1039
1627
2096
2162
1919
1774
1934
2390
2931
3143
3050
2780
2498
2514
2868
3346
3414
2794
2094
1966
2285
2508
2304
1834
1410
1121
921
800
729
602
279
-185
-521
-656
-679
-831
-1083
-1232
-1351
-1566
-1807
-1879
-1734
-1624
-1764
-1986
-2079
-1940
-1751
-1536
-1623
-1744
-1655
-1460
-1084
-876
-849
-928
-854
-616
-141
98
36
-29
16
359
640
779
720
490
434
711
979
997
690
394
390
523
597
480
187
-48
-169
-186
-149
-295
-571
-910
-1063
-920
-856
-1066
-1375
-1627
-1622
-1460
-1439
-1574
-1815
-1932
-1806
-1675
-1604
-1585
-1640
-1683
-1591
-1352
-1121
-972
-1006
-991
-816
-540
-216
6
121
422
652
592
684
1002
1673
2151
2056
1756
1679
2025
2694
3119
3057
2846
2603
2585
2792
3134
3446
3227
2505
2074
2214
2589
2629
2112
1572
1285
1182
1127
904
646
380
-25
-323
-422
-464
-643
-1060
-1382
-1359
-1278
-1424
-1788
-2049
-1991
-1815
-1767
-1884
-1987
-1984
-1881
-1786
-1741
-1550
-1387
-1322
-1225
-1110
-904
-695
-545
-384
-149
29
186
250
301
508
777
967
868
704
777
1006
1066
939
780
728
765
650
547
443
308
202
-83
-258
-267
-367
-536
-863
-1082
-1108
-1198
-1288
-1387
-1564
-1707
-1841
-1878
-1766
-1805
-1910
-2017
-2008
-1831
-1756
-1784
-1785
-1607
-1364
-1279
-1299
-1174
-891
-565
-393
-286
-11
372
581
500
621
1102
1708
1981
1841
1738
1897
2234
2622
2955
3092
2999
2708
2517
2768
3336
3577
3154
2435
2143
2403
2662
2543
2118
1681
1393
1190
1085
1039
793
361
-110
-348
-312
-415
-750
-1160
-1382
-1341
-1428
-1627
-1831
-1977
-1954
-1987
-2010
-1872
-1918
-1987
-2075
-1867
-1268
-1326
-1580
-1718
-1368
-602
-257
-404
-738
-777
-316
405
729
696
423
277
456
900
1397
1431
989
631
819
1179
1303
1078
716
580
560
595
561
206
-113
-307
-278
-217
-505
-898
-1187
-1233
-1151
-1276
-1519
-1727
-1912
-1898
-1913
-1959
-1971
-2072
-2138
-2145
-2065
-1898
-1780
-1792
-1715
-1504
-1410
-1357
-1230
-918
-599
-467
-344
-79
371
490
445
601
1117
1824
2023
1779
1570
1824
2377
2847
3004
2980
2831
2597
2641
3001
3472
3481
2896
2334
2313
2633
2710
2391
1938
1682
1535
1265
1005
837
715
437
-22
-339
-479
-605
-869
-1142
-1227
-1272
-1510
-1888
-2054
-1907
-1761
-1869
-2126
-2237
-2125
-2019
-1890
-1605
-1460
-1691
-1880
-1617
-999
-446
-498
-748
-774
-466
144
515
613
544
489
577
837
1207
1411
1270
981
960
1230
1394
1276
1040
893
881
864
728
482
277
89
-33
-131
-314
-561
-866
-1098
-1124
-1135
-1319
-1609
-1860
-1959
-1905
-1872
-1974
-2147
-2340
-2295
-2164
-2063
-1981
-2053
-2081
-1997
-1769
-1528
-1429
-1411
-1240
-997
-803
-452
-46
272
247
62
350
1066
1801
2055
1725
1475
1703
2303
2885
3093
3044
2903
2701
2709
3064
3525
3652
3180
2576
2429
2667
2826
2603
2143
1774
1561
1374
1197
996
757
481
170
-92
-348
-600
-841
-1053
-1121
-1156
-1382
-1789
-2042
-1964
-1740
-1722
-1929
-2130
-2155
-1995
-1775
-1587
-1658
-1711
-1612
-1324
-939
-705
-662
-744
-669
-275
269
497
434
278
391
770
1132
1274
1123
939
992
1237
1382
1306
1103
944
845
838
844
737
436
122
-74
-108
-162
-416
-735
-1038
-1145
-1119
-1233
-1532
-1810
-1946
-1941
-1910
-1980
-2132
-2338
-2425
-2325
-2140
-2064
-2159
-2222
-2187
-1957
-1682
-1513
-1497
-1530
-1358
-1014
-701
-399
-167
62
294
283
442
818
1417
1978
2044
1786
1646
1919
2590
3208
3337
3110
2716
2616
2914
3415
3757
3540
2876
2365
2460
2824
2937
2555
1932
1566
1394
1321
1250
977
642
234
-100
-238
-386
-622
-959
-1228
-1253
-1285
-1529
-1840
-2016
-1959
-1876
-1925
-2021
-2124
-2096
-1984
-1844
-1668
-1582
-1641
-1647
-1397
-880
-137
-361
-973
-1003
-420
742
1215
846
187
-104
402
1491
2016
1727
1064
595
806
1365
1904
1834
1053
316
381
866
1113
786
82
-402
-469
-307
-202
-619
-1183
-1424
-1428
-1308
-1522
-1853
-2078
-2228
-2160
-2118
-2225
-2399
-2574
-2588
-2365
-2176
-2184
-2333
-2405
-2109
-1739
-1607
-1606
-1550
-1342
-1050
-726
-385
51
237
32
12
514
1489
2179
2008
1515
1477
1968
2764
3299
3350
3150
2803
2766
3075
3608
3984
3697
2961
2516
2767
3178
3139
2584
2090
1874
1715
1546
1354
1133
790
342
37
-70
-208
-546
-993
-1221
-1158
-1249
-1641
-1990
-2047
-1868
-1905
-2159
-2277
-2235
-2101
-2032
-1966
-1765
-1839
-1867
-1723
-1347
-809
-758
-887
-938
-628
-42
366
391
328
356
630
988
1204
1339
1167
1022
1157
1482
1575
1314
1019
978
1119
1115
938
664
344
201
123
35
-89
-485
-807
-1040
-1084
-1036
-1329
-1721
-1994
-2003
-1893
-1962
-2163
-2400
-2498
-2441
-2310
-2212
-2233
-2351
-2404
-2249
-1946
-1680
-1675
-1739
-1648
-1339
-985
-717
-547
-349
21
270
350
452
886
1509
1975
2024
1824
1844
2066
2655
3199
3381
3249
2846
2723
3003
3548
3900
3549
2791
2384
2562
2931
2929
2478
1966
1595
1410
1340
1251
1009
579
111
-157
-211
-298
-620
-1064
-1344
-1339
-1331
-1508
-1838
-2067
-2042
-1992
-1975
-2012
-2057
-2059
-2092
-1851
-1697
-1670
-1588
-1523
-1199
-954
-796
-728
-617
-351
102
432
423
382
465
842
1207
1378
1266
1067
1041
1316
1639
1617
1349
1027
910
991
1081
1084
775
300
-18
-70
45
-56
-435
-922
-1190
-1175
-1138
-1296
-1622
-1929
-2083
-2069
-2059
-2078
-2270
-2521
-2563
-2411
-2207
-2178
-2338
-2421
-2237
-1980
-1739
-1706
-1695
-1588
-1384
-1056
-793
-496
-292
13
177
214
430
914
1574
1948
1835
1638
1760
2211
2880
3226
3221
3005
2807
2852
3194
3623
3742
3339
2716
2535
2761
2962
2787
2353
1955
1704
1480
1303
1147
931
604
173
-189
-360
-444
-671
-1006
-1307
-1433
-1509
-1672
-1914
-2034
-2028
-2053
-2099
-2197
-2172
-2080
-2025
-1755
-1804
-1885
-1700
-1467
-975
-799
-865
-912
-734
-289
347
557
383
349
456
915
1332
1520
1437
1147
1045
1395
1707
1649
1372
1129
1143
1192
1139
996
730
471
282
165
70
-187
-538
-871
-969
-957
-1122
-1521
-1893
-1994
-1876
-1843
-2083
-2363
-2569
-2522
-2418
-2290
-2232
-2382
-2502
-2497
-2191
-1820
-1712
-1865
-1882
-1638
-1158
-830
-793
-610
-304
151
343
314
553
1086
1685
1934
1806
1726
1890
2355
2889
3207
3263
3034
2772
2775
3234
3790
3848
3216
2487
2418
2830
3033
2741
2155
1696
1472
1324
1279
1146
800
331
-140
-318
-297
-444
-852
-1339
-1489
-1389
-1466
-1801
-2144
-2181
-2085
-2058
-2087
-2127
-2183
-2252
-2189
-1913
-1639
-1482
-1640
-1705
-1442
-820
12
-395
-900
-866
-150
1031
1246
866
322
176
751
1796
2191
1890
1194
741
1064
1724
2320
2131
1104
361
686
1263
1399
828
68
-204
-190
-72
-93
-629
-1061
-1308
-1356
-1214
-1426
-1755
-2157
-2311
-2081
-1910
-2133
-2523
-2768
-2579
-2248
-2116
-2188
-2414
-2390
-2190
-1894
-1666
-1541
-1414
-1399
-1253
-848
-294
144
36
-204
8
810
1710
1943
1527
1231
1601
2331
2981
3155
3010
2816
2700
2908
3353
3752
3683
3132
2617
2720
3104
3076
2610
2095
1987
1992
1687
1267
952
784
605
243
-60
-318
-641
-956
-1196
-1154
-1137
-1528
-2048
-2291
-2095
-1845
-2011
-2302
-2395
-2312
-2211
-2185
-2019
-1636
-1671
-1942
-1849
-1422
-756
-564
-753
-792
-518
5
489
685
654
696
812
1138
1500
1723
1679
1442
1414
1684
1910
1847
1634
1442
1350
1305
1273
1120
776
477
296
240
68
-296
-591
-846
-954
-1101
-1367
-1628
-1835
-1924
-2028
-2126
-2270
-2413
-2515
-2575
-2526
-2447
-2443
-2470
-2474
-2333
-2126
-2068
-1976
-1843
-1619
-1444
-1308
-1083
-705
-223
29
67
-29
233
958
1629
1931
1735
1509
1689
2182
2868
3261
3219
2961
2701
2826
3258
3714
3790
3284
2693
2542
2774
2961
2750
2306
1893
1607
1429
1263
1107
823
409
38
-199
-352
-574
-924
-1248
-1362
-1366
-1525
-1853
-2209
-2277
-2121
-2037
-2082
-2250
-2402
-2427
-2318
-2002
-1541
-1644
-1815
-1894
-1593
-875
-533
-444
-648
-633
-245
428
765
814
699
701
1064
1448
1786
1722
1456
1351
1643
1929
1961
1708
1387
1298
1310
1427
1409
932
458
183
248
371
27
-485
-918
-1060
-990
-1050
-1343
-1692
-2045
-2123
-2072
-2062
-2137
-2465
-2716
-2717
-2405
-2216
-2352
-2594
-2590
-2267
-1974
-1830
-1815
-1739
-1607
-1422
-1140
-715
-298
-53
-40
-106
207
828
1451
1802
1739
1563
1642
2043
2680
3147
3174
2992
2780
2776
3065
3464
3666
3400
2841
2538
2654
2826
2714
2335
1956
1730
1511
1213
996
836
656
302
-134
-414
-580
-728
-997
-1246
-1336
-1476
-1746
-2026
-2107
-2007
-1943
-2054
-2215
-2252
-2188
-2121
-1975
-1805
-1613
-1617
-1671
-1512
-1028
-234
-312
-744
-943
-396
745
1264
1072
399
123
586
1601
2248
2123
1435
849
940
1544
2256
2317
1519
636
531
1045
1462
1174
416
-133
-216
-57
-38
-464
-909
-1179
-1225
-1219
-1416
-1697
-2062
-2218
-2122
-1964
-2064
-2470
-2822
-2711
-2327
-2100
-2198
-2483
-2509
-2294
-1963
-1670
-1568
-1519
-1512
-1383
-1086
-680
-173
168
200
4
127
746
1540
1977
1858
1641
1622
2032
2643
3115
3215
3074
2885
2748
2957
3409
3770
3500
2845
2465
2570
2796
2698
2399
2055
1734
1395
1088
966
910
730
312
-200
-480
-586
-696
-926
-1122
-1247
-1495
-1801
-2048
-2045
-1911
-1891
-2049
-2190
-2250
-2195
-2155
-1908
-1650
-1542
-1560
-1888
-1587
-1065
-538
-329
-553
-651
-428
89
582
882
704
593
664
1025
1470
1628
1511
1290
1183
1352
1593
1605
1434
1147
970
945
953
836
583
237
81
-3
-125
-384
-697
-943
-1099
-1173
-1289
-1518
-1878
-2046
-2035
-1946
-2015
-2298
-2567
-2583
-2324
-2078
-2093
-2287
-2407
-2262
-1959
-1714
-1538
-1528
-1553
-1452
-1109
-675
-355
-125
43
183
267
485
925
1520
1948
1985
1752
1679
2048
2680
3196
3240
3039
2724
2620
2933
3462
3744
3353
2593
2213
2450
2795
2760
2230
1683
1374
1270
1174
1014
800
445
-9
-387
-469
-438
-633
-1051
-1365
-1424
-1440
-1622
-1858
-1962
-1935
-1912
-1945
-1985
-1996
-2008
-1935
-1805
-1557
-1424
-1543
-1530
-1293
-456
-226
-669
-957
-752
305
1023
989
416
-19
239
1181
1920
1919
1351
726
674
1185
1927
2141
1493
530
323
841
1262
1148
473
-211
-413
-250
36
-236
-905
-1333
-1418
-1195
-1215
-1551
-1973
-2266
-2193
-1942
-1927
-2208
-2612
-2726
-2460
-2083
-1887
-2140
-2442
-2402
-1991
-1532
-1325
-1381
-1478
-1417
-1093
-563
-148
134
251
202
253
572
1182
1772
1973
1904
1793
1900
2273
2699
3015
3153
3167
2979
2737
2786
3246
3650
3466
2837
2359
2351
2524
2562
2369
1961
1489
1122
934
933
880
611
140
-367
-564
-581
-674
-894
-1206
-1370
-1515
-1724
-1851
-1901
-1844
-1874
-1984
-2056
-2049
-1987
-1964
-1796
-1641
-1376
-1326
-1662
-1489
-1073
-454
-122
-382
-577
-405
68
553
789
676
672
709
881
1127
1345
1470
1293
985
1024
1329
1437
1213
788
681
757
752
545
198
-64
-102
-188
-411
-716
-987
-1041
-1136
-1285
-1452
-1711
-1950
-1999
-1944
-1889
-2089
-2362
-2433
-2341
-2072
-1967
-2052
-2147
-2128
-1904
-1576
-1402
-1346
-1301
-1278
-1039
-679
-400
-75
191
370
473
425
671
1236
1845
2139
1925
1632
1716
2258
2860
3170
3076
2811
2571
2590
2930
3381
3431
2909
2300
2123
2435
2588
2346
1853
1468
1314
1143
949
778
568
270
-134
-404
-458
-549
-817
-1192
-1360
-1362
-1456
-1719
-1912
-1889
-1805
-1808
-1940
-1978
-1877
-1788
-1753
-1675
-1509
-1238
-1066
-1213
-1166
-848
-464
-120
-100
-156
-67
133
497
835
941
977
920
890
1036
1273
1526
1412
1114
995
1092
1216
1107
882
654
571
520
368
135
-150
-275
-428
-642
-765
-939
-1139
-1376
-1579
-1590
-1669
-1841
-1973
-2131
-2188
-2223
-2228
-2158
-2118
-2113
-2115
-2138
-2060
-1851
-1646
-1480
-1415
-1376
-1236
-1015
-729
-448
-297
-3
386
602
568
470
837
1554
2153
2223
1852
1628
1878
2515
3069
3264
3060
2641
2334
2471
3120
3603
3290
2427
1880
2100
2546
2526
2059
1561
1279
1118
918
757
654
419
-19
-412
-534
-538
-743
-1121
-1334
-1313
-1334
-1588
-1919
-2012
-1888
-1769
-1804
-1933
-1987
-1998
-1950
-1743
-1426
-1118
-1220
-1521
-1377
-892
-281
-119
-347
-418
-204
220
586
797
796
814
837
972
1228
1420
1422
1156
1037
1216
1402
1291
994
800
834
882
739
472
175
-18
-90
-194
-406
-684
-965
-1135
-1228
-1258
-1361
-1675
-1944
-2006
-1907
-1847
-2052
-2307
-2385
-2266
-2002
-1879
-1950
-2094
-2126
-1922
-1560
-1232
-1131
-1223
-1328
-1135
-651
-188
62
203
331
442
525
742
1225
1782
2117
2046
1781
1757
2149
2671
3058
3130
2964
2679
2446
2616
3150
3507
3153
2367
1888
2055
2404
2382
1973
1492
1170
946
766
676
571
265
-227
-629
-687
-649
-851
-1263
-1530
-1520
-1532
-1725
-1996
-2057
-1962
-1916
-1937
-1977
-1954
-1950
-1952
-1760
-1493
-1270
-1280
-1253
-767
-567
-657
-761
-488
244
691
613
285
150
417
1110
1529
1583
1313
909
788
1051
1675
2020
1563
737
464
781
1180
1189
757
266
-57
-161
-13
-103
-436
-798
-1080
-1116
-1172
-1331
-1607
-1843
-1865
-1779
-1862
-2116
-2363
-2383
-2189
-1989
-1923
-2064
-2244
-2230
-1906
-1487
-1240
-1283
-1403
-1355
-1100
-646
-277
-149
-114
85
463
749
811
865
1212
1785
2202
2189
1919
1813
2146
2754
3164
3175
2904
2534
2410
2709
3269
3471
2918
2143
1837
2148
2470
2287
1735
1223
949
820
766
669
432
5
-476
-704
-657
-682
-1032
-1470
-1618
-1503
-1513
-1793
-2069
-2089
-1918
-1854
-1909
-1958
-1986
-1958
-1891
-1638
-1339
-1279
-1388
-1377
-1100
-642
-422
-165
97
-96
-165
-60
545
1270
1432
1057
554
508
1112
1846
1933
1605
1134
902
934
1232
1604
1507
794
161
196
505
616
295
-221
-579
-751
-749
-723
-961
-1258
-1573
-1699
-1670
-1737
-1860
-2083
-2182
-2071
-2030
-2100
-2167
-2175
-2043
-1957
-1867
-1749
-1665
-1561
-1428
-1198
-963
-830
-755
-606
-351
34
476
726
711
527
625
1224
2031
2433
2077
1631
1636
2217
2939
3218
3094
2757
2483
2463
2759
3180
3285
2848
2205
1963
2139
2303
2106
1665
1325
1096
862
625
460
286
30
-324
-618
-753
-948
-1194
-1392
-1451
-1389
-1598
-1988
-2128
-2006
-1794
-1785
-1956
-2005
-1980
-1898
-1766
-1558
-1324
-1187
-1196
-1275
-1011
-618
-311
-171
-190
-92
118
329
568
828
903
906
926
1068
1270
1365
1313
1234
1207
1238
1222
1077
968
892
788
626
481
348
203
-31
-225
-337
-492
-718
-949
-1079
-1171
-1334
-1585
-1785
-1880
-1849
-1829
-1954
-2149
-2265
-2233
-2080
-1909
-1898
-1974
-2007
-1864
-1550
-1325
-1217
-1189
-1129
-995
-772
-425
-106
71
43
211
643
1048
1105
916
1094
1699
2350
2410
2043
1771
1980
2611
3031
3140
2994
2648
2319
2334
2846
3428
3203
2269
1584
1699
2287
2412
1836
1109
731
730
784
660
393
31
-406
-736
-700
-535
-670
-1194
-1654
-1585
-1315
-1266
-1591
-1912
-1902
-1728
-1566
-1569
-1618
-1629
-1691
-1646
-1358
-1034
-791
-1027
-1308
-1028
-537
-38
7
-239
-335
-156
247
660
811
657
475
492
731
1017
1165
1020
720
551
671
879
882
625
289
116
187
221
76
-243
-518
-556
-568
-656
-903
-1160
-1314
-1375
-1330
-1374
-1538
-1710
-1857
-1812
-1664
-1616
-1662
-1800
-1864
-1698
-1483
-1313
-1264
-1322
-1230
-1070
-838
-632
-539
-421
-303
-169
108
316
526
838
983
1029
923
1075
1614
2159
2308
1989
1710
1792
2246
2720
2914
2802
2469
2126
2100
2475
2981
2916
2212
1571
1521
1958
2102
1674
1138
867
804
707
512
362
132
-231
-531
-596
-462
-565
-1024
-1385
-1344
-1070
-1022
-1366
-1684
-1688
-1480
-1336
-1375
-1407
-1413
-1493
-1507
-1285
-953
-757
-927
-1206
-1050
-628
-276
-188
-312
-380
-279
-26
253
476
445
288
243
389
671
814
683
458
376
436
539
521
413
289
131
21
-30
-126
-293
-441
-528
-593
-737
-937
-1055
-1052
-1084
-1227
-1420
-1522
-1446
-1398
-1460
-1545
-1573
-1525
-1544
-1476
-1326
-1218
-1195
-1282
-1155
-854
-647
-632
-678
-553
-276
-43
-2
64
244
436
760
1020
1102
987
850
1189
1844
2342
2240
1693
1392
1748
2479
2928
2802
2352
2000
1903
2175
2644
2901
2476
1667
1256
1478
1934
1906
1427
913
649
625
565
458
263
24
-218
-479
-548
-507
-664
-965
-1132
-1040
-915
-1087
-1413
-1516
-1360
-1145
-1141
-1308
-1429
-1472
-1395
-1188
-960
-802
-809
-1167
-1241
-875
-439
-92
-277
-603
-640
-362
91
381
263
25
-52
74
370
514
468
258
38
90
293
364
252
-9
-205
-180
-69
-88
-305
-623
-699
-550
-553
-715
-951
-1019
-1000
-1048
-1057
-1113
-1238
-1331
-1350
-1179
-1037
-1148
-1323
-1357
-1105
-815
-780
-970
-1016
-813
-543
-363
-354
-302
-279
-293
-98
197
467
535
424
631
1051
1195
1006
864
1210
1914
2226
1881
1434
1355
1810
2381
2586
2447
2113
1738
1640
1978
2556
2757
2091
1191
951
1451
1955
1810
1235
785
584
565
574
572
488
134
-315
-514
-351
-195
-399
-830
-1023
-912
-829
-969
-1199
-1219
-1098
-1067
-1150
-1243
-1283
-1335
-1302
-1121
-902
-716
-1115
-1410
-1172
-745
-209
-352
-760
-924
-713
-178
211
110
-151
-313
-285
43
292
380
195
-103
-176
16
114
98
44
-134
-219
-272
-275
-234
-376
-481
-528
-634
-679
-793
-808
-751
-818
-911
-1054
-1121
-969
-911
-976
-1016
-1065
-998
-967
-934
-831
-781
-806
-792
-662
-473
-339
-400
-393
-251
-39
100
35
99
302
481
703
930
1062
913
733
955
1585
2148
2041
1516
1148
1397
2120
2607
2505
2054
1693
1617
1862
2333
2645
2255
1411
965
1307
1919
1947
1327
685
486
677
849
691
341
-39
-269
-300
-204
-132
-382
-851
-1104
-926
-649
-735
-1164
-1463
-1381
-1117
-1002
-1178
-1384
-1489
-1439
-1200
-1034
-984
-1203
-1381
-1182
-824
-535
-612
-871
-928
-660
-274
-24
-126
-325
-389
-198
188
348
217
-74
-177
45
317
311
107
-52
-98
-23
55
52
-47
-277
-426
-392
-290
-261
-499
-739
-715
-598
-580
-748
-957
-934
-842
-808
-806
-835
-886
-1011
-1014
-830
-611
-587
-758
-861
-689
-362
-260
-315
-391
-340
-180
-70
107
302
369
335
495
917
1103
882
651
885
1600
2029
1808
1290
1060
1467
2126
2446
2296
1902
1582
1518
1798
2347
2551
2021
1183
944
1476
1949
1762
1108
643
643
799
799
574
273
10
-158
-184
-134
-194
-520
-912
-994
-785
-664
-906
-1312
-1439
-1288
-1122
-1104
-1237
-1424
-1530
-1438
-1148
-956
-1131
-1374
-1392
-1093
-737
-661
-793
-953
-940
-643
-277
-106
-177
-406
-482
-211
227
421
143
-232
-196
168
422
317
65
-72
-40
90
223
213
-8
-239
-359
-215
-21
-140
-484
-736
-635
-392
-431
-698
-872
-859
-742
-731
-739
-751
-899
-991
-925
-707
-510
-619
-871
-895
-595
-293
-236
-359
-442
-373
-267
-36
209
318
214
176
577
1014
1014
673
547
1065
1820
2009
1561
1063
1123
1765
2325
2454
2206
1801
1504
1568
2104
2633
2503
1669
1021
1189
1778
2012
1559
954
698
729
800
701
482
212
-61
-230
-255
-192
-333
-723
-1032
-1044
-820
-802
-1168
-1499
-1574
-1388
-1224
-1280
-1449
-1654
-1677
-1512
-1338
-1266
-1341
-1277
-1112
-1135
-1123
-1037
-820
-560
-490
-483
-444
-446
-394
-200
50
312
305
32
-146
65
501
657
343
26
87
276
363
276
201
179
51
-87
-107
-74
-108
-279
-427
-381
-312
-451
-720
-816
-658
-524
-655
-879
-996
-963
-871
-814
-781
-779
-841
-898
-857
-666
-453
-430
-525
-575
-462
-302
-163
-34
71
128
311
594
691
563
474
805
1394
1782
1603
1169
992
1379
2059
2412
2298
1906
1598
1568
1932
2484
2681
2143
1376
1156
1563
2024
1948
1402
879
687
805
956
842
497
86
-158
-159
-41
-62
-389
-815
-999
-884
-761
-890
-1214
-1424
-1417
-1305
-1271
-1383
-1521
-1637
-1569
-1363
-1292
-1326
-1496
-1434
-1164
-948
-886
-1038
-1074
-899
-596
-392
-306
-357
-410
-390
-193
161
348
194
-102
-87
175
434
406
216
148
150
210
239
217
201
87
-40
-90
-89
-110
-265
-401
-400
-337
-392
-600
-765
-743
-638
-595
-671
-824
-907
-880
-774
-682
-648
-653
-679
-726
-706
-548
-347
-270
-351
-424
-358
-196
9
178
233
305
559
718
571
464
666
1268
1763
1628
1196
964
1221
1857
2348
2355
2013
1599
1431
1701
2269
2656
2345
1507
1037
1333
1876
2009
1560
1012
760
764
871
883
696
367
-20
-217
-94
55
-130
-603
-926
-826
-627
-753
-1100
-1352
-1330
-1219
-1225
-1312
-1428
-1594
-1664
-1525
-1176
-912
-1323
-1820
-1753
-1165
-507
-553
-1093
-1444
-1306
-718
-122
-45
-357
-741
-807
-373
204
480
186
-371
-492
-1
431
426
141
-100
-70
84
224
255
27
-234
-267
-101
51
-126
-444
-567
-452
-227
-292
-593
-754
-726
-560
-513
-576
-623
-746
-818
-735
-509
-323
-414
-655
-730
-484
-190
-106
-222
-334
-296
-118
52
206
308
334
561
644
554
505
658
1195
1642
1610
1221
914
1060
1673
2217
2302
1999
1540
1293
1544
2152
2591
2337
1507
1026
1274
1799
1972
1608
1124
867
806
840
851
769
540
140
-122
-59
92
-38
-474
-751
-661
-550
-709
-1060
-1206
-1101
-1060
-1141
-1293
-1322
-1354
-1587
-1588
-1315
-1080
-1138
-1522
-1661
-1344
-972
-862
-1025
-1215
-1091
-847
-707
-605
-543
-485
-498
-495
-290
-21
-31
-221
-253
-96
94
71
-60
-73
-21
41
10
-53
-75
-131
-183
-203
-187
-232
-386
-454
-384
-310
-371
-554
-617
-548
-491
-472
-507
-560
-589
-595
-534
-409
-337
-361
-433
-434
-277
-139
-125
-150
-140
-51
35
94
177
238
378
635
914
838
506
424
779
1512
1934
1675
1084
769
1128
1900
2397
2317
1808
1289
1193
1637
2321
2535
2030
1210
885
1273
1747
1792
1371
893
686
666
730
733
563
254
-63
-121
1
10
-284
-653
-733
-618
-575
-822
-1159
-1232
-1153
-1072
-1063
-1206
-1252
-1486
-1697
-1431
-1149
-978
-1255
-1677
-1631
-1250
-927
-841
-1062
-1223
-1063
-882
-643
-535
-544
-605
-643
-498
-199
-73
-221
-295
-222
-62
46
-5
-55
-68
-64
46
64
3
-111
-236
-206
-78
-30
-183
-404
-436
-295
-230
-315
-464
-489
-482
-475
-411
-353
-369
-495
-571
-473
-287
-232
-314
-419
-333
-146
-74
-68
-89
-14
37
64
195
305
331
367
551
969
1060
639
346
595
1432
2005
1725
1018
681
1039
1767
2245
2192
1810
1292
1065
1406
2129
2528
2074
1120
713
1134
1706
1780
1238
728
592
643
749
698
452
174
-89
-122
13
29
-262
-708
-857
-640
-445
-656
-1086
-1348
-1256
-1012
-896
-1053
-1332
-1564
-1522
-1181
-992
-1001
-1306
-1547
-1428
-1106
-866
-900
-1123
-1234
-1034
-767
-563
-633
-776
-778
-527
-225
-177
-337
-492
-379
-127
19
-54
-210
-284
-198
-40
97
47
-118
-287
-318
-108
62
-15
-307
-489
-385
-159
-123
-271
-450
-512
-433
-361
-316
-322
-395
-506
-512
-348
-176
-205
-387
-397
-172
5
-34
-151
-119
35
187
245
272
323
357
337
412
741
1233
1257
634
222
578
1590
2219
1854
1039
605
938
1737
2270
2212
1827
1277
970
1204
1928
2459
2019
974
504
994
1616
1602
1007
561
580
652
545
329
187
151
-38
-225
-218
-230
-496
-952
-1049
-635
-372
-763
-1403
-1628
-1256
-845
-907
-1235
-1510
-1540
-1417
-1232
-1167
-1150
-1262
-1434
-1370
-1147
-848
-847
-1038
-1069
-823
-578
-514
-630
-675
-467
-242
-129
-236
-393
-308
-3
184
120
-69
-140
-80
60
213
256
85
-193
-294
-82
210
200
-102
-408
-400
-163
-13
-121
-328
-454
-472
-402
-328
-269
-326
-469
-535
-420
-274
-254
-377
-439
-288
-122
-49
-163
-264
-139
53
222
280
220
206
235
289
520
756
1051
1180
754
427
555
1243
2006
2026
1353
754
757
1369
2123
2267
1977
1483
1029
1029
1547
2150
2204
1452
635
660
1119
1425
1269
769
449
286
216
312
283
174
-88
-419
-458
-418
-463
-699
-929
-849
-733
-912
-1212
-1337
-1233
-1071
-1178
-1275
-1275
-1372
-1445
-1395
-1193
-1012
-1100
-1401
-1430
-1201
-861
-716
-874
-1008
-979
-738
-505
-388
-406
-462
-462
-361
-170
-64
-45
-51
-62
-65
-126
-102
21
92
80
-1
-56
-69
-70
-46
13
15
-66
-213
-336
-304
-132
-45
-161
-346
-458
-402
-324
-264
-207
-261
-348
-400
-362
-254
-150
-97
-104
-141
-140
-74
10
110
187
271
279
279
377
519
555
572
682
891
1271
1172
818
652
846
1547
1962
1715
1152
784
972
1609
1991
1974
1623
1121
865
1081
1629
1977
1690
837
386
655
1189
1350
813
220
92
244
375
235
-50
-252
-435
-504
-439
-400
-614
-1030
-1211
-987
-614
-682
-1272
-1652
-1529
-1039
-763
-1065
-1530
-1754
-1557
-1140
-895
-949
-1249
-1507
-1475
-1122
-631
-511
-842
-1229
-1152
-599
-170
-258
-639
-756
-496
-148
-14
-101
-177
-182
-141
-53
37
64
15
-70
-22
159
179
-1
-196
-89
217
285
36
-263
-229
30
197
127
-85
-233
-284
-205
-45
119
76
-188
-421
-352
-19
178
77
-126
-169
-43
89
172
192
205
240
247
343
447
494
479
474
577
908
1109
982
772
611
936
1366
1592
1454
1057
800
948
1385
1664
1644
1266
954
865
1103
1425
1476
1177
763
619
721
914
892
619
320
174
224
292
171
-66
-348
-446
-346
-263
-340
-678
-968
-987
-829
-767
-878
-1106
-1249
-1241
-1198
-1119
-1098
-1161
-1271
-1339
-1269
-1067
-953
-1056
-1202
-1203
-1029
-845
-821
-881
-938
-888
-690
-522
-491
-571
-618
-514
-349
-248
-214
-263
-263
-214
-180
-138
-136
-88
6
36
31
10
-35
24
131
225
212
59
-25
16
140
224
196
77
-45
-77
49
225
278
164
-40
-94
42
214
256
149
77
82
139
235
282
292
250
278
395
484
486
406
363
504
698
898
946
645
605
699
925
1184
1146
1013
885
863
1022
1238
1185
1122
1049
997
992
1014
1048
1033
961
853
821
691
628
613
547
463
325
228
195
44
-96
-191
-261
-224
-328
-482
-604
-741
-815
-895
-879
-768
-823
-1033
-1301
-1333
-1103
-927
-946
-1174
-1349
-1333
-1186
-1026
-962
-992
-1142
-1235
-1139
-943
-772
-774
-885
-941
-854
-688
-547
-543
-615
-588
-543
-423
-325
-290
-290
-374
-379
-262
-86
-5
-56
-135
-114
-16
57
109
153
196
138
44
116
298
402
309
146
117
254
364
362
305
272
295
283
277
299
390
404
323
301
373
464
429
357
400
538
609
567
466
445
550
652
750
736
739
746
614
640
770
914
971
844
745
809
879
894
882
839
884
934
845
725
741
825
865
700
549
589
605
540
435
370
340
248
107
50
-6
-81
-174
-283
-310
-338
-434
-622
-769
-722
-643
-651
-794
-957
-1034
-1094
-1022
-904
-900
-1032
-1247
-1296
-1153
-984
-908
-1027
-1216
-1245
-1115
-962
-893
-940
-982
-1002
-955
-814
-701
-680
-746
-773
-680
-527
-413
-414
-473
-499
-418
-258
-151
-135
-168
-164
-87
-2
81
141
155
175
182
175
252
343
388
369
306
325
403
430
429
473
515
483
400
355
457
598
588
473
386
434
556
572
500
466
509
568
566
589
622
607
574
574
672
707
660
602
635
784
771
603
482
581
878
998
788
516
463
654
902
944
818
655
521
528
656
804
803
584
324
275
408
506
399
154
21
34
66
-8
-189
-321
-375
-386
-398
-490
-637
-775
-846
-765
-694
-797
-998
-1175
-1120
-943
-894
-1041
-1225
-1262
-1142
-1041
-1067
-1126
-1184
-1170
-1116
-1052
-1008
-1005
-1012
-964
-876
-794
-773
-777
-760
-687
-570
-524
-487
-467
-441
-391
-321
-216
-134
-92
-96
-79
-9
96
195
246
252
257
277
308
366
468
535
497
407
389
502
610
604
551
488
480
513
528
587
577
519
462
433
513
558
523
447
414
501
582
539
481
451
500
561
561
558
545
552
545
552
599
625
567
500
517
622
670
550
472
533
618
639
549
480
542
611
597
527
454
470
512
452
408
407
381
282
160
152
210
159
21
-112
-165
-139
-168
-271
-393
-462
-510
-570
-646
-698
-745
-844
-933
-945
-897
-938
-1069
-1154
-1136
-1061
-1048
-1111
-1164
-1168
-1134
-1117
-1091
-1026
-1002
-1014
-1054
-1026
-897
-789
-745
-795
-803
-704
-560
-453
-435
-437
-416
-338
-245
-130
-63
-50
-24
21
130
244
282
267
262
335
478
580
568
495
487
553
663
712
659
605
589
616
639
624
621
602
556
516
493
513
511
454
391
381
419
453
409
326
287
332
418
449
409
334
320
384
487
522
465
402
378
437
530
565
511
408
351
416
525
548
472
346
288
337
412
442
362
234
147
146
212
269
220
90
-48
-65
22
67
33
-62
-141
-192
-181
-152
-173
-232
-309
-353
-374
-397
-437
-483
-519
-515
-514
-590
-690
-706
-664
-657
-686
-732
-762
-796
-827
-802
-772
-768
-795
-840
-842
-797
-718
-685
-735
-749
-702
-633
-569
-522
-502
-505
-499
-411
-279
-213
-216
-246
-202
-79
47
98
74
65
126
227
285
322
348
356
344
349
422
497
498
429
384
415
473
493
450
420
413
409
397
374
372
361
342
342
348
344
282
212
256
364
398
307
189
195
327
438
432
344
268
301
401
477
492
452
389
344
396
519
585
524
382
318
380
482
524
459
351
281
285
320
320
303
257
178
113
76
80
79
40
-33
-101
-144
-159
-194
-260
-309
-323
-332
-384
-457
-505
-515
-488
-478
-509
-575
-620
-608
-578
-543
-546
-571
-609
-654
-642
-578
-529
-541
-606
-639
-602
-538
-489
-510
-547
-531
-466
-400
-375
-390
-403
-376
-307
-216
-181
-198
-233
-208
-111
-29
11
-9
-36
-8
81
172
202
185
168
198
257
314
337
309
273
278
322
364
364
326
294
281
301
325
311
273
235
228
241
263
255
225
194
184
217
247
239
201
172
207
281
313
273
218
209
278
341
337
298
273
288
312
338
358
382
359
294
273
320
372
366
311
255
241
261
257
223
196
178
145
90
49
51
60
28
-26
-70
-86
-120
-159
-165
-173
-193
-249
-337
-374
-346
-323
-348
-413
-472
-488
-484
-477
-487
-507
-520
-517
-512
-515
-508
-503
-499
-490
-465
-438
-432
-438
-433
-401
-357
-321
-306
-289
-260
-219
-188
-179
-140
-79
-16
13
14
31
62
127
187
208
218
218
215
239
291
335
345
294
267
301
352
367
336
306
299
301
291
281
265
249
229
189
150
134
131
118
75
51
58
34
-9
-23
10
47
22
-34
-44
-8
38
58
41
21
13
35
73
106
122
102
76
79
132
189
196
158
113
115
161
203
200
148
107
101
120
132
114
85
52
17
-3
-8
7
2
-44
-85
-115
-109
-101
-110
-131
-160
-168
-169
-173
-183
-187
-194
-204
-227
-240
-245
-252
-246
-241
-240
-248
-258
-249
-225
-204
-201
-206
-214
-195
-170
-164
-157
-152
-130
-111
-108
-92
-65
-42
-35
-41
-27
22
51
47
41
56
105
139
143
151
156
165
179
194
222
240
223
201
196
219
257
250
221
190
177
176
175
180
172
158
133
96
59
37
44
54
46
-6
-78
-114
-90
-38
-18
-60
-121
-142
-133
-85
-45
-26
-43
-86
-94
-62
4
39
30
-7
-12
24
47
66
76
91
89
64
65
99
122
80
35
31
59
78
38
-12
-24
-17
-14
-27
-39
-41
-72
-107
-116
-98
-64
-83
-127
-146
-137
-119
-124
-142
-144
-129
-142
-172
-161
-128
-106
-122
-152
-154
-135
-111
-99
-104
-113
-119
-121
-103
-73
-46
-45
-69
-75
-53
-17
1
3
3
21
40
41
50
65
88
108
115
122
126
137
151
159
178
194
201
191
185
196
212
217
200
184
190
198
193
174
154
144
144
133
108
80
60
48
36
26
19
5
-28
-59
-68
-49
-45
-83
-125
-132
-103
-76
-80
-106
-119
-106
-86
-84
-81
-62
-52
-50
-50
-41
-35
-30
-19
-4
14
11
-8
-14
8
42
66
47
7
-7
17
54
60
33
-2
-22
-14
6
12
-12
-36
-71
-96
-87
-83
-93
-122
-149
-151
-149
-147
-157
-169
-167
-180
-178
-164
-157
-157
-178
-180
-149
-106
-86
-106
-125
-116
-78
-36
-15
-6
-6
-10
3
33
73
94
79
64
77
114
133
124
115
122
141
150
154
170
184
183
169
163
182
197
198
188
183
197
200
186
172
179
190
188
164
141
133
118
104
96
100
92
51
7
-8
-3
2
-32
-72
-89
-92
-95
-114
-121
-127
-134
-133
-135
-125
-123
-142
-158
-158
-126
-104
-111
-124
-126
-105
-85
-77
-61
-57
-57
-52
-43
-23
-10
-7
-15
-27
-17
-9
-3
-8
-11
-4
-9
-3
0
3
10
-1
1
-5
-8
-11
-13
0
3
-2
-18
-22
-19
-17
-17
-23
-28
-37
-37
-27
-31
-46
-60
-60
-47
-34
-42
-64
-69
-60
-45
-36
-33
-34
-30
-28
-28
-13
7
27
39
38
47
56
64
82
98
121
120
114
119
137
159
156
152
146
155
173
171
153
137
134
144
148
141
122
100
82
74
73
67
53
28
-1
-17
-19
-22
-39
-57
-83
-98
-110
-117
-115
-126
-136
-156
-161
-156
-154
-145
-150
-151
-140
-139
-147
-141
-117
-92
-79
-79
-88
-89
-72
-47
-24
-23
-36
-37
-28
-10
3
9
7
8
11
8
10
9
5
12
21
30
18
-4
-5
10
28
36
18
7
-2
7
30
39
40
31
24
28
43
58
66
60
49
44
50
66
69
56
47
53
61
54
34
24
27
33
26
22
12
2
-4
2
27
39
25
-7
-23
-1
32
50
46
26
19
31
39
54
59
54
53
45
47
59
73
84
93
100
105
107
99
100
108
107
99
79
61
58
60
50
30
9
-13
-29
-45
-53
-59
-72
-87
-114
-136
-147
-159
-163
-175
-190
-214
-231
-229
-219
-210
-217
-230
-224
-199
-177
-167
-163
-153
-136
-114
-97
-83
-78
-74
-63
-44
-12
-1
-9
-18
-21
4
32
40
36
31
35
45
53
57
53
48
47
55
71
78
70
50
48
73
90
93
72
49
65
92
112
103
79
65
81
106
121
115
92
83
97
122
133
125
109
95
103
124
141
127
99
90
104
122
123
108
95
92
98
101
101
90
77
62
59
67
71
64
37
26
28
26
22
12
4
-1
-4
-6
-11
-19
-28
-30
-30
-35
-47
-62
-66
-61
-60
-72
-96
-114
-113
-114
-114
-125
-143
-155
-158
-160
-162
-163
-174
-196
-210
-202
-181
-177
-190
-207
-204
-191
-179
-169
-164
-161
-160
-148
-136
-121
-103
-96
-98
-92
-74
-54
-40
-40
-35
-21
-12
-3
11
19
33
43
48
57
64
72
73
77
87
93
96
87
83
90
99
100
101
92
85
99
108
108
93
77
80
97
110
102
84
80
88
102
112
112
100
84
86
104
131
135
113
99
100
117
135
135
124
114
117
134
141
140
127
113
114
122
131
126
109
100
99
105
105
91
74
63
67
74
60
42
29
20
17
8
-4
-22
-46
-55
-55
-63
-80
-105
-127
-129
-128
-136
-153
-176
-187
-191
-185
-182
-195
-211
-228
-227
-215
-212
-218
-228
-228
-229
-229
-221
-218
-213
-213
-206
-195
-183
-174
-171
-164
-146
-135
-128
-121
-113
-108
-99
-85
-71
-54
-46
-33
-17
0
10
21
34
49
62
63
65
72
85
97
105
105
104
106
116
128
135
145
153
153
153
155
158
171
171
162
152
142
141
151
159
156
149
147
138
134
146
151
149
140
135
137
136
136
128
117
111
108
105
105
104
113
110
95
88
90
99
98
86
77
72
72
64
55
54
48
34
16
9
8
-3
-19
-30
-29
-34
-48
-66
-77
-84
-90
-95
-110
-125
-134
-143
-143
-149
-166
-182
-196
-193
-190
-196
-207
-220
-222
-211
-205
-206
-210
-221
-213
-197
-182
-174
-181
-185
-179
-153
-133
-132
-137
-140
-133
-115
-98
-97
-94
-78
-65
-49
-32
-14
-2
2
13
31
45
51
52
60
70
86
91
86
83
86
97
106
101
94
96
107
112
113
118
113
110
115
126
135
132
115
104
116
129
131
123
106
99
102
111
120
121
110
94
95
109
119
117
106
94
90
98
110
118
105
91
92
101
107
100
92
88
89
87
82
82
73
57
60
70
63
47
24
18
25
21
9
-10
-22
-33
-41
-40
-49
-65
-91
-109
-105
-104
-118
-147
-167
-176
-177
-172
-180
-198
-218
-227
-209
-203
-217
-226
-227
-222
-220
-209
-201
-208
-210
-201
-181
-155
-147
-147
-139
-125
-104
-85
-73
-63
-47
-34
-25
-13
3
18
27
39
47
50
53
61
77
85
84
86
93
96
95
101
105
106
104
102
108
104
102
104
105
96
90
99
105
106
102
95
90
91
100
110
117
108
93
93
96
108
116
106
93
92
96
96
104
98
92
89
83
82
84
82
78
72
64
61
59
53
43
40
37
38
36
21
13
14
10
4
-12
-19
-13
-12
-15
-27
-33
-40
-51
-56
-55
-58
-66
-86
-99
-99
-98
-102
-118
-130
-133
-139
-143
-150
-158
-160
-164
-164
-164
-173
-177
-183
-184
-180
-177
-167
-165
-168
-161
-147
-131
-129
-123
-112
-95
-82
-77
-68
-56
-42
-30
-18
-5
4
15
29
45
63
66
72
85
97
113
120
118
121
125
130
140
141
131
122
116
117
124
123
112
103
89
84
89
89
86
77
73
66
60
62
67
71
64
51
48
57
61
65
72
75
74
73
81
92
97
95
91
98
103
102
101
95
84
76
77
87
82
71
62
56
53
46
40
33
22
7
-12
-16
-21
-34
-50
-63
-67
-77
-93
-111
-119
-122
-131
-139
-148
-160
-172
-182
-183
-182
-193
-208
-217
-217
-217
-214
-214
-217
-221
-219
-204
-190
-186
-189
-184
-171
-162
-147
-131
-119
-111
-106
-92
-71
-52
-37
-24
-9
6
21
41
63
80
89
101
121
139
149
156
169
176
182
189
198
210
205
200
202
206
204
198
192
188
182
173
164
163
151
138
125
116
112
100
84
70
60
57
51
38
27
19
12
2
-2
-6
-15
-18
-24
-25
-21
-26
-24
-23
-22
-17
-20
-19
-15
-11
-8
-11
-9
-4
-2
5
9
11
13
12
10
16
19
15
10
7
7
2
-7
-15
-16
-19
-30
-40
-47
-58
-64
-67
-72
-84
-100
-111
-118
-124
-133
-143
-151
-161
-160
-159
-162
-165
-171
-174
-175
-172
-173
-172
-169
-163
-158
-158
-157
-151
-139
-127
-122
-117
-108
-92
-72
-58
-46
-37
-28
-12
6
29
48
58
69
83
105
121
128
136
144
153
161
173
182
186
182
183
191
194
184
181
181
172
163
155
147
141
134
126
114
104
98
86
78
72
65
58
50
41
42
38
34
30
24
25
21
20
17
13
13
9
13
17
20
16
7
12
19
25
28
33
33
30
30
32
37
37
26
19
22
16
5
4
8
4
-11
-25
-30
-36
-47
-57
-66
-77
-90
-103
-104
-109
-124
-139
-149
-152
-155
-166
-178
-182
-186
-191
-189
-185
-184
-189
-189
-183
-178
-181
-183
-170
-156
-148
-140
-133
-125
-116
-108
-94
-77
-69
-68
-53
-30
-11
-4
-4
8
30
43
53
65
66
72
82
101
120
122
115
120
138
146
151
155
156
151
148
158
161
162
160
161
166
157
151
146
143
141
135
133
128
120
115
111
111
104
87
77
76
74
70
62
51
49
40
35
39
36
27
18
21
20
18
15
10
7
8
6
9
7
-2
-7
-13
-10
0
-1
-8
-19
-20
-24
-22
-23
-30
-33
-40
-42
-43
-49
-55
-61
-66
-72
-72
-71
-80
-87
-101
-102
-102
-108
-116
-122
-124
-135
-140
-144
-152
-153
-156
-156
-164
-169
-172
-174
-171
-171
-169
-167
-167
-162
-156
-152
-143
-131
-126
-120
-106
-89
-82
-74
-64
-52
-35
-19
-8
1
15
31
47
54
62
83
93
102
115
125
139
145
152
164
171
178
181
189
192
192
195
194
192
193
191
183
180
177
168
158
156
153
144
139
127
111
100
99
100
90
75
64
54
50
47
44
38
31
25
26
29
28
20
14
14
11
13
13
6
1
1
6
8
8
4
-6
-11
-12
-17
-24
-36
-44
-52
-60
-65
-75
-84
-85
-84
-94
-103
-108
-119
-125
-130
-139
-143
-151
-164
-172
-170
-170
-181
-184
-178
-175
-174
-166
-159
-153
-152
-152
-143
-133
-126
-123
-121
-112
-108
-103
-91
-70
-56
-55
-48
-32
-27
-22
-14
-8
3
6
1
12
20
17
20
33
49
55
59
64
72
79
83
95
110
113
111
117
125
133
135
133
148
155
146
146
153
160
156
153
162
167
163
150
148
155
145
131
123
126
123
110
104
99
96
88
85
84
78
62
54
52
48
41
32
28
21
10
5
1
1
-7
-16
-16
-18
-17
-26
-32
-33
-37
-43
-49
-49
-52
-65
-69
-70
-72
-80
-90
-91
-88
-95
-104
-109
-115
-119
-123
-128
-127
-134
-141
-144
-139
-137
-140
-138
-140
-139
-134
-135
-136
-134
-134
-129
-128
-124
-117
-115
-106
-99
-92
-80
-75
-69
-61
-56
-50
-47
-41
-33
-27
-19
-14
-7
-2
5
17
28
33
38
44
51
58
65
71
79
83
88
97
105
112
115
116
121
131
139
137
136
133
132
136
142
143
132
128
132
134
133
128
125
124
123
125
121
121
120
119
122
116
110
101
98
91
82
77
76
67
57
55
55
49
34
25
26
27
17
5
-4
-11
-23
-30
-33
-41
-52
-63
-69
-71
-77
-85
-97
-103
-106
-114
-119
-125
-133
-135
-138
-141
-139
-142
-145
-148
-150
-150
-149
-148
-148
-150
-148
-142
-140
-139
-136
-132
-129
-129
-123
-119
-118
-114
-106
-93
-87
-86
-76
-63
-58
-55
-51
-39
-29
-30
-21
-13
-4
-2
4
21
29
31
37
49
56
59
65
72
80
84
86
94
104
107
105
111
114
115
116
116
123
125
120
118
123
130
124
124
130
129
121
116
121
124
124
117
114
117
111
106
109
111
104
94
90
89
92
87
78
78
77
70
64
61
59
45
33
31
33
23
10
6
8
-3
-14
-15
-19
-30
-42
-45
-47
-60
-71
-75
-78
-88
-97
-98
-96
-104
-109
-109
-112
-119
-131
-140
-145
-144
-147
-154
-158
-153
-149
-151
-152
-143
-139
-143
-140
-135
-136
-138
-141
-137
-135
-134
-134
-128
-117
-114
-106
-93
-87
-83
-76
-64
-50
-45
-41
-28
-20
-15
-3
10
16
17
26
35
42
52
57
65
70
74
83
86
89
93
96
100
109
113
112
120
124
127
131
133
136
135
137
140
142
145
142
141
143
141
144
141
137
132
131
135
130
126
121
117
114
108
108
110
106
98
98
95
89
83
79
71
62
57
49
41
33
24
18
14
6
-2
-7
-13
-18
-27
-41
-45
-55
-69
-80
-86
-94
-110
-122
-126
-128
-139
-145
-145
-150
-153
-154
-158
-159
-165
-170
-167
-170
-171
-167
-170
-173
-166
-160
-159
-160
-157
-155
-154
-145
-139
-131
-125
-117
-110
-105
-96
-94
-86
-79
-74
-64
-57
-49
-40
-29
-23
-18
-9
0
5
11
18
23
29
31
39
51
57
62
73
85
91
96
102
109
118
117
120
130
135
136
136
143
150
151
146
157
164
160
164
170
172
170
165
166
170
163
155
151
150
144
135
132
136
128
114
118
119
116
111
98
91
80
66
54
50
40
24
18
12
5
-2
-13
-18
-19
-27
-40
-46
-48
-60
-75
-84
-89
-99
-106
-113
-118
-116
-122
-127
-126
-124
-127
-130
-126
-127
-138
-143
-142
-145
-148
-152
-153
-146
-149
-147
-139
-137
-137
-135
-134
-125
-123
-127
-126
-123
-122
-122
-117
-110
-108
-104
-93
-87
-76
-70
-69
-58
-48
-48
-41
-34
-30
-24
-18
-13
-2
7
12
19
29
39
44
49
55
60
62
65
71
81
88
91
97
104
106
106
108
118
123
124
125
127
131
135
139
144
147
148
152
159
153
145
148
147
140
138
133
129
128
127
130
129
123
122
125
113
99
91
84
81
68
58
55
41
33
30
24
18
10
2
-1
-10
-23
-31
-38
-44
-51
-59
-63
-72
-82
-82
-87
-96
-102
-105
-106
-110
-116
-117
-116
-119
-125
-127
-124
-126
-130
-131
-137
-133
-130
-131
-128
-132
-133
-128
-123
-121
-120
-119
-115
-117
-112
-105
-103
-101
-94
-85
-79
-77
-73
-70
-68
-63
-62
-58
-53
-54
-45
-40
-38
-26
-14
-7
-2
6
14
19
15
17
26
30
34
36
43
55
62
71
81
85
94
100
99
103
108
114
115
116
123
130
131
128
136
147
146
141
145
145
142
140
143
148
148
140
140
146
144
136
126
118
108
100
91
88
85
72
68
68
64
58
50
42
36
26
13
4
-5
-18
-32
-42
-44
-47
-58
-61
-57
-58
-65
-73
-78
-82
-89
-96
-101
-105
-113
-121
-125
-123
-125
-129
-127
-121
-115
-113
-110
-104
-102
-106
-109
-109
-108
-113
-112
-108
-106
-104
-101
-91
-85
-82
-79
-74
-70
-70
-62
-58
-58
-55
-52
-51
-47
-43
-37
-30
-26
-21
-18
-14
-10
-4
-1
-1
0
5
11
14
17
22
30
33
40
51
53
59
65
66
72
74
76
83
80
82
86
89
92
95
99
104
106
105
105
109
112
107
107
105
101
101
95
92
95
94
92
87
80
75
74
71
63
59
54
50
44
39
36
28
26
21
15
11
3
-3
-7
-11
-16
-23
-29
-35
-39
-42
-43
-41
-38
-44
-48
-47
-48
-51
-51
-55
-56
-59
-63
-64
-65
-67
-64
-63
-63
-62
-60
-58
-58
-60
-58
-59
-60
-58
-55
-55
-58
-58
-61
-59
-60
-67
-63
-59
-60
-61
-61
-58
-55
-54
-54
-52
-52
-59
-58
-54
-52
-50
-49
-44
-37
-35
-33
-29
-24
-17
-13
-9
-6
1
0
-2
2
7
13
14
16
25
36
42
49
56
61
62
62
69
72
72
73
79
84
84
81
82
85
91
92
91
96
102
103
99
100
102
102
94
90
92
91
82
76
72
68
61
51
51
51
44
38
41
45
44
36
29
23
14
4
-3
-4
-10
-21
-27
-28
-29
-39
-49
-45
-41
-42
-49
-50
-47
-55
-61
-61
-60
-66
-75
-77
-75
-75
-84
-86
-84
-82
-86
-87
-81
-76
-80
-80
-81
-77
-73
-73
-67
-63
-66
-69
-63
-59
-58
-60
-59
-54
-48
-42
-40
-32
-28
-28
-28
-24
-21
-24
-22
-15
-11
-10
-6
-1
4
6
5
11
15
16
19
21
24
30
33
37
43
45
49
56
61
62
58
61
69
68
68
71
76
84
88
87
90
91
85
86
87
89
88
87
86
86
83
78
73
72
69
64
61
59
58
55
49
42
34
28
18
14
12
6
0
-6
-9
-15
-21
-21
-25
-32
-40
-43
-42
-43
-44
-47
-50
-54
-56
-59
-60
-62
-65
-64
-66
-68
-64
-63
-63
-60
-57
-57
-59
-60
-53
-54
-56
-58
-60
-59
-62
-62
-60
-57
-59
-60
-61
-58
-52
-52
-52
-49
-50
-50
-49
-49
-44
-45
-42
-39
-41
-37
-34
-29
-24
-21
-19
-15
-9
-1
6
10
15
17
23
29
36
43
46
48
49
54
54
57
64
65
69
72
74
80
81
85
86
82
86
88
87
85
82
83
81
78
76
74
73
72
72
68
66
65
62
60
57
53
52
46
41
37
32
28
22
19
18
14
7
0
-5
-8
-15
-19
-20
-23
-28
-34
-39
-41
-42
-49
-53
-49
-48
-53
-60
-56
-52
-55
-60
-60
-56
-56
-61
-61
-55
-58
-62
-65
-62
-59
-61
-61
-57
-53
-54
-53
-47
-47
-48
-46
-44
-40
-42
-45
-40
-34
-32
-38
-36
-30
-28
-31
-33
-28
-25
-30
-32
-24
-21
-23
-21
-12
-8
-8
-13
-10
-3
-5
-8
-3
5
9
7
12
19
23
20
20
25
27
29
35
42
41
39
42
49
55
55
58
66
70
72
73
74
74
73
72
75
75
75
75
77
85
82
76
77
79
75
67
64
62
62
55
45
45
38
29
26
26
20
13
8
5
5
-1
-9
-11
-14
-15
-21
-25
-28
-29
-36
-42
-39
-39
-45
-51
-52
-51
-48
-49
-48
-47
-46
-44
-44
-47
-46
-45
-48
-48
-51
-48
-48
-50
-47
-46
-44
-48
-45
-42
-41
-40
-41
-41
-38
-36
-36
-35
-35
-38
-41
-40
-34
-33
-36
-39
-35
-32
-33
-30
-30
-28
-29
-25
-20
-15
-13
-14
-12
-11
-11
-12
-10
-8
-8
-1
-1
-2
2
8
12
16
17
16
22
26
30
38
45
49
53
54
56
57
59
60
62
65
67
72
79
81
79
80
84
89
88
90
92
89
89
86
83
80
76
74
67
62
56
54
53
49
46
41
35
29
23
16
11
4
-5
-12
-18
-25
-32
-37
-44
-49
-53
-60
-61
-66
-68
-67
-67
-67
-69
-69
-65
-65
-68
-67
-66
-65
-68
-66
-61
-59
-59
-59
-52
-49
-48
-42
-38
-31
-29
-29
-25
-20
-26
-32
-30
-25
-28
-35
-35
-32
-35
-41
-38
-35
-36
-40
-39
-32
-30
-35
-32
-25
-23
-28
-31
-24
-17
-20
-22
-18
-9
-8
-10
-4
4
8
9
16
26
30
29
33
43
48
45
43
53
57
49
46
54
56
51
55
62
67
64
57
60
65
59
57
60
62
59
54
55
58
55
47
47
49
47
42
42
44
41
34
34
35
31
27
25
28
29
23
19
15
11
5
2
0
0
-5
-8
-7
-9
-14
-20
-20
-17
-19
-20
-22
-21
-21
-26
-29
-30
-30
-33
-34
-32
-30
-31
-37
-38
-36
-38
-39
-37
-36
-32
-35
-34
-32
-35
-39
-42
-44
-43
-43
-44
-45
-48
-48
-49
-51
-54
-54
-50
-46
-42
-43
-42
-41
-42
-42
-43
-41
-43
-43
-38
-34
-30
-27
-23
-17
-13
-8
-5
-2
4
5
7
12
15
18
19
21
25
26
27
32
37
39
43
50
51
52
55
58
59
61
61
61
61
56
59
65
64
62
61
62
62
61
64
66
66
64
63
62
55
52
53
52
44
37
34
31
27
23
23
22
18
12
11
10
9
5
1
1
-6
-14
-15
-17
-25
-32
-33
-33
-36
-43
-49
-46
-52
-56
-54
-52
-53
-54
-53
-53
-54
-54
-53
-49
-54
-57
-52
-46
-45
-45
-46
-38
-38
-42
-37
-31
-26
-28
-24
-18
-20
-23
-21
-19
-18
-25
-24
-18
-16
-21
-23
-16
-15
-20
-19
-15
-12
-16
-16
-13
-13
-12
-17
-11
-2
-6
-10
-7
-3
-4
-5
-2
5
8
6
10
19
25
23
24
31
35
29
29
37
40
38
35
43
50
46
45
45
51
52
47
50
57
53
45
47
52
52
46
41
44
43
33
29
35
35
25
16
19
20
12
9
11
15
11
6
10
15
12
5
4
10
10
5
2
1
0
-6
-9
-7
-7
-14
-20
-17
-18
-23
-24
-28
-26
-28
-30
-28
-27
-28
-29
-27
-26
-23
-26
-29
-27
-31
-34
-33
-36
-34
-35
-36
-36
-35
-32
-32
-32
-28
-28
-28
-29
-27
-22
-21
-22
-23
-23
-24
-23
-23
-19
-21
-25
-23
-23
-21
-20
-23
-21
-17
-18
-16
-15
-15
-12
-12
-11
-9
-8
-6
-9
-8
-4
1
5
8
