SAMPLES:	18692
BITSPERSAMPLE:	16
CHANNELS:	1
SAMPLERATE:	16000
NORMALIZED:	FALSE
0
0
0
0
1
0
0
0
0
0
0
0
1
0
-1
0
-1
1
0
0
0
0
-1
0
-1
0
0
0
0
-1
1
0
0
0
1
0
-1
0
1
1
0
-1
0
0
0
0
0
0
0
0
-1
0
0
0
0
1
-1
0
0
-1
0
0
0
0
0
1
1
0
0
0
-1
-1
0
0
0
1
0
0
0
0
0
0
1
0
0
-1
0
0
1
0
0
0
0
0
1
0
0
-1
0
0
0
0
0
0
0
0
1
0
0
0
0
0
0
0
0
1
0
0
0
0
0
0
-1
0
0
0
0
0
0
0
1
0
0
0
1
0
1
1
2
1
1
3
2
3
2
2
2
3
4
3
2
2
2
1
1
0
1
0
-1
-1
-1
-1
-1
-3
-3
-3
-2
-3
-4
-3
-3
-3
-3
-4
-3
-3
-3
-2
-3
-2
-2
-2
-1
-1
-2
-1
0
0
-1
0
0
1
0
0
-1
0
-1
1
0
-2
-4
-4
-4
-2
-3
-6
-9
-11
-11
-9
-8
-9
-13
-18
-17
-11
-7
-7
-12
-15
-13
-6
-1
0
-1
-2
-1
4
13
16
14
13
18
25
29
29
29
31
35
37
37
39
39
39
39
39
38
36
33
30
27
27
25
20
12
7
5
7
-9
-19
-12
-15
-16
-30
-40
-42
-37
-31
-36
-45
-51
-50
-48
-37
-32
-34
-42
-44
-28
-16
-14
-16
-18
-12
-3
8
12
11
9
11
16
23
26
22
19
16
16
20
19
15
5
1
2
2
0
-8
-18
-21
-17
-17
-23
-27
-28
-29
-28
-22
-15
-17
-19
-16
-6
6
31
53
39
19
25
73
128
143
119
88
91
137
197
229
221
170
129
145
213
278
256
166
100
104
167
205
162
78
15
-1
11
17
6
-55
-153
-186
-163
-157
-205
-276
-310
-315
-320
-344
-371
-391
-395
-403
-404
-400
-402
-394
-396
-366
-324
-302
-275
-269
-245
-191
-112
-75
-47
-65
104
206
133
159
161
332
445
472
406
340
391
504
583
579
555
420
368
400
528
570
359
208
175
231
249
164
47
-107
-152
-147
-154
-224
-327
-441
-497
-466
-481
-511
-570
-647
-666
-643
-593
-614
-658
-623
-594
-582
-549
-516
-462
-392
-351
-281
-261
-229
-104
-9
15
68
212
362
321
244
363
563
750
736
643
630
695
825
935
984
965
810
710
787
940
1017
863
644
539
580
630
602
474
315
189
128
113
81
-6
-171
-320
-340
-339
-389
-488
-596
-653
-688
-695
-711
-757
-798
-813
-799
-770
-769
-755
-713
-700
-680
-606
-523
-463
-434
-397
-304
-226
-153
-92
-51
168
199
137
149
259
502
567
525
421
418
521
693
721
644
518
423
483
561
660
567
292
145
207
325
281
107
-79
-198
-191
-138
-163
-331
-485
-570
-541
-502
-556
-632
-721
-744
-696
-663
-678
-726
-744
-660
-570
-540
-555
-579
-483
-372
-327
-220
-146
-140
-80
-8
107
171
260
448
547
500
436
500
719
952
1029
947
765
765
927
1118
1221
1135
974
783
758
953
1107
1020
722
484
468
580
606
471
273
97
-32
-88
-33
-59
-246
-499
-607
-548
-539
-625
-757
-842
-882
-896
-870
-854
-895
-959
-979
-936
-838
-782
-804
-813
-739
-626
-561
-498
-428
-394
-322
-203
-77
-75
-31
28
241
414
361
379
262
429
634
765
749
587
529
553
707
795
785
580
438
418
485
577
479
295
86
30
129
137
30
-219
-383
-421
-353
-333
-453
-604
-746
-710
-684
-642
-652
-788
-814
-795
-695
-646
-676
-651
-622
-573
-507
-448
-426
-349
-314
-228
-115
-93
27
86
193
308
229
238
425
733
902
667
446
520
859
1240
1245
972
714
688
935
1243
1366
1200
755
476
641
1055
1234
903
396
189
338
563
599
340
16
-215
-254
-109
-7
-165
-499
-741
-702
-531
-522
-673
-838
-928
-887
-811
-775
-820
-902
-900
-831
-745
-705
-740
-728
-642
-538
-462
-465
-433
-377
-294
-150
-58
-76
-91
-57
95
238
350
515
341
209
246
471
824
854
640
315
268
516
823
815
605
327
131
239
438
593
381
-45
-233
-148
40
65
-153
-466
-625
-562
-431
-422
-590
-768
-874
-765
-640
-657
-753
-853
-814
-718
-625
-599
-643
-649
-536
-449
-388
-333
-303
-202
-147
-22
90
73
183
354
475
451
287
426
785
1070
1030
658
490
731
1215
1468
1305
927
728
808
1124
1428
1408
1103
631
473
796
1220
1204
666
182
157
411
542
420
145
-165
-366
-376
-197
-126
-372
-717
-880
-728
-577
-641
-823
-939
-948
-925
-879
-852
-843
-903
-914
-853
-799
-728
-726
-696
-597
-535
-481
-479
-406
-286
-225
-146
-81
-45
-41
17
147
262
339
384
347
282
308
442
622
668
569
375
264
386
609
667
493
285
152
193
316
387
260
-23
-171
-138
-57
-90
-242
-417
-554
-568
-472
-471
-611
-766
-825
-739
-660
-676
-740
-778
-723
-652
-585
-532
-546
-505
-422
-334
-256
-222
-146
-42
28
81
146
194
303
467
565
581
465
478
732
1033
1180
913
619
642
1060
1496
1465
1097
766
787
1047
1351
1449
1259
828
455
574
1037
1276
907
274
38
229
489
473
224
-86
-372
-463
-322
-137
-264
-669
-974
-920
-702
-652
-828
-1024
-1091
-1057
-976
-904
-865
-961
-1071
-1036
-881
-718
-737
-804
-769
-667
-541
-489
-444
-403
-344
-272
-178
-48
-86
-95
-72
213
545
385
100
-84
285
776
893
626
204
78
368
818
942
713
233
-13
119
505
806
535
-49
-398
-227
162
236
-58
-455
-705
-671
-403
-290
-469
-794
-975
-809
-602
-535
-640
-821
-820
-679
-522
-442
-527
-552
-458
-340
-244
-212
-190
-101
-43
42
199
271
296
353
490
690
672
555
621
907
1240
1158
851
683
892
1374
1590
1350
1000
855
1008
1265
1449
1468
1142
664
491
853
1328
1250
577
73
144
477
585
332
19
-263
-446
-424
-257
-198
-517
-991
-1133
-886
-673
-767
-1042
-1220
-1191
-1102
-1002
-944
-981
-1097
-1188
-1063
-854
-792
-857
-913
-826
-697
-634
-569
-521
-483
-443
-360
-241
-126
-170
-82
89
224
319
95
99
353
658
736
468
266
341
602
810
788
540
373
323
412
574
562
392
86
-81
63
190
140
-147
-372
-377
-327
-323
-415
-585
-675
-637
-606
-578
-673
-768
-766
-677
-530
-546
-633
-642
-521
-358
-264
-308
-396
-286
-103
111
140
64
128
185
432
621
676
575
455
612
1091
1340
1091
699
604
1181
1668
1669
1195
840
944
1266
1550
1617
1404
963
639
763
1282
1499
1022
309
88
411
679
505
143
-199
-390
-450
-371
-271
-440
-834
-1102
-1025
-812
-819
-1037
-1200
-1200
-1143
-1157
-1164
-1130
-1133
-1145
-1120
-1061
-1057
-1084
-984
-827
-735
-806
-846
-734
-526
-326
-334
-335
-340
-211
15
168
342
199
84
117
426
787
791
518
266
365
652
916
839
624
418
356
500
649
660
426
122
30
127
253
185
-79
-361
-426
-312
-238
-364
-639
-737
-731
-622
-593
-691
-791
-878
-797
-639
-565
-624
-693
-662
-486
-351
-310
-320
-337
-182
-2
102
160
123
167
362
565
660
575
528
702
1114
1229
1029
733
809
1335
1689
1637
1194
980
1069
1399
1654
1703
1423
902
680
964
1502
1512
862
228
179
553
731
502
83
-286
-447
-408
-213
-219
-554
-1001
-1122
-895
-749
-902
-1213
-1336
-1249
-1153
-1144
-1204
-1291
-1331
-1280
-1116
-991
-1077
-1219
-1171
-912
-664
-679
-775
-789
-652
-389
-193
-191
-248
-344
-22
301
332
220
-28
162
506
794
692
390
235
463
788
934
833
487
336
434
752
888
595
207
46
165
331
314
100
-240
-433
-412
-249
-253
-438
-678
-823
-749
-667
-619
-671
-813
-873
-840
-696
-570
-620
-667
-648
-550
-374
-331
-305
-238
-184
-78
10
184
273
293
338
500
627
752
744
903
1239
1135
1011
864
1204
1702
1704
1372
1091
1154
1423
1599
1592
1563
1244
897
875
1211
1559
1296
573
222
378
721
684
285
-62
-300
-420
-370
-282
-351
-694
-1150
-1189
-999
-891
-1030
-1369
-1494
-1409
-1317
-1252
-1306
-1373
-1426
-1423
-1203
-1040
-1074
-1130
-1129
-936
-783
-739
-657
-637
-543
-379
-319
-209
-154
-123
264
316
249
134
115
549
875
930
602
267
360
827
1125
1112
715
324
292
577
1000
996
453
-54
-115
216
450
294
-97
-508
-611
-394
-186
-320
-633
-926
-913
-744
-664
-696
-910
-1049
-963
-806
-680
-761
-885
-822
-666
-485
-434
-480
-435
-277
-101
43
87
99
234
404
648
633
652
767
1031
1343
1206
1085
1014
1318
1710
1831
1550
1257
1204
1442
1783
1810
1717
1298
939
1004
1402
1696
1363
649
339
542
797
719
323
-53
-266
-393
-342
-311
-494
-837
-1220
-1146
-962
-1042
-1285
-1499
-1420
-1318
-1407
-1452
-1446
-1395
-1365
-1386
-1268
-1170
-1216
-1237
-1125
-876
-744
-861
-865
-676
-471
-302
-285
-256
-191
-104
379
444
309
172
189
658
985
984
643
345
466
937
1119
1031
707
409
352
557
906
878
351
-88
-89
187
313
102
-255
-552
-592
-431
-353
-552
-764
-927
-935
-853
-858
-851
-969
-1077
-1033
-955
-826
-862
-893
-813
-679
-566
-471
-461
-346
-158
-72
127
140
261
421
588
661
721
846
1096
1436
1234
1128
1101
1456
1883
1888
1682
1330
1338
1633
1956
1945
1708
1407
1216
1244
1460
1689
1466
856
495
565
848
776
396
-11
-272
-322
-338
-337
-529
-840
-1183
-1221
-1062
-1051
-1259
-1538
-1575
-1485
-1481
-1501
-1482
-1508
-1565
-1543
-1413
-1243
-1263
-1301
-1267
-1129
-906
-822
-791
-759
-630
-473
-348
-208
-61
-21
330
414
258
232
353
847
1117
963
566
351
543
1093
1257
1018
574
290
432
740
1012
879
287
-134
-14
316
472
191
-233
-583
-649
-355
-187
-478
-869
-1099
-996
-811
-821
-926
-1091
-1248
-1155
-966
-890
-903
-1048
-947
-753
-704
-561
-550
-389
-239
-230
-9
83
255
383
486
575
674
796
1239
1415
1114
1050
1133
1733
2046
1897
1652
1440
1555
1926
2123
2108
1857
1517
1379
1441
1761
1916
1440
772
615
826
1006
724
332
45
-198
-300
-296
-335
-525
-952
-1259
-1178
-1054
-1064
-1386
-1728
-1669
-1564
-1535
-1557
-1688
-1739
-1782
-1626
-1410
-1451
-1531
-1468
-1318
-1119
-1000
-911
-823
-787
-591
-381
-202
-98
53
164
199
254
437
676
720
770
720
761
786
849
958
942
954
801
683
726
810
862
655
405
303
311
285
181
61
-96
-290
-436
-434
-439
-573
-781
-914
-914
-926
-1006
-1043
-1083
-1104
-1204
-1222
-1094
-979
-980
-1022
-1005
-814
-679
-595
-497
-460
-293
-137
41
182
308
285
398
585
912
1370
1125
900
920
1388
2021
2015
1706
1392
1457
1864
2230
2219
2024
1654
1429
1533
1814
2068
1768
1079
763
927
1195
1062
624
297
131
61
-79
-163
-287
-476
-864
-1059
-1009
-1010
-1116
-1440
-1503
-1444
-1577
-1677
-1713
-1578
-1495
-1689
-1796
-1699
-1494
-1297
-1329
-1378
-1280
-1177
-942
-749
-593
-506
-588
-516
-210
238
512
218
-111
41
529
1064
1101
676
350
316
775
1334
1340
985
430
265
674
1128
1212
700
88
-8
317
545
456
68
-292
-474
-426
-197
-232
-590
-907
-990
-807
-746
-943
-1084
-1104
-1106
-1101
-1117
-1083
-1007
-1053
-974
-942
-908
-819
-726
-553
-432
-422
-335
-209
-31
134
347
438
579
859
828
908
926
1359
1810
1801
1476
1280
1570
2008
2229
2085
1894
1609
1579
1796
2068
2112
1689
1116
1005
1316
1576
1299
702
363
343
424
397
185
-150
-522
-753
-637
-529
-701
-1123
-1465
-1453
-1250
-1233
-1470
-1726
-1749
-1638
-1628
-1588
-1528
-1575
-1624
-1589
-1336
-1133
-1135
-1155
-1082
-801
-586
-549
-480
-401
78
269
-40
-82
98
589
857
836
564
326
345
804
1236
1152
799
360
357
720
1122
1117
549
-8
60
430
593
435
-6
-410
-545
-336
38
-131
-654
-1062
-1016
-629
-545
-748
-1036
-1207
-1177
-1004
-904
-845
-995
-1213
-1137
-1000
-701
-615
-761
-745
-715
-472
-214
-103
-121
-76
98
301
726
828
743
566
707
1423
1876
1767
1225
1133
1543
2060
2265
2096
1782
1471
1546
1914
2240
2128
1549
1026
1091
1533
1665
1257
705
478
528
533
470
244
-50
-385
-563
-472
-494
-704
-1044
-1268
-1210
-1187
-1339
-1516
-1588
-1503
-1531
-1669
-1639
-1584
-1559
-1504
-1423
-1302
-1342
-1362
-1131
-836
-708
-802
-824
-612
-132
65
-107
-235
-102
345
607
645
518
376
391
624
984
1105
864
496
417
682
1007
1003
618
266
178
362
495
416
180
-151
-304
-265
-141
-139
-376
-612
-730
-722
-649
-649
-763
-858
-960
-998
-929
-912
-855
-872
-992
-975
-945
-839
-694
-695
-583
-594
-587
-489
-309
-129
68
64
231
544
453
527
520
999
1506
1506
1213
1013
1269
1733
2026
1978
1878
1569
1457
1589
1984
2333
1945
1223
979
1335
1802
1641
1074
663
545
632
709
622
330
-97
-469
-423
-257
-313
-690
-1117
-1178
-1010
-1039
-1238
-1429
-1436
-1397
-1506
-1503
-1453
-1454
-1474
-1532
-1424
-1291
-1276
-1258
-1141
-979
-897
-851
-743
-525
-172
-78
-274
-308
-72
422
644
585
357
224
364
744
1103
1037
679
359
433
758
1020
929
502
80
96
393
492
347
16
-260
-355
-267
-73
-119
-400
-678
-732
-613
-545
-586
-726
-912
-950
-885
-832
-829
-899
-947
-919
-885
-799
-759
-747
-627
-606
-606
-500
-402
-196
-50
-36
326
240
208
339
573
1169
1291
1110
871
941
1377
1841
1814
1682
1506
1461
1605
1780
2051
1986
1496
1194
1354
1668
1751
1299
917
793
799
822
722
509
249
-99
-193
-84
-95
-346
-787
-943
-783
-765
-963
-1201
-1329
-1261
-1305
-1353
-1358
-1447
-1458
-1449
-1347
-1216
-1305
-1350
-1260
-1051
-819
-865
-869
-665
-523
-387
-328
-186
42
112
183
296
393
485
498
613
804
787
699
583
680
876
821
588
447
498
522
399
273
196
65
-38
-115
-167
-228
-370
-480
-517
-533
-597
-725
-823
-815
-752
-831
-913
-990
-920
-894
-995
-924
-924
-873
-840
-846
-705
-672
-648
-566
-510
-413
-189
-102
117
291
106
187
281
796
1221
1119
848
779
1122
1591
1820
1673
1589
1483
1579
1762
1943
2103
1872
1443
1334
1580
1831
1639
1230
1053
1021
923
809
712
662
437
-5
-117
-104
-60
-274
-699
-778
-782
-880
-1044
-1202
-1124
-1178
-1422
-1470
-1446
-1368
-1364
-1461
-1423
-1369
-1445
-1331
-1204
-998
-837
-1073
-987
-824
-538
-273
-291
-199
-183
-143
129
434
575
476
308
485
743
887
846
686
644
662
706
714
665
524
362
257
249
316
155
-34
-199
-284
-212
-312
-407
-502
-662
-728
-767
-763
-755
-885
-1014
-1048
-954
-850
-918
-1057
-1051
-957
-857
-834
-773
-694
-706
-694
-553
-466
-258
-165
28
268
43
84
222
726
1206
1170
824
632
919
1542
1918
1758
1517
1284
1389
1719
2101
2229
1861
1246
1167
1638
2002
1827
1227
867
924
1038
1062
886
632
372
84
66
143
81
-188
-543
-687
-649
-745
-838
-980
-1073
-1108
-1280
-1310
-1279
-1311
-1302
-1351
-1343
-1294
-1396
-1294
-1130
-1035
-998
-1103
-1004
-722
-510
-443
-478
-437
-172
-6
87
224
336
377
271
408
710
820
651
477
576
739
764
655
560
476
390
354
339
324
186
-37
-201
-204
-126
-240
-471
-597
-613
-635
-717
-784
-773
-809
-983
-1056
-1018
-896
-871
-1003
-1067
-1038
-916
-832
-784
-720
-677
-677
-631
-435
-224
-162
93
110
56
50
250
844
1077
969
663
737
1091
1525
1699
1624
1454
1324
1417
1651
2020
2076
1704
1217
1206
1665
1916
1632
1186
943
968
1011
1017
862
563
212
92
223
220
-33
-417
-607
-492
-405
-613
-886
-1068
-979
-937
-1043
-1079
-1218
-1286
-1305
-1250
-1079
-1131
-1211
-1280
-1157
-934
-866
-846
-895
-758
-553
-399
-373
-370
-260
-100
91
185
234
181
230
467
609
677
550
440
562
655
716
634
481
389
313
335
405
322
156
-59
-210
-124
-78
-147
-363
-586
-632
-583
-577
-651
-788
-891
-962
-979
-877
-884
-962
-1014
-1039
-954
-889
-898
-794
-808
-776
-664
-689
-434
-353
-143
139
-113
-111
-6
497
1052
992
667
458
735
1337
1736
1587
1352
1137
1240
1572
1868
2055
1739
1220
1193
1539
1871
1719
1189
968
964
1055
1058
833
626
426
214
237
245
124
-146
-464
-437
-295
-439
-663
-837
-882
-804
-924
-940
-924
-1051
-1037
-1064
-928
-899
-956
-950
-936
-737
-706
-687
-664
-548
-448
-413
-350
-197
-46
-108
-105
16
216
306
200
213
346
411
391
285
285
420
403
264
199
157
177
93
13
9
-97
-220
-352
-350
-286
-391
-570
-659
-664
-605
-708
-836
-818
-776
-789
-961
-964
-817
-772
-863
-923
-840
-708
-712
-776
-578
-477
-396
-499
-441
-93
54
311
112
37
206
499
946
1070
903
681
731
1054
1603
1689
1478
1184
1066
1396
1740
1888
1733
1229
950
1153
1499
1622
1251
787
646
703
822
872
617
304
-29
-98
124
125
-80
-440
-694
-560
-478
-566
-670
-842
-834
-894
-944
-803
-787
-827
-907
-891
-785
-687
-731
-712
-558
-428
-343
-481
-449
-228
-28
107
31
-27
21
132
387
506
413
213
153
353
585
610
387
136
95
309
378
263
53
-161
-224
-198
-97
-138
-402
-686
-735
-569
-460
-584
-831
-965
-943
-787
-780
-888
-951
-1005
-986
-964
-908
-809
-876
-929
-840
-724
-619
-652
-630
-533
-368
-310
-283
-177
-84
325
322
201
226
447
972
1122
1024
838
859
1083
1481
1666
1621
1421
1190
1266
1572
1918
1902
1392
968
1083
1437
1555
1226
832
659
607
617
622
483
270
-56
-229
-170
-116
-233
-539
-739
-683
-638
-822
-938
-919
-850
-913
-1049
-1005
-922
-835
-793
-798
-705
-745
-645
-486
-408
-218
-272
-254
-126
83
232
184
230
369
465
462
573
658
676
590
549
724
778
686
550
446
440
462
384
259
118
-13
-114
-263
-306
-360
-536
-738
-875
-887
-877
-997
-1124
-1212
-1279
-1258
-1270
-1294
-1285
-1304
-1323
-1293
-1258
-1172
-1113
-1114
-994
-925
-842
-756
-670
-496
-456
-289
-235
-17
96
318
580
401
479
552
1031
1405
1396
1158
1025
1236
1650
2001
1899
1707
1472
1495
1707
1951
2074
1744
1243
1109
1353
1620
1458
982
632
559
602
602
426
160
-146
-380
-335
-335
-439
-731
-1026
-1031
-906
-990
-1168
-1269
-1257
-1147
-1236
-1243
-1166
-1143
-1040
-1011
-894
-769
-801
-709
-538
-270
-116
-176
-192
24
344
479
496
459
586
696
849
990
975
932
821
908
1092
1140
1010
746
620
726
774
637
401
179
50
-47
-116
-155
-359
-636
-845
-911
-887
-959
-1144
-1336
-1477
-1510
-1444
-1487
-1532
-1598
-1676
-1644
-1586
-1486
-1412
-1447
-1414
-1297
-1182
-1019
-947
-832
-753
-615
-464
-263
-22
92
450
392
415
581
918
1485
1591
1410
1182
1365
1804
2271
2252
2035
1830
1808
2011
2226
2444
2273
1750
1412
1574
1905
1905
1408
942
805
838
810
647
348
71
-251
-395
-380
-440
-689
-1121
-1350
-1255
-1206
-1402
-1576
-1689
-1679
-1727
-1779
-1615
-1587
-1593
-1595
-1512
-1272
-1187
-1114
-961
-819
-596
-504
-254
338
164
-47
26
571
1382
1366
966
688
811
1372
1883
1862
1624
1151
999
1257
1640
1951
1480
553
336
776
1121
805
125
-231
-417
-407
-304
-425
-919
-1395
-1573
-1326
-1284
-1602
-1853
-2131
-2176
-2000
-1980
-2068
-2237
-2350
-2163
-2094
-1988
-1926
-1954
-1729
-1605
-1488
-1330
-1134
-979
-695
-404
-78
289
102
275
576
1098
1701
1877
1789
1427
1592
2303
3008
3040
2637
2309
2313
2708
3221
3365
2897
2165
1992
2386
2740
2618
1940
1286
1041
1208
1400
1150
487
-71
-396
-322
-222
-450
-982
-1559
-1710
-1512
-1470
-1794
-2153
-2319
-2213
-2155
-2227
-2273
-2320
-2237
-2114
-1993
-1796
-1807
-1670
-1507
-1156
-847
-782
-652
-458
1
252
437
518
739
933
1149
1469
1608
1618
1498
1628
1924
2120
2017
1751
1624
1652
1807
1725
1460
1198
944
799
618
627
430
16
-411
-667
-547
-602
-918
-1309
-1623
-1692
-1661
-1724
-1883
-2083
-2257
-2375
-2298
-2152
-2129
-2266
-2421
-2270
-2053
-1873
-1786
-1783
-1592
-1525
-1254
-1104
-774
-491
-302
153
16
207
418
993
1700
1807
1579
1350
1696
2403
2983
2916
2597
2371
2496
2804
3184
3338
3071
2407
2031
2392
2835
2701
1999
1389
1288
1326
1275
1107
665
182
-285
-422
-267
-367
-834
-1424
-1745
-1559
-1536
-1793
-2089
-2282
-2280
-2362
-2383
-2270
-2273
-2338
-2359
-2237
-2041
-1902
-1841
-1669
-1411
-1228
-1061
-965
-482
-121
-135
-85
194
764
1052
1040
1128
1250
1413
1657
1904
2033
1908
1745
1747
1921
2075
2004
1618
1321
1321
1435
1274
851
603
425
273
29
-121
-321
-653
-910
-1060
-1119
-1346
-1561
-1733
-1847
-1899
-2037
-2177
-2270
-2239
-2211
-2245
-2304
-2329
-2180
-2057
-1953
-1809
-1753
-1611
-1375
-1247
-829
-654
-255
-19
-242
76
406
1125
1570
1534
1354
1353
1791
2517
2967
2828
2536
2376
2624
3042
3391
3357
2876
2337
2395
2813
2971
2599
1973
1556
1549
1584
1479
1121
577
197
-64
-143
-217
-545
-989
-1427
-1563
-1481
-1708
-1946
-2167
-2309
-2326
-2480
-2488
-2425
-2465
-2408
-2416
-2354
-2250
-2118
-1952
-1712
-1492
-1382
-1260
-1119
-601
-297
-145
-6
111
491
751
1054
1284
1275
1343
1462
1768
2014
2020
1945
1800
1819
1958
2019
1824
1603
1433
1299
1152
1011
900
636
268
14
-89
-212
-431
-731
-937
-1150
-1360
-1473
-1588
-1737
-1902
-2094
-2152
-2177
-2180
-2187
-2270
-2314
-2289
-2132
-2016
-1967
-1900
-1802
-1653
-1421
-1369
-993
-778
-475
-80
-187
64
180
792
1467
1671
1485
1286
1618
2265
2895
2888
2729
2550
2583
2884
3286
3563
3366
2705
2314
2618
3066
3007
2392
1756
1622
1583
1536
1381
892
504
-1
-143
-92
-315
-702
-1286
-1561
-1450
-1494
-1759
-2145
-2399
-2332
-2404
-2455
-2411
-2523
-2554
-2600
-2481
-2226
-2177
-2132
-1975
-1825
-1537
-1446
-1360
-924
-587
-111
-316
-456
44
556
1185
1224
993
920
981
1566
2102
2121
1861
1399
1419
1756
2065
2093
1656
1126
965
1139
1199
1054
686
215
-76
-158
-17
-130
-633
-998
-1198
-1121
-1194
-1447
-1590
-1757
-1912
-1957
-2010
-1986
-2017
-2150
-2146
-2102
-1999
-1940
-1962
-1775
-1550
-1511
-1392
-1302
-1079
-660
-496
22
114
-95
120
454
1319
1843
1731
1321
1297
1839
2760
3062
2815
2614
2442
2664
2949
3460
3644
2991
2240
2267
2820
3113
2677
1977
1593
1525
1520
1474
1230
803
299
-123
-105
-110
-335
-835
-1385
-1413
-1392
-1561
-1844
-2156
-2145
-2204
-2323
-2364
-2401
-2378
-2401
-2388
-2243
-2146
-2197
-2077
-1841
-1554
-1382
-1495
-1212
-695
-532
-493
-478
-20
453
563
589
638
840
1026
1297
1473
1569
1492
1322
1347
1542
1796
1678
1231
975
1045
1101
900
655
467
273
-31
-153
-119
-331
-660
-928
-955
-976
-1220
-1406
-1546
-1605
-1641
-1790
-1878
-1898
-1889
-1883
-1888
-1876
-1801
-1785
-1697
-1528
-1368
-1243
-1285
-1126
-981
-593
-284
-157
306
154
206
331
911
1855
2022
1588
1162
1610
2416
3095
2941
2647
2474
2450
2816
3207
3509
3276
2513
2122
2466
2957
2945
2250
1558
1480
1569
1484
1316
857
548
100
-155
-79
-248
-532
-1101
-1426
-1294
-1317
-1608
-2007
-2137
-1989
-2029
-2237
-2326
-2277
-2270
-2254
-2223
-2049
-1993
-2132
-2025
-1736
-1396
-1309
-1448
-1208
-686
-383
-242
-413
-267
100
434
851
881
692
515
760
1225
1626
1507
1053
835
924
1374
1515
1215
793
386
418
602
687
476
-90
-486
-554
-358
-309
-537
-887
-1214
-1378
-1306
-1117
-1150
-1412
-1807
-1939
-1694
-1457
-1376
-1600
-1828
-1803
-1596
-1311
-1107
-1096
-1151
-1186
-1053
-604
-392
-132
-67
46
518
439
594
765
1252
1898
1973
1738
1519
1801
2385
2956
2870
2701
2435
2387
2737
3018
3332
2981
2204
1960
2246
2707
2602
1851
1334
1224
1304
1281
1012
661
278
-218
-347
-246
-280
-620
-1250
-1465
-1332
-1320
-1553
-1841
-1961
-1926
-2019
-2118
-2050
-2044
-2057
-2107
-2061
-1840
-1871
-1824
-1631
-1360
-1115
-1266
-1145
-859
-509
-289
-247
-147
34
238
376
671
812
833
739
744
1029
1228
1183
973
854
977
985
841
740
644
466
245
90
79
25
-290
-568
-710
-731
-735
-916
-1123
-1320
-1420
-1370
-1408
-1493
-1596
-1700
-1731
-1670
-1539
-1471
-1572
-1688
-1560
-1327
-1056
-1055
-1080
-912
-793
-559
-420
-270
-21
192
339
800
784
750
872
1215
2006
2177
1993
1649
1751
2267
2916
3030
2806
2474
2335
2544
2831
3247
3096
2366
1807
1973
2531
2579
1910
1316
1119
1154
1085
969
729
372
-140
-414
-293
-282
-508
-1023
-1350
-1308
-1306
-1457
-1640
-1744
-1731
-1884
-2033
-1895
-1801
-1793
-1906
-1945
-1708
-1616
-1613
-1524
-1293
-1085
-1125
-1136
-892
-402
-243
-399
-369
-121
221
363
467
558
552
440
525
852
1058
977
627
521
646
775
753
509
326
186
54
-5
-45
-178
-432
-690
-745
-766
-909
-1058
-1196
-1247
-1327
-1456
-1497
-1521
-1579
-1604
-1648
-1641
-1573
-1550
-1458
-1469
-1442
-1257
-1143
-957
-849
-732
-585
-498
-329
-85
146
448
502
803
1010
958
1135
1302
1972
2359
2223
1873
1858
2328
2918
3104
2882
2625
2432
2526
2766
3080
3096
2586
1864
1822
2260
2485
2083
1344
1014
991
966
886
627
271
-171
-568
-539
-445
-613
-1053
-1506
-1570
-1381
-1465
-1727
-1865
-1890
-1854
-2023
-2022
-1832
-1851
-1844
-1859
-1713
-1547
-1599
-1481
-1179
-884
-928
-1053
-883
-354
59
-62
-193
-108
221
464
667
817
713
508
474
827
1143
1151
780
452
466
649
785
577
266
52
-92
-186
-210
-213
-448
-833
-1065
-1052
-986
-1119
-1326
-1492
-1628
-1679
-1694
-1648
-1626
-1746
-1865
-1813
-1638
-1507
-1542
-1597
-1495
-1256
-1090
-994
-935
-742
-526
-384
-201
-49
141
453
627
876
1327
1203
1199
1193
1792
2661
2676
2212
1747
2116
2871
3390
3165
2780
2489
2526
2808
3068
3272
2902
2135
1710
2023
2612
2455
1603
950
822
1026
992
788
401
-70
-525
-638
-473
-472
-822
-1413
-1686
-1539
-1442
-1601
-1813
-1916
-1893
-2024
-2073
-1901
-1790
-1765
-1828
-1815
-1694
-1594
-1465
-1201
-1044
-889
-841
-1014
-741
-238
140
150
-115
-166
162
500
899
976
558
322
379
886
1210
1065
697
258
152
512
794
601
52
-404
-435
-319
-217
-303
-765
-1215
-1353
-1227
-1076
-1224
-1512
-1711
-1862
-1802
-1643
-1640
-1737
-1919
-1892
-1746
-1596
-1518
-1537
-1501
-1292
-1134
-1030
-878
-736
-399
-278
-195
-27
127
400
756
963
1357
1377
1188
1322
1633
2559
2910
2523
1959
1954
2672
3385
3426
3035
2680
2438
2664
3046
3342
3183
2376
1698
1809
2387
2651
1996
1071
665
826
1032
936
481
-42
-515
-755
-533
-449
-746
-1357
-1819
-1711
-1448
-1480
-1787
-2118
-2134
-2048
-2012
-1935
-1870
-1866
-1914
-1891
-1693
-1487
-1477
-1344
-1171
-810
-762
-931
-740
-396
102
176
97
35
161
446
816
1042
858
633
458
742
1120
1230
968
413
207
439
745
688
250
-222
-448
-410
-297
-272
-640
-1118
-1372
-1399
-1179
-1207
-1442
-1751
-2065
-1963
-1766
-1669
-1769
-2015
-2041
-1935
-1781
-1597
-1536
-1494
-1464
-1392
-1156
-916
-705
-512
-415
-338
-153
65
390
747
910
1234
1273
1210
1415
1739
2506
2801
2549
2145
2131
2714
3343
3516
3187
2835
2604
2781
3129
3441
3358
2607
1905
1898
2423
2749
2174
1256
748
810
1025
996
606
-21
-573
-827
-595
-408
-677
-1323
-1913
-1889
-1541
-1463
-1718
-2078
-2188
-2159
-2096
-1929
-1806
-1868
-2017
-1982
-1761
-1528
-1449
-1355
-1201
-1021
-973
-918
-659
-277
462
167
-463
-485
176
1292
1497
923
54
-91
555
1661
1930
1202
227
-204
374
1138
1531
896
-456
-1046
-387
413
342
-500
-1348
-1658
-1361
-958
-846
-1466
-2108
-2310
-1999
-1639
-1768
-1963
-2314
-2404
-2165
-1860
-1756
-1912
-1982
-1882
-1548
-1330
-1159
-1152
-986
-589
-520
-313
-221
1
436
639
1162
1420
1043
1092
1462
2296
2946
2819
2377
2094
2397
3300
3990
3690
3120
2665
2879
3357
3820
3881
3096
2158
2054
2743
3157
2742
1673
1018
1032
1204
1338
1022
298
-280
-692
-522
-296
-489
-1056
-1798
-1896
-1589
-1441
-1619
-2078
-2310
-2228
-2163
-1990
-1973
-2029
-2040
-2034
-1791
-1590
-1652
-1605
-1429
-1066
-817
-798
-568
-761
-499
-110
237
569
333
62
228
775
1212
1233
591
527
793
1160
1211
864
754
491
283
446
663
438
-143
-616
-634
-336
-405
-777
-1237
-1586
-1477
-1458
-1396
-1640
-2020
-2125
-2224
-2060
-1862
-1977
-2221
-2398
-2164
-1818
-1728
-1819
-1832
-1639
-1346
-1146
-1133
-899
-704
-499
-350
-225
49
409
596
995
1310
1068
1044
1277
2204
2849
2635
2135
1931
2386
3207
3674
3323
2868
2626
2803
3212
3496
3612
3087
2156
1998
2576
3082
2668
1652
1178
1264
1337
1277
984
572
139
-349
-354
-183
-237
-650
-1294
-1484
-1268
-1159
-1381
-1702
-1790
-1737
-1830
-1874
-1725
-1667
-1712
-1830
-1783
-1543
-1514
-1491
-1369
-1117
-877
-1006
-991
-853
-359
83
-154
-307
-266
81
601
810
637
282
21
410
1045
1258
863
157
7
272
702
859
342
-400
-711
-438
-110
-174
-647
-1209
-1496
-1403
-1070
-1079
-1429
-1908
-2111
-1846
-1689
-1647
-1846
-2096
-2154
-2007
-1665
-1544
-1632
-1822
-1769
-1435
-1102
-917
-1006
-909
-763
-502
-189
-55
205
265
714
981
862
933
1083
1869
2420
2329
1911
1827
2260
3019
3444
3187
2854
2567
2735
3162
3536
3615
2957
2098
2117
2788
3140
2654
1701
1289
1438
1485
1466
1099
662
258
-161
-125
-101
-181
-545
-1142
-1258
-1122
-1165
-1340
-1547
-1585
-1628
-1867
-1835
-1658
-1584
-1640
-1886
-1800
-1484
-1433
-1394
-1349
-1229
-985
-1085
-819
-507
-350
-314
-578
-250
278
515
427
169
193
535
636
799
873
654
455
257
496
832
614
174
-143
-223
-5
-73
-353
-564
-839
-1011
-1072
-1078
-1003
-1300
-1680
-1751
-1706
-1547
-1658
-1912
-1963
-1946
-1874
-1770
-1826
-1747
-1667
-1776
-1598
-1408
-1158
-1021
-1221
-1006
-748
-492
-302
-269
28
198
661
913
750
761
1018
1715
2266
2183
1769
1729
2078
2797
3211
3058
2741
2401
2545
2970
3389
3435
2841
2086
2073
2601
2863
2530
1732
1303
1344
1420
1457
1105
607
229
11
114
50
-263
-656
-1011
-933
-761
-968
-1304
-1599
-1466
-1235
-1403
-1529
-1625
-1569
-1474
-1515
-1353
-1275
-1314
-1321
-1238
-1148
-846
-917
-382
-140
-728
-622
-627
246
781
506
68
-279
-19
726
1162
990
492
-94
27
484
1035
1041
100
-693
-437
133
302
-177
-699
-1022
-1148
-1006
-766
-910
-1361
-1744
-1808
-1413
-1430
-1605
-1805
-1978
-1785
-1735
-1762
-1724
-1789
-1685
-1663
-1525
-1324
-1455
-1363
-1096
-828
-716
-812
-690
-523
-128
133
439
613
347
451
678
1439
1999
2018
1563
1161
1747
2673
3170
2801
2320
2262
2474
2889
3313
3341
2818
2066
2081
2708
3034
2603
1853
1463
1491
1684
1616
1316
814
428
214
237
363
76
-445
-855
-890
-653
-760
-1097
-1364
-1494
-1361
-1396
-1514
-1503
-1574
-1517
-1531
-1503
-1438
-1468
-1430
-1219
-1030
-881
-900
-1089
-653
-428
-247
-75
-58
41
27
154
592
893
657
394
367
853
1096
951
647
371
465
635
595
471
179
-132
-367
-358
-173
-302
-799
-1280
-1263
-1064
-977
-1307
-1644
-1785
-1815
-1753
-1725
-1775
-1794
-2001
-2145
-1978
-1760
-1551
-1726
-1859
-1712
-1511
-1311
-1272
-1074
-841
-875
-848
-748
-169
138
391
419
174
449
702
1535
2019
1924
1506
1258
1815
2699
3256
2902
2278
2193
2571
3095
3365
3262
2869
2166
2070
2631
3050
2708
1814
1297
1434
1589
1612
1211
649
339
35
81
136
8
-407
-1025
-1189
-965
-882
-1064
-1435
-1653
-1603
-1652
-1582
-1401
-1460
-1561
-1741
-1655
-1359
-1231
-1201
-1142
-1039
-890
-679
-754
-493
-274
-52
128
95
240
274
521
751
902
829
629
702
976
1108
976
756
679
646
614
614
520
203
-79
-223
-258
-227
-464
-738
-1054
-1233
-1237
-1215
-1301
-1573
-1805
-1936
-1962
-1895
-1805
-1857
-2068
-2301
-2232
-1871
-1643
-1678
-1928
-1959
-1664
-1375
-1172
-1070
-1064
-976
-902
-570
-156
97
428
255
200
491
1031
1738
1897
1578
1390
1615
2166
2782
2942
2761
2398
2345
2661
3084
3379
3179
2546
2072
2299
2758
2835
2326
1630
1380
1431
1468
1458
1062
565
125
-31
123
28
-256
-701
-1103
-1087
-1018
-1149
-1310
-1511
-1576
-1614
-1768
-1666
-1557
-1574
-1604
-1717
-1567
-1369
-1296
-1260
-1110
-991
-680
-504
-601
-294
-186
68
323
437
633
634
714
841
1043
1146
1145
1156
1119
1128
1086
1046
962
872
812
624
437
210
63
-87
-256
-330
-556
-842
-1128
-1224
-1165
-1300
-1537
-1846
-1952
-1944
-1972
-1997
-2130
-2247
-2287
-2300
-2138
-1975
-2020
-2134
-2157
-1849
-1565
-1505
-1494
-1443
-1227
-933
-786
-470
-367
-55
345
250
434
684
1238
1787
1800
1617
1637
1915
2526
2922
2890
2751
2533
2677
2919
3195
3407
3091
2481
2286
2557
2847
2654
2062
1596
1492
1455
1396
1205
841
451
26
-75
-62
-154
-484
-1006
-1250
-1132
-1141
-1308
-1581
-1772
-1725
-1788
-1811
-1748
-1735
-1689
-1764
-1757
-1545
-1343
-1327
-1189
-1044
-696
-481
-694
-427
-148
311
571
472
483
583
800
1186
1411
1394
1175
931
1147
1494
1649
1402
891
658
870
944
852
520
92
-241
-366
-265
-192
-537
-1175
-1487
-1392
-1100
-1246
-1741
-2056
-2204
-2053
-1969
-2099
-2194
-2398
-2479
-2436
-2206
-2026
-2131
-2248
-2156
-1833
-1627
-1604
-1523
-1348
-1090
-929
-824
-524
-256
260
456
294
439
803
1525
1963
1936
1754
1715
2093
2709
3103
3087
2850
2654
2721
3044
3432
3554
3097
2440
2332
2690
2955
2628
1998
1616
1497
1455
1341
1100
818
414
-16
-164
-170
-278
-620
-1101
-1287
-1283
-1351
-1525
-1769
-1806
-1798
-1959
-2048
-1969
-1799
-1705
-1881
-1893
-1694
-1553
-1446
-1258
-1030
-762
-823
-820
-431
-41
342
345
333
504
728
971
1256
1381
1334
1156
1134
1411
1646
1626
1269
950
915
1104
1075
831
517
183
-45
-132
-110
-190
-673
-1150
-1272
-1196
-1173
-1424
-1780
-1984
-2072
-2013
-1985
-2137
-2202
-2382
-2442
-2388
-2236
-2082
-2229
-2248
-2117
-1870
-1754
-1715
-1530
-1376
-1109
-1020
-859
-563
-307
240
367
263
403
788
1533
1995
1988
1741
1718
2098
2819
3272
3128
2845
2605
2741
3182
3581
3656
3091
2389
2372
2835
3086
2689
1895
1476
1476
1514
1455
1029
591
271
-75
-151
-196
-320
-680
-1185
-1335
-1289
-1338
-1523
-1751
-1797
-1886
-2054
-2046
-1873
-1728
-1814
-1972
-1945
-1653
-1433
-1348
-1239
-998
-832
-883
-743
-306
170
271
135
186
509
886
1177
1256
1194
1099
1123
1403
1660
1709
1405
989
938
1219
1368
1068
556
276
223
157
74
-103
-406
-801
-1118
-1038
-1014
-1260
-1563
-1815
-1795
-1850
-2043
-2160
-2170
-2076
-2152
-2382
-2447
-2261
-2093
-2026
-2061
-2087
-1963
-1896
-1660
-1290
-1200
-1158
-1183
-1021
-445
-161
293
443
206
341
587
1376
2096
2108
1692
1442
1815
2744
3266
3099
2757
2498
2653
2970
3365
3628
3208
2391
2102
2505
3042
2888
2076
1460
1333
1453
1512
1173
772
371
-33
-129
-178
-213
-519
-1067
-1330
-1287
-1255
-1412
-1724
-1846
-1821
-1948
-1956
-1877
-1832
-1811
-1928
-1830
-1550
-1482
-1445
-1368
-1101
-742
-779
-779
-507
-170
303
343
188
286
511
1014
1309
1274
1073
948
1117
1487
1771
1651
1166
791
956
1250
1328
995
457
115
-3
133
218
-24
-587
-1097
-1144
-952
-929
-1222
-1626
-1912
-1996
-1948
-1883
-1878
-2056
-2333
-2485
-2368
-2076
-1976
-2062
-2233
-2201
-1956
-1785
-1646
-1512
-1344
-1293
-1237
-1062
-694
-299
-115
225
367
292
404
773
1642
2198
1974
1470
1421
2085
3003
3307
2951
2543
2410
2709
3152
3571
3579
2930
2153
2164
2804
3166
2698
1773
1291
1370
1545
1515
1135
630
168
-139
-116
-52
-153
-665
-1294
-1427
-1178
-1123
-1466
-1816
-1882
-1795
-1826
-1894
-1854
-1823
-1864
-1888
-1785
-1602
-1526
-1461
-1321
-1050
-918
-873
-863
-364
386
289
-107
-322
315
1185
1542
1244
684
443
833
1741
2147
1833
933
468
788
1479
1943
1424
307
-255
55
623
686
142
-606
-1137
-1157
-690
-501
-1001
-1686
-2094
-1878
-1636
-1676
-1856
-2221
-2471
-2422
-2245
-2062
-2080
-2198
-2301
-2291
-1996
-1797
-1728
-1680
-1553
-1298
-1220
-1132
-845
-599
-263
-118
138
545
546
576
749
1365
2130
2272
1774
1500
1937
2823
3349
3090
2744
2522
2683
3088
3411
3569
3134
2383
2119
2555
3085
2857
1968
1318
1298
1554
1569
1153
657
272
-50
-107
-62
-192
-624
-1182
-1421
-1233
-1140
-1466
-1846
-1962
-1804
-1776
-1940
-1959
-1921
-1826
-1777
-1814
-1690
-1620
-1525
-1348
-1116
-950
-931
-1013
-738
-363
493
673
-160
-311
-52
1163
1867
1495
700
177
517
1553
2232
1937
1065
232
466
1186
1847
1728
502
-531
-283
483
828
226
-726
-1259
-1245
-783
-407
-842
-1689
-2226
-2083
-1412
-1394
-1855
-2343
-2623
-2363
-1952
-1906
-2053
-2361
-2392
-2164
-1854
-1494
-1576
-1730
-1625
-1321
-932
-770
-775
-511
-345
-27
157
464
1009
970
911
986
1581
2454
2616
2074
1821
2160
2967
3428
3237
3039
2758
2781
3003
3268
3535
3199
2383
2036
2397
2827
2585
1729
1162
1210
1309
1162
710
311
103
-245
-409
-491
-624
-900
-1402
-1596
-1419
-1437
-1722
-2016
-2032
-1826
-1960
-2109
-2087
-1999
-1770
-1823
-1934
-1792
-1616
-1355
-1276
-1226
-1045
-924
-781
-360
1
-25
-162
-92
532
1066
1174
787
538
746
1229
1720
1613
1228
856
751
1085
1512
1556
932
205
135
562
832
441
-270
-719
-704
-544
-512
-788
-1269
-1668
-1783
-1542
-1389
-1677
-2168
-2373
-2142
-1870
-1960
-2228
-2339
-2206
-2020
-1855
-1795
-1783
-1801
-1705
-1365
-1111
-969
-986
-763
-392
-159
-46
-38
329
636
1221
1532
1129
1038
1339
2262
2987
2863
2282
1931
2383
3318
3867
3597
2958
2607
2762
3133
3543
3638
2988
1986
1794
2354
2763
2401
1428
840
816
935
882
510
47
-415
-788
-846
-733
-776
-1229
-1839
-2085
-1738
-1510
-1819
-2231
-2429
-2227
-2108
-2115
-2046
-2093
-2079
-2105
-1953
-1603
-1525
-1536
-1483
-1197
-915
-730
-699
-592
-450
-31
728
453
188
76
375
1324
1631
1357
707
363
865
1679
1797
1324
688
512
732
973
1335
1020
90
-337
-179
267
319
-265
-883
-1225
-1095
-878
-981
-1334
-1689
-1884
-1843
-1801
-1763
-1791
-2131
-2303
-2094
-1829
-1724
-1910
-2009
-1741
-1453
-1317
-1369
-1380
-992
-664
-607
-548
-353
-80
184
269
599
892
1061
1539
1482
1515
1605
1903
2677
2928
2694
2404
2295
2724
3398
3605
3346
2795
2570
2682
2974
3347
3246
2405
1613
1628
2207
2485
1779
779
405
527
682
552
27
-487
-915
-1023
-919
-901
-1085
-1651
-2134
-2002
-1704
-1682
-1930
-2223
-2189
-2172
-2172
-2033
-1882
-1807
-1990
-2034
-1730
-1426
-1337
-1361
-1267
-1031
-881
-758
-677
-206
117
-261
-38
155
612
797
527
701
854
918
881
940
1004
1122
847
766
799
867
916
549
333
368
334
94
-157
-193
-262
-557
-875
-964
-907
-1100
-1338
-1501
-1438
-1574
-1843
-1843
-1719
-1558
-1733
-2014
-1950
-1640
-1448
-1483
-1556
-1455
-1273
-1201
-937
-719
-562
-519
-546
-129
257
492
427
308
792
1362
1895
1845
1284
1362
1860
2684
3314
2934
2216
1937
2352
3472
3850
3341
2713
2207
2479
2935
3254
3233
2490
1622
1495
1958
2382
2058
1082
480
348
566
680
243
-225
-764
-1146
-991
-846
-969
-1470
-2094
-2193
-1814
-1665
-1909
-2365
-2507
-2263
-2181
-2049
-2078
-2195
-2212
-2255
-1926
-1598
-1555
-1654
-1727
-1388
-974
-810
-871
-827
-633
-90
410
-148
-112
-6
413
1138
935
722
225
333
996
1510
1317
686
334
541
884
1013
1083
530
-188
-217
211
493
248
-453
-972
-1007
-643
-331
-687
-1373
-1637
-1483
-1112
-1207
-1416
-1486
-1741
-1756
-1547
-1252
-1260
-1540
-1639
-1307
-909
-886
-1024
-1178
-663
-256
-201
-150
-224
185
390
635
989
1078
1529
1422
1226
1555
1994
2728
2803
2327
2075
2299
2800
3279
3313
3013
2618
2478
2735
2952
3198
3007
2331
1679
1827
2378
2423
1854
910
641
844
940
785
224
-252
-675
-781
-636
-678
-899
-1438
-1918
-1919
-1552
-1596
-1928
-2230
-2360
-2190
-2242
-2197
-2177
-2262
-2201
-2278
-2113
-1893
-1843
-1802
-1755
-1571
-1340
-1320
-1151
-1021
-660
-10
-591
-741
-421
-38
679
626
325
48
-23
434
1171
1196
638
100
110
723
1097
1131
622
-266
-139
440
595
426
-157
-638
-783
-560
-23
-135
-942
-1417
-1292
-818
-692
-1007
-1158
-1277
-1473
-1303
-1118
-962
-966
-1251
-1231
-1038
-794
-656
-764
-566
-321
-318
-294
1
286
541
429
405
676
1219
1930
1480
1125
1081
1806
2840
2887
2321
1749
1871
2539
3329
3430
2904
2266
2192
2494
2973
3257
2880
2017
1584
1921
2389
2362
1637
988
778
873
853
679
302
-189
-626
-737
-627
-619
-912
-1590
-1986
-1796
-1498
-1630
-2042
-2348
-2335
-2242
-2316
-2328
-2245
-2198
-2358
-2498
-2306
-2004
-1821
-1931
-1958
-1776
-1504
-1246
-1336
-1100
-758
-687
-722
-659
-226
99
179
114
174
162
283
593
848
894
463
268
481
877
1041
743
272
166
408
384
296
257
164
-122
-497
-376
-82
-150
-516
-954
-882
-752
-696
-725
-905
-1014
-1147
-1195
-1061
-762
-755
-951
-1205
-1036
-578
-478
-542
-621
-588
-261
-36
76
219
173
335
525
958
1601
1223
783
909
1633
2729
2609
1829
1426
1802
2671
3224
2997
2508
2275
2283
2597
2935
3189
2908
1977
1596
2053
2544
2481
1639
984
956
1139
1088
790
421
89
-277
-529
-488
-491
-656
-1217
-1651
-1579
-1536
-1610
-1867
-2093
-2047
-2183
-2388
-2439
-2259
-2013
-2202
-2573
-2544
-2273
-1945
-1858
-1949
-1984
-1914
-1827
-1427
-1333
-679
-325
-1124
-1178
-1198
-85
765
530
-46
-605
-564
351
1298
1380
707
-300
-120
558
1409
1669
793
-226
-308
357
1029
979
287
-412
-656
-376
285
355
-221
-889
-1221
-589
-346
-442
-744
-1146
-1077
-928
-831
-777
-835
-946
-984
-968
-629
-564
-669
-533
-530
-294
-255
-293
-37
221
478
436
527
1077
1041
982
1044
1457
2297
2353
1744
1539
1933
2580
3124
2780
2534
2313
2425
2783
2936
3173
2875
2117
1808
2345
2817
2621
1664
1021
1206
1468
1387
866
299
89
-124
-169
-310
-673
-843
-1328
-1617
-1522
-1496
-1708
-2181
-2442
-2259
-2165
-2386
-2586
-2662
-2503
-2456
-2628
-2507
-2393
-2340
-2251
-2230
-1986
-1866
-1785
-1688
-1116
-986
-929
-853
-1013
-446
-156
257
247
37
-40
208
591
941
1126
699
396
449
1044
1340
1009
653
571
531
565
732
718
368
-38
-82
196
104
-168
-397
-529
-441
-562
-649
-745
-927
-861
-882
-1006
-922
-995
-1039
-1087
-1079
-740
-809
-985
-936
-851
-447
-514
-591
-489
-306
84
243
255
337
955
931
918
937
1317
2161
2241
2028
1699
1868
2444
3019
3043
2788
2501
2499
2765
2937
3292
3270
2515
1956
2060
2707
2905
2144
1382
1145
1364
1369
1050
609
343
-31
-344
-503
-608
-608
-1196
-1734
-1855
-1767
-1683
-2137
-2490
-2425
-2482
-2612
-2788
-2758
-2495
-2635
-2852
-2833
-2648
-2390
-2361
-2411
-2120
-1872
-1900
-1657
-1589
-826
-393
-954
-989
-823
57
747
655
242
-40
116
886
1530
1531
1074
434
605
1208
1719
1726
946
274
489
1007
1225
842
289
-7
3
213
404
38
-539
-794
-689
-246
-442
-1016
-1280
-1255
-1013
-911
-1161
-1331
-1447
-1435
-1186
-1158
-1031
-1184
-1449
-1183
-859
-588
-609
-867
-630
-206
135
269
534
703
588
684
1028
1980
2412
2142
1478
1587
2528
3259
3339
2747
2529
2758
3081
3239
3468
3410
2907
2289
2334
2983
3118
2492
1575
1292
1686
1741
1358
683
214
164
-5
-195
-522
-808
-1133
-1560
-1778
-1658
-1704
-2192
-2664
-2722
-2418
-2439
-2846
-3123
-3018
-2768
-2684
-2940
-3003
-2809
-2530
-2327
-2394
-2295
-1958
-1793
-1408
-1272
-999
-824
-949
-413
-48
378
315
283
364
566
968
1205
1381
1117
932
1104
1490
1647
1439
1110
914
974
1143
1098
856
507
355
264
338
314
76
-349
-708
-527
-333
-414
-848
-1236
-1250
-1184
-1048
-1039
-1267
-1442
-1578
-1501
-1276
-1124
-1143
-1377
-1481
-1184
-881
-778
-849
-759
-538
-192
-22
456
691
336
463
746
1762
2409
2152
1590
1401
2096
3236
3645
3137
2546
2448
3056
3566
3873
3717
3055
2343
2474
3181
3539
2944
1849
1350
1640
2001
1813
1096
380
110
6
24
-230
-612
-1115
-1689
-1863
-1688
-1698
-2123
-2663
-2891
-2684
-2708
-2848
-3040
-3133
-3024
-3079
-3081
-2992
-2893
-2757
-2638
-2574
-2285
-2141
-2008
-1689
-1431
-851
-803
-942
-693
-314
332
647
594
460
396
754
1372
1694
1544
1080
911
1335
1739
1834
1506
1017
857
902
1182
1144
873
449
22
69
261
371
-26
-616
-896
-697
-469
-623
-1041
-1330
-1383
-1359
-1242
-1260
-1334
-1464
-1651
-1660
-1404
-1122
-1133
-1339
-1376
-1153
-940
-757
-584
-444
-297
-210
414
569
451
606
833
1732
2175
2071
1706
1578
2217
3184
3527
3162
2685
2582
2911
3422
3885
3838
2952
2125
2369
3117
3541
2847
1746
1313
1531
1866
1753
1053
414
-17
-216
-114
-133
-438
-1157
-1823
-1881
-1519
-1610
-2089
-2599
-2783
-2590
-2664
-2792
-2861
-2959
-3004
-3133
-3028
-2708
-2697
-2702
-2680
-2386
-1983
-2036
-2117
-1510
-1033
-760
-944
-1136
-421
93
582
580
355
351
633
1112
1601
1705
1393
1018
844
1471
2122
1958
1164
617
800
1241
1293
1011
553
141
-18
183
323
218
-357
-846
-853
-646
-384
-749
-1232
-1381
-1312
-1213
-1272
-1413
-1338
-1467
-1543
-1440
-1377
-1162
-1220
-1259
-1172
-1076
-939
-714
-564
-315
-170
142
245
210
427
752
1481
1861
1739
1356
1470
2056
2879
3102
2793
2550
2510
2892
3182
3497
3573
3029
2349
2324
2904
3358
2859
1863
1392
1573
1908
1783
1173
670
243
16
15
-46
-155
-702
-1433
-1673
-1398
-1226
-1617
-2270
-2450
-2325
-2335
-2500
-2677
-2617
-2578
-2754
-2889
-2745
-2488
-2208
-2347
-2463
-2330
-2012
-1311
-1421
-1409
-1356
-1186
-587
-264
34
0
-98
16
569
1011
1111
884
699
855
1183
1477
1436
1003
774
974
1142
1157
812
483
338
325
428
347
-25
-353
-516
-379
-298
-600
-921
-1105
-1079
-951
-1023
-1258
-1330
-1452
-1447
-1381
-1325
-1147
-1303
-1329
-1251
-1106
-866
-920
-926
-817
-630
-347
-117
-46
378
418
268
509
864
1699
1944
1660
1488
1677
2287
2833
2928
2762
2647
2723
2929
3120
3341
3391
3042
2528
2448
2775
3014
2676
2039
1611
1588
1611
1471
1135
760
409
101
-68
-297
-391
-613
-1016
-1302
-1483
-1537
-1671
-1944
-2086
-2187
-2311
-2452
-2533
-2476
-2458
-2532
-2610
-2690
-2537
-2259
-2030
-2192
-2311
-2102
-1605
-1018
-1299
-1427
-1373
-803
-89
35
-140
-345
-118
348
887
973
859
593
514
828
1300
1453
1057
481
458
928
1265
995
374
2
73
376
454
171
-377
-656
-668
-393
-350
-612
-1026
-1296
-1199
-950
-838
-1147
-1399
-1470
-1309
-1139
-1117
-1106
-1129
-1130
-1069
-846
-695
-654
-624
-532
-224
36
149
435
462
469
637
914
1598
1872
1664
1446
1560
2086
2742
2795
2564
2418
2459
2825
2975
3051
3079
2770
2368
2351
2524
2785
2407
1728
1460
1408
1603
1408
892
555
297
197
77
-259
-477
-676
-994
-1183
-1251
-1310
-1478
-1886
-2003
-1962
-2022
-2097
-2343
-2313
-2223
-2326
-2411
-2431
-2252
-1993
-1879
-2000
-2137
-1967
-1453
-968
-566
-901
-1422
-1260
-511
563
767
187
-493
-485
371
1351
1590
975
133
-23
731
1545
1734
1092
90
-259
421
1143
1097
286
-517
-632
-202
159
135
-404
-1008
-1230
-952
-507
-567
-1036
-1509
-1639
-1338
-1013
-997
-1247
-1574
-1520
-1273
-1012
-873
-997
-1002
-946
-828
-621
-469
-359
-123
91
217
556
541
576
846
1087
1733
1937
1736
1539
1571
2163
2831
2943
2585
2241
2384
2822
3083
3149
2977
2599
2173
2224
2597
2795
2403
1601
1219
1331
1553
1501
942
424
178
80
87
-76
-344
-687
-1100
-1265
-1111
-1042
-1305
-1766
-1997
-1862
-1828
-1952
-2118
-2206
-2086
-2103
-2202
-2210
-2149
-1992
-1775
-1857
-1805
-1819
-1482
-935
-1000
-919
-1204
-980
-367
137
329
-49
-383
-286
447
954
1063
654
165
186
639
1221
1275
586
36
44
519
845
558
-7
-354
-385
-54
111
-190
-573
-996
-845
-701
-727
-807
-1125
-1261
-1242
-1243
-1110
-1081
-1224
-1241
-1283
-1184
-981
-1000
-926
-942
-835
-619
-682
-582
-387
-49
206
143
335
617
640
800
996
1540
2027
1821
1527
1535
2027
2768
2909
2595
2337
2368
2734
2897
2994
2969
2701
2230
2115
2409
2596
2339
1673
1315
1285
1398
1284
859
485
287
118
-70
-299
-434
-503
-847
-1219
-1310
-1277
-1294
-1531
-1806
-1815
-1870
-1962
-2043
-2009
-1848
-1919
-2149
-2206
-2028
-1653
-1490
-1562
-1732
-1740
-1320
-877
-637
-705
-816
-823
-517
-88
325
382
73
-130
-23
499
905
925
556
211
219
628
950
814
446
73
42
261
348
262
-106
-453
-494
-440
-363
-535
-804
-957
-1009
-1031
-1021
-1069
-1219
-1319
-1413
-1325
-1179
-1199
-1255
-1317
-1211
-997
-923
-876
-836
-745
-601
-545
-453
-247
5
262
228
474
772
784
930
994
1537
2051
2032
1792
1707
2024
2568
2961
2820
2541
2402
2554
2847
2988
3034
2819
2250
1962
2128
2465
2438
1736
1116
989
1180
1300
941
408
31
-130
-62
-208
-432
-674
-987
-1268
-1351
-1294
-1353
-1506
-1845
-1898
-1882
-1883
-1899
-2041
-1947
-1885
-1944
-2025
-2022
-1734
-1382
-1403
-1540
-1618
-1353
-951
-279
-147
-794
-1049
-831
206
944
857
126
-479
-329
646
1570
1439
522
-280
-67
595
1320
1377
476
-576
-623
216
835
494
-407
-1053
-999
-526
-156
-298
-1046
-1589
-1550
-952
-774
-1088
-1506
-1795
-1628
-1265
-1143
-1299
-1574
-1611
-1292
-1036
-906
-1016
-1074
-925
-619
-405
-314
-362
-227
208
491
871
807
582
865
1274
1990
2320
2047
1759
1721
2257
3052
3327
2979
2522
2429
2794
3194
3348
3154
2695
2173
2166
2449
2684
2458
1656
1028
905
1208
1391
997
257
-223
-329
-211
-260
-508
-823
-1223
-1521
-1535
-1368
-1364
-1755
-2169
-2138
-1896
-1839
-2042
-2177
-2084
-1927
-1895
-1922
-1922
-1657
-1481
-1361
-1413
-1378
-997
-817
-543
-490
-392
-291
-124
120
432
606
504
411
407
717
944
1011
781
450
420
598
746
695
369
112
-2
-12
-4
-66
-350
-674
-812
-759
-694
-928
-1113
-1276
-1338
-1367
-1409
-1405
-1525
-1655
-1653
-1546
-1391
-1396
-1516
-1477
-1303
-1108
-1009
-968
-885
-670
-541
-414
-364
-262
51
389
567
801
981
801
1002
1324
1983
2460
2169
1841
1863
2373
2999
3227
2903
2641
2586
2850
3063
3041
3070
2866
2351
2055
2156
2405
2385
1740
1153
922
984
1061
775
286
-110
-365
-415
-541
-712
-877
-1189
-1532
-1680
-1571
-1555
-1676
-2007
-2116
-2061
-2051
-2010
-2068
-1986
-2001
-2008
-1965
-1836
-1469
-1364
-1287
-1337
-1120
-889
-713
-488
-376
-54
18
60
67
334
669
899
774
590
622
827
1062
984
909
699
484
527
637
671
497
63
-147
-207
-155
-180
-343
-683
-1028
-1171
-1109
-937
-1119
-1447
-1727
-1768
-1560
-1480
-1662
-1813
-1919
-1749
-1560
-1535
-1560
-1520
-1357
-1263
-1122
-1015
-764
-706
-627
-440
-158
155
316
446
850
1024
921
1118
1368
2117
2492
2314
1992
1941
2448
3217
3518
3147
2778
2656
3008
3271
3401
3286
2860
2339
2157
2377
2567
2348
1635
1100
885
951
1026
709
217
-241
-553
-597
-736
-821
-970
-1395
-1759
-1924
-1763
-1640
-1866
-2251
-2322
-2226
-2144
-2104
-2113
-1975
-1953
-1939
-1975
-1725
-1487
-1235
-1125
-1285
-1025
-777
-405
-275
-260
-193
64
294
458
718
798
823
726
762
990
1169
1196
954
637
655
748
822
581
349
209
106
-20
-171
-251
-446
-590
-855
-958
-1087
-1227
-1302
-1474
-1547
-1641
-1764
-1868
-1869
-1772
-1752
-1842
-1817
-1777
-1712
-1598
-1448
-1314
-1227
-1209
-1090
-814
-606
-403
-360
-287
33
366
778
1080
829
887
1153
1691
2361
2474
2268
1945
2062
2727
3566
3600
3056
2544
2661
3261
3546
3536
3158
2566
2238
2408
2662
2762
2204
1361
1003
987
1184
1079
497
14
-382
-504
-518
-754
-833
-1116
-1467
-1749
-1860
-1710
-1692
-1892
-2185
-2273
-2208
-2143
-2126
-2076
-2015
-1972
-1996
-1878
-1657
-1586
-1382
-1202
-1108
-975
-737
-512
-291
-226
-101
184
294
494
590
668
748
740
903
969
860
899
886
777
687
723
751
560
273
77
104
26
-169
-416
-575
-661
-819
-935
-1129
-1283
-1385
-1451
-1572
-1605
-1664
-1765
-1810
-1889
-1775
-1755
-1745
-1695
-1652
-1560
-1411
-1339
-1183
-1040
-987
-805
-690
-438
-255
22
220
458
859
781
820
1120
1622
2178
2278
2044
1895
2079
2618
3234
3338
3044
2751
2720
3085
3409
3490
3375
2794
2308
2439
2737
2839
2404
1647
1225
1141
1220
1200
732
295
-25
-260
-337
-573
-707
-889
-1282
-1568
-1651
-1620
-1707
-1982
-2141
-2129
-2117
-2150
-2253
-2198
-2104
-1889
-1854
-2108
-1859
-1704
-1460
-1211
-1256
-1046
-994
-903
-595
-247
-132
-104
-67
173
473
543
694
640
598
795
884
912
927
820
723
645
585
685
631
348
120
-39
-1
-41
-288
-453
-723
-876
-874
-1004
-1102
-1265
-1473
-1574
-1613
-1562
-1538
-1717
-1860
-1886
-1739
-1507
-1506
-1586
-1657
-1517
-1201
-970
-889
-962
-918
-713
-443
-108
192
187
383
645
641
958
1224
1711
2048
1974
1972
2058
2320
2734
3122
3175
3037
2776
2847
3146
3327
3465
3261
2722
2396
2426
2642
2715
2281
1696
1289
1181
1252
1121
728
320
-42
-259
-488
-715
-715
-873
-1247
-1658
-1818
-1724
-1749
-1902
-2075
-2176
-2196
-2216
-2202
-2082
-2010
-1981
-2019
-1942
-1595
-1541
-1571
-1606
-1360
-830
-634
-708
-818
-673
-283
124
272
261
160
261
524
742
960
956
661
481
664
987
1047
695
394
400
502
465
304
71
-98
-304
-409
-386
-525
-711
-974
-1198
-1269
-1242
-1247
-1418
-1634
-1748
-1741
-1669
-1611
-1616
-1619
-1668
-1700
-1566
-1371
-1240
-1211
-1143
-1061
-969
-789
-527
-325
-43
98
218
698
707
795
1039
1381
2021
2154
1962
1846
1998
2549
3111
3114
2926
2734
2745
3033
3233
3349
3370
2950
2457
2468
2640
2843
2553
1870
1510
1354
1346
1264
870
573
305
-75
-334
-609
-670
-729
-1049
-1395
-1661
-1715
-1718
-1841
-2010
-2084
-2160
-2219
-2232
-2201
-2048
-1969
-2034
-2003
-1866
-1724
-1706
-1583
-1303
-1007
-867
-1011
-997
-718
-240
87
47
-107
-21
238
565
754
782
745
580
544
775
1046
1021
732
393
425
649
717
515
127
-101
-113
-113
-179
-349
-610
-822
-933
-974
-1036
-1191
-1379
-1532
-1549
-1509
-1630
-1716
-1771
-1670
-1515
-1661
-1777
-1745
-1560
-1308
-1211
-1149
-1074
-1079
-919
-575
-236
108
100
236
585
656
930
1187
1537
2003
2029
1878
1877
2142
2731
3198
3088
2904
2782
2870
3251
3401
3505
3375
2806
2528
2621
2814
2919
2408
1810
1538
1406
1435
1218
782
462
153
-72
-306
-607
-728
-866
-1202
-1593
-1764
-1769
-1815
-2007
-2203
-2231
-2263
-2358
-2450
-2386
-2241
-2145
-2209
-2247
-2101
-1676
-1455
-1655
-1797
-1575
-982
-531
-420
-679
-783
-563
-12
549
692
475
243
337
698
1175
1375
1072
543
431
854
1277
1171
733
362
298
418
491
443
204
-204
-452
-400
-319
-398
-754
-1130
-1284
-1203
-1131
-1277
-1534
-1785
-1838
-1743
-1668
-1626
-1716
-1803
-1806
-1729
-1470
-1281
-1229
-1253
-1251
-1079
-773
-517
-308
-58
-34
259
524
582
877
1053
1472
1962
2010
1925
1904
2085
2761
3239
3207
3026
2753
2924
3258
3418
3559
3331
2807
2549
2611
2901
2975
2440
1795
1455
1436
1526
1333
828
432
147
-20
-226
-567
-751
-933
-1219
-1512
-1701
-1794
-1892
-2085
-2212
-2233
-2322
-2469
-2557
-2462
-2303
-2224
-2310
-2388
-2265
-1989
-1621
-1453
-1677
-1478
-1121
-859
-489
-640
-583
-272
12
484
624
401
304
427
807
1235
1245
1023
689
580
949
1320
1244
861
418
265
518
682
603
197
-402
-553
-368
-242
-342
-874
-1295
-1382
-1283
-1085
-1237
-1661
-1929
-1934
-1760
-1599
-1646
-1819
-1981
-1958
-1712
-1433
-1315
-1379
-1419
-1322
-1032
-769
-601
-468
-258
1
296
625
633
822
1068
1476
2085
2227
2166
2020
2148
2652
3240
3506
3237
2852
2821
3176
3637
3760
3500
3100
2713
2705
2880
2994
2785
2170
1647
1395
1432
1479
1148
601
82
-158
-242
-496
-748
-957
-1233
-1555
-1841
-2014
-1990
-2039
-2270
-2450
-2570
-2582
-2582
-2561
-2501
-2387
-2374
-2367
-2407
-2264
-1780
-1670
-1443
-1608
-1676
-1182
-862
-490
-384
-373
-377
-168
124
593
883
671
495
474
838
1286
1327
1110
775
579
883
1113
1090
874
413
206
294
360
356
70
-323
-534
-549
-487
-608
-842
-1138
-1284
-1290
-1288
-1388
-1594
-1760
-1768
-1619
-1636
-1689
-1831
-1854
-1601
-1461
-1299
-1327
-1379
-1196
-980
-707
-468
-389
-230
33
193
779
1006
892
995
1161
1892
2439
2433
2094
1901
2280
3051
3604
3452
3014
2753
2961
3342
3577
3695
3390
2731
2387
2538
2919
2956
2315
1561
1246
1298
1442
1223
598
126
-113
-229
-461
-734
-873
-1077
-1476
-1872
-1914
-1856
-1961
-2228
-2479
-2466
-2378
-2434
-2511
-2556
-2394
-2289
-2292
-2327
-2246
-1909
-1611
-1594
-1800
-1595
-1262
-796
-523
-543
-508
-483
-263
161
550
611
464
222
402
777
1064
1074
613
331
517
882
1047
814
389
178
204
321
325
174
-122
-388
-499
-465
-430
-584
-880
-1176
-1293
-1196
-1135
-1319
-1512
-1650
-1640
-1548
-1521
-1586
-1563
-1403
-1318
-1227
-1234
-1100
-902
-761
-593
-530
-417
-258
-86
272
565
780
1021
887
951
1354
1938
2455
2406
2079
1968
2256
2830
3420
3397
3015
2699
2740
3131
3482
3539
3261
2732
2316
2494
2735
2713
2253
1639
1378
1292
1273
1092
656
248
-10
-146
-361
-694
-941
-1073
-1211
-1451
-1634
-1776
-1889
-2067
-2176
-2152
-2200
-2289
-2450
-2558
-2372
-2185
-2195
-2179
-2390
-2158
-1766
-1514
-1523
-1654
-1485
-1190
-769
-659
-537
-642
-550
-306
-8
309
285
129
50
149
462
849
664
293
108
393
774
769
463
171
66
149
231
144
10
-331
-544
-566
-494
-454
-648
-984
-1185
-1091
-935
-976
-1234
-1427
-1414
-1282
-1147
-1166
-1242
-1203
-1218
-1131
-934
-728
-583
-689
-675
-428
-141
88
114
203
490
757
1104
1198
1116
1255
1558
2043
2382
2370
2115
2007
2250
2930
3432
3258
2751
2452
2764
3194
3398
3243
2885
2384
2114
2242
2396
2445
1970
1387
1053
960
1097
977
518
85
-172
-261
-441
-729
-831
-958
-1236
-1593
-1825
-1827
-1805
-1917
-2102
-2200
-2268
-2284
-2317
-2261
-2157
-2070
-2071
-2213
-2012
-1784
-1623
-1519
-1675
-1577
-1313
-1071
-861
-774
-695
-649
-630
-439
-69
239
187
-55
-136
89
433
496
388
142
-16
174
330
367
255
25
-66
-153
-132
-13
-99
-325
-566
-643
-518
-553
-694
-835
-1008
-1021
-987
-969
-1006
-1154
-1184
-1094
-1037
-943
-892
-876
-860
-755
-564
-383
-347
-350
-265
-175
132
337
490
579
629
968
1258
1287
1289
1473
1892
2345
2409
2155
1974
2130
2664
3183
3117
2775
2433
2399
2763
3028
3155
2892
2298
1921
1986
2282
2444
2126
1472
1016
897
1013
1028
679
227
-115
-387
-514
-575
-593
-775
-1196
-1515
-1608
-1498
-1488
-1655
-1901
-2099
-2128
-2127
-2127
-2149
-2172
-2097
-2140
-2215
-2136
-1974
-1778
-1692
-1376
-1094
-1453
-1752
-1584
-827
27
8
-709
-1339
-1230
-288
732
732
18
-716
-764
-73
651
1085
679
-331
-869
-344
583
953
386
-557
-982
-713
-51
290
-95
-721
-1123
-1034
-672
-453
-459
-821
-1240
-1266
-952
-704
-720
-917
-1021
-955
-833
-673
-623
-571
-441
-434
-450
-324
-125
113
262
366
618
795
934
1011
1089
1336
1571
1941
2169
2068
1912
1973
2355
2834
3075
2935
2639
2468
2639
3002
3242
3183
2832
2365
2098
2185
2441
2484
2069
1439
1043
1024
1160
1112
766
341
-55
-269
-326
-348
-360
-635
-1149
-1592
-1716
-1547
-1459
-1725
-2078
-2310
-2294
-2120
-2129
-2160
-2252
-2281
-2146
-2079
-2010
-1867
-1822
-1744
-1694
-1651
-1410
-1310
-1144
-982
-882
-754
-770
-663
-447
-155
-18
-68
-161
-152
112
256
301
186
6
71
114
168
198
88
-18
-151
-238
-139
-55
-163
-379
-567
-554
-476
-528
-653
-827
-901
-882
-946
-933
-971
-989
-895
-931
-880
-760
-679
-585
-622
-557
-370
-275
-207
-215
-77
169
368
515
560
749
990
1065
1233
1375
1649
2041
2049
1971
1922
2060
2546
2899
2866
2657
2467
2497
2707
2823
2898
2824
2397
2043
2014
2156
2336
2053
1550
1234
1054
1117
1092
802
449
154
-97
-314
-492
-510
-504
-869
-1318
-1528
-1466
-1351
-1514
-1760
-1875
-1855
-1895
-2058
-2139
-2041
-1880
-1877
-2040
-2084
-1907
-1694
-1656
-1670
-1546
-1300
-1098
-1159
-1191
-951
-591
-421
-516
-610
-475
-228
-118
-122
-85
-29
-67
-111
-74
124
280
162
-79
-221
-85
132
79
-174
-378
-398
-306
-316
-422
-555
-681
-810
-835
-734
-726
-835
-1013
-1088
-953
-793
-761
-833
-922
-854
-694
-575
-489
-480
-518
-474
-345
-126
122
247
326
448
669
774
890
1111
1385
1710
1827
1783
1758
1879
2222
2636
2760
2649
2523
2527
2704
2888
3026
3058
2800
2390
2257
2347
2477
2411
1985
1571
1334
1254
1252
1076
790
520
247
5
-208
-305
-358
-585
-915
-1210
-1341
-1393
-1512
-1686
-1857
-1959
-1993
-1946
-2080
-2208
-2233
-2181
-1979
-1860
-1853
-1922
-2041
-1929
-1485
-1210
-1153
-1259
-1225
-978
-769
-537
-360
-305
-355
-310
-188
11
197
200
139
53
76
281
327
242
166
116
120
36
-57
-58
-77
-186
-298
-391
-446
-465
-561
-677
-799
-868
-913
-970
-1012
-1021
-1044
-1126
-1145
-1181
-1067
-941
-929
-950
-972
-851
-629
-507
-500
-409
-260
-34
110
325
579
584
578
714
1041
1539
1826
1720
1524
1520
1950
2608
2855
2614
2343
2334
2636
2950
3090
3067
2761
2397
2284
2436
2634
2565
2117
1604
1387
1453
1537
1304
864
544
438
327
38
-203
-280
-360
-602
-950
-1213
-1218
-1239
-1301
-1465
-1744
-1839
-1980
-1963
-1793
-1700
-1702
-1965
-2194
-2091
-1697
-1439
-1494
-1662
-1683
-1414
-1124
-914
-842
-846
-778
-617
-433
-252
-135
-140
-162
-145
49
215
170
45
10
143
203
140
18
-85
-82
-55
-52
-146
-309
-438
-515
-475
-468
-580
-742
-959
-1013
-918
-865
-919
-1109
-1287
-1274
-1146
-1031
-991
-1058
-1129
-1083
-979
-815
-676
-669
-578
-479
-345
-89
111
385
432
303
494
899
1385
1631
1505
1357
1484
1900
2441
2692
2527
2361
2389
2599
2848
3017
3073
2878
2493
2334
2502
2665
2647
2299
1879
1700
1611
1568
1417
1131
908
649
299
50
-36
-49
-219
-653
-985
-1073
-1107
-1183
-1398
-1653
-1705
-1618
-1797
-2022
-2081
-1917
-1656
-1726
-1920
-2002
-1879
-1701
-1495
-1325
-1325
-1348
-1334
-1150
-837
-531
-368
-552
-642
-332
118
354
148
-57
51
284
466
494
376
303
281
322
310
194
188
140
8
-140
-201
-191
-315
-492
-628
-716
-823
-895
-938
-1029
-1126
-1269
-1359
-1359
-1323
-1258
-1332
-1495
-1520
-1342
-1143
-1090
-1102
-1142
-1095
-957
-714
-395
-273
-261
-116
14
150
419
723
1091
1327
1380
1368
1377
1615
2130
2621
2618
2391
2282
2431
2784
3013
3111
2977
2596
2370
2467
2665
2797
2625
2143
1694
1512
1690
1811
1472
990
673
464
280
139
58
-81
-404
-812
-1014
-1049
-1048
-1126
-1408
-1675
-1708
-1621
-1742
-1917
-1925
-1699
-1589
-1746
-1877
-1814
-1591
-1403
-1168
-1188
-1269
-1225
-1073
-739
-425
-289
-393
-574
-519
22
448
348
57
-50
167
425
501
503
398
271
254
257
304
328
227
-42
-284
-289
-137
-195
-539
-838
-877
-808
-901
-1076
-1224
-1309
-1343
-1427
-1530
-1542
-1519
-1568
-1663
-1704
-1528
-1352
-1423
-1462
-1397
-1236
-1092
-1006
-861
-664
-476
-225
35
-2
90
408
850
1321
1475
1469
1370
1413
1919
2615
2837
2578
2330
2429
2793
3078
3268
3287
2990
2626
2585
2809
3010
2906
2475
2035
1803
1854
1924
1655
1212
922
768
547
196
-26
-78
-240
-593
-934
-1093
-1166
-1269
-1464
-1628
-1695
-1791
-1974
-2140
-2107
-1876
-1679
-1714
-1900
-2050
-1948
-1582
-1175
-875
-940
-1232
-1351
-1084
-367
221
157
-330
-621
-259
484
919
823
447
131
200
564
961
1042
687
218
23
254
560
595
183
-336
-471
-320
-202
-337
-683
-965
-1087
-1128
-1117
-1194
-1339
-1511
-1658
-1697
-1662
-1646
-1735
-1893
-1947
-1794
-1667
-1674
-1710
-1640
-1534
-1413
-1268
-1045
-851
-756
-574
-219
33
3
74
346
950
1464
1548
1373
1222
1596
2325
2821
2774
2524
2495
2720
2960
3211
3433
3377
2986
2595
2638
2984
3219
2919
2262
1833
1812
1992
1906
1497
1147
915
692
376
107
77
-36
-408
-872
-1136
-1120
-1129
-1330
-1702
-1830
-1791
-1745
-1898
-2179
-1993
-1818
-1738
-1818
-1949
-1800
-1630
-1469
-1276
-1038
-974
-1065
-1033
-735
-212
133
72
-143
-218
246
842
989
801
509
515
766
912
1009
994
751
424
270
465
665
533
134
-217
-327
-260
-227
-415
-753
-1036
-1154
-1224
-1269
-1344
-1477
-1697
-1954
-2057
-1970
-1829
-1917
-2098
-2214
-2145
-1989
-1932
-1902
-1891
-1769
-1642
-1546
-1360
-1093
-915
-797
-556
-226
-25
49
246
707
1287
1553
1522
1414
1567
2145
2818
3101
2845
2583
2695
3032
3317
3543
3599
3334
2893
2743
3055
3365
3251
2717
2201
1962
2022
2100
1877
1462
1029
734
522
268
120
49
-255
-713
-1070
-1202
-1197
-1307
-1510
-1743
-1902
-2013
-2067
-2131
-1984
-1709
-1984
-2278
-2399
-2058
-1407
-1222
-1376
-1560
-1564
-1361
-751
-281
-79
-170
-397
-329
-10
612
1074
913
424
368
677
1071
1173
987
904
676
480
590
779
808
506
66
-142
-154
-71
-170
-506
-807
-977
-1029
-1144
-1336
-1449
-1546
-1729
-1890
-1973
-1959
-1965
-2101
-2242
-2225
-2079
-2037
-2105
-2179
-1981
-1754
-1710
-1733
-1629
-1240
-963
-809
-602
-342
-287
-148
265
820
1354
1398
1233
1232
1582
2314
2963
2972
2650
2554
2805
3229
3496
3683
3688
3291
2885
2920
3291
3545
3280
2703
2238
2055
2146
2210
1947
1467
1085
755
480
295
216
102
-296
-798
-1091
-1170
-1231
-1379
-1626
-1814
-1978
-2092
-2195
-2058
-2035
-2093
-2099
-2310
-2115
-1896
-1718
-1658
-1586
-1438
-1173
-1042
-1040
-684
-352
-30
12
-44
91
416
660
895
955
861
889
870
1056
1245
1267
1127
872
673
797
934
821
452
74
-1
-22
-127
-306
-531
-846
-1071
-1161
-1233
-1349
-1548
-1799
-1920
-2013
-2057
-2073
-2234
-2307
-2327
-2245
-2237
-2253
-2157
-2069
-1960
-1939
-1849
-1668
-1412
-1169
-931
-655
-545
-512
-327
129
764
1195
1202
1011
1013
1544
2282
2785
2818
2509
2405
2693
3131
3507
3649
3405
2984
2747
2958
3342
3456
3093
2479
2118
2103
2245
2224
1895
1400
1030
830
682
537
349
76
-319
-648
-808
-921
-1067
-1332
-1601
-1702
-1792
-1929
-2102
-2179
-2059
-1974
-2049
-2220
-2274
-2008
-1724
-1186
-1221
-1735
-1742
-1588
-637
110
112
-314
-864
-743
277
1337
1469
871
127
200
869
1663
2021
1550
609
285
785
1418
1686
1087
370
-1
39
487
661
287
-366
-915
-881
-604
-543
-759
-1336
-1783
-1778
-1587
-1513
-1758
-2119
-2263
-2223
-2085
-2033
-2088
-2150
-2194
-2150
-2072
-1815
-1592
-1555
-1557
-1359
-934
-790
-756
-637
-176
435
718
687
522
761
1395
2179
2450
2151
1989
2192
2635
3002
3275
3352
3080
2683
2676
3112
3462
3299
2750
2315
2208
2339
2424
2192
1701
1282
1116
961
712
502
359
81
-371
-687
-777
-820
-1064
-1408
-1597
-1674
-1676
-1855
-2059
-2172
-2090
-1922
-1992
-2084
-2147
-2012
-1856
-1679
-1454
-1245
-1223
-1285
-1121
-750
-224
21
-11
-74
45
436
864
1044
1023
1011
1032
1133
1275
1446
1582
1444
1175
1057
1113
1245
1163
853
594
404
296
286
133
-144
-441
-705
-850
-937
-1071
-1226
-1470
-1752
-1860
-1905
-1904
-2020
-2204
-2233
-2224
-2197
-2200
-2175
-2198
-2185
-2102
-1982
-1721
-1618
-1439
-1239
-1149
-1083
-906
-484
49
443
402
312
386
911
1672
2127
2097
1832
1797
2199
2766
3101
3240
3021
2713
2612
2836
3243
3383
3058
2521
2212
2219
2375
2358
2048
1594
1257
1048
920
813
646
399
-73
-507
-649
-597
-666
-989
-1401
-1580
-1457
-1577
-1803
-2005
-2028
-1763
-1767
-1986
-2107
-2065
-1726
-1495
-1447
-1413
-1483
-1328
-1080
-680
-360
-280
-384
-437
-84
422
777
722
512
528
815
1146
1313
1245
1207
1118
1090
1198
1222
1261
1064
805
647
580
581
408
134
-124
-276
-395
-554
-725
-915
-1050
-1252
-1464
-1552
-1634
-1678
-1847
-2002
-2008
-2011
-1982
-2063
-2168
-2142
-2052
-1924
-1783
-1668
-1519
-1428
-1478
-1386
-987
-486
-138
-118
-229
-77
334
884
1362
1520
1422
1338
1537
2039
2511
2714
2651
2400
2313
2556
2899
3062
2878
2521
2329
2322
2382
2351
2159
1863
1601
1425
1260
1104
898
717
476
124
-123
-297
-447
-610
-808
-1002
-1134
-1362
-1572
-1629
-1631
-1530
-1563
-1777
-1937
-1908
-1687
-1351
-1377
-1496
-1477
-1384
-1003
-744
-641
-587
-595
-468
-145
158
390
414
298
404
712
1028
1119
933
793
946
1153
1256
1159
947
861
851
878
831
683
480
272
88
-9
-70
-213
-448
-746
-919
-971
-1028
-1195
-1435
-1565
-1624
-1691
-1812
-1934
-1942
-1886
-1901
-1993
-2071
-2062
-1877
-1676
-1471
-1314
-1444
-1608
-1440
-939
-261
55
-222
-556
-506
200
1080
1509
1336
929
910
1336
1996
2491
2592
2311
1914
1932
2424
2916
3031
2611
2083
1982
2190
2434
2368
2018
1667
1431
1345
1252
1145
1026
756
386
84
-21
-68
-248
-553
-794
-919
-870
-1027
-1442
-1552
-1533
-1300
-1242
-1574
-1811
-1842
-1604
-1201
-1136
-1332
-1474
-1465
-1023
-616
-428
-486
-673
-707
-279
325
558
444
117
136
538
999
1172
957
656
682
963
1238
1254
967
725
624
736
881
840
539
182
16
82
117
-43
-316
-638
-795
-860
-894
-1018
-1225
-1432
-1621
-1664
-1652
-1658
-1698
-1880
-2015
-1990
-1968
-1756
-1618
-1582
-1444
-1535
-1632
-1440
-1069
-509
-194
-413
-620
-592
-110
663
1130
1097
813
666
976
1609
2106
2324
2094
1670
1613
2026
2551
2740
2404
1924
1750
1902
2202
2213
1917
1574
1350
1291
1224
1121
999
804
482
190
77
50
-105
-344
-589
-698
-763
-989
-1174
-1297
-1218
-1119
-1244
-1469
-1622
-1559
-1304
-1080
-1006
-1171
-1387
-1291
-936
-466
-240
-379
-624
-658
-263
407
752
530
174
163
578
1078
1253
1089
819
654
885
1219
1298
1112
748
594
690
844
899
631
217
-36
-9
100
-4
-286
-591
-800
-908
-926
-972
-1138
-1371
-1531
-1638
-1696
-1706
-1702
-1691
-1856
-1995
-2062
-1904
-1656
-1495
-1355
-1537
-1771
-1693
-1204
-540
-143
-372
-767
-834
-362
561
1171
1127
688
442
731
1448
2096
2323
2014
1502
1417
1882
2477
2700
2371
1816
1582
1764
2144
2258
1942
1487
1197
1172
1234
1207
1040
706
341
170
140
88
-116
-407
-592
-670
-701
-826
-1133
-1311
-1273
-1121
-1054
-1296
-1588
-1657
-1467
-1110
-889
-979
-1289
-1462
-1114
-548
-151
-163
-492
-681
-460
180
750
787
409
104
280
868
1330
1382
1030
629
687
1155
1547
1432
954
591
621
910
1081
939
480
72
-23
114
248
104
-313
-710
-898
-832
-708
-854
-1195
-1531
-1588
-1506
-1483
-1581
-1716
-1790
-1854
-1867
-1894
-1740
-1550
-1453
-1416
-1596
-1686
-1452
-1046
-526
-286
-499
-757
-759
-233
603
1112
1001
562
340
718
1499
2074
2160
1768
1298
1347
1884
2454
2604
2162
1618
1436
1676
2066
2134
1786
1291
979
983
1118
1122
906
546
195
58
84
17
-195
-471
-654
-683
-710
-866
-1130
-1295
-1247
-1064
-1019
-1211
-1483
-1625
-1451
-1030
-797
-828
-1163
-1461
-1122
-563
-55
-27
-442
-661
-411
233
757
802
496
279
398
851
1266
1369
1157
872
845
1149
1445
1401
1093
770
817
1026
1055
851
472
240
215
208
166
-3
-309
-586
-781
-800
-745
-869
-1166
-1462
-1569
-1477
-1402
-1511
-1695
-1866
-1928
-1842
-1802
-1705
-1604
-1548
-1438
-1558
-1686
-1559
-1151
-550
-258
-497
-882
-904
-364
499
1017
897
486
293
628
1354
1934
2086
1787
1274
1271
1806
2433
2651
2167
1566
1438
1747
2151
2142
1716
1327
1165
1167
1129
1022
898
685
335
45
9
24
-122
-435
-721
-808
-808
-942
-1140
-1305
-1296
-1268
-1310
-1438
-1423
-1130
-1271
-1499
-1600
-1224
-602
-521
-810
-1130
-992
-501
90
274
125
-76
-105
209
691
1111
1194
744
296
593
1306
1798
1516
873
614
808
1216
1462
1290
900
507
402
603
758
721
314
-157
-366
-204
-49
-301
-744
-1018
-1029
-1016
-1148
-1343
-1419
-1500
-1576
-1696
-1773
-1760
-1851
-1820
-1680
-1450
-1242
-1538
-1956
-1837
-1140
-335
-155
-691
-1203
-1082
-325
640
1046
752
193
1
534
1425
2045
1992
1422
884
1116
1921
2502
2427
1784
1332
1416
1823
2133
1979
1528
1147
1064
1207
1215
1004
751
485
305
208
124
-27
-275
-490
-586
-652
-768
-909
-1166
-1254
-1212
-1162
-1146
-1318
-1461
-1477
-1346
-1196
-1069
-1045
-1065
-1058
-989
-798
-534
-325
-218
-242
-266
-17
227
484
619
606
684
725
802
948
1111
1278
1276
1118
1016
1045
1193
1253
1168
1019
895
801
721
698
635
495
252
12
-92
-77
-151
-374
-664
-834
-850
-944
-1112
-1296
-1318
-1316
-1423
-1588
-1702
-1673
-1642
-1727
-1837
-1659
-1399
-1177
-1409
-1879
-1797
-1224
-421
-97
-564
-1126
-1133
-455
588
1098
816
193
-84
419
1318
1992
1988
1427
852
948
1696
2420
2480
1816
1197
1244
1736
2100
1982
1540
1200
1065
1093
1131
1107
960
619
256
89
176
185
-51
-411
-633
-599
-594
-767
-1101
-1226
-1134
-1023
-1063
-1299
-1454
-1431
-1263
-1115
-972
-1008
-1189
-1233
-977
-470
-190
-362
-675
-676
-176
422
570
343
107
214
614
911
979
944
877
819
869
1078
1269
1179
885
746
892
1038
988
737
511
449
448
411
249
22
-153
-192
-316
-486
-616
-740
-909
-1111
-1157
-1093
-1125
-1359
-1565
-1578
-1499
-1454
-1541
-1694
-1608
-1427
-1148
-1138
-1597
-1702
-1321
-575
-40
-279
-894
-1109
-625
395
1117
957
389
3
286
1078
1815
2022
1672
985
776
1413
2182
2503
1990
1258
1125
1466
1903
1970
1576
1192
977
926
967
954
922
673
241
-43
-50
97
9
-339
-647
-724
-691
-734
-998
-1165
-1109
-1021
-1046
-1256
-1383
-1355
-1200
-1116
-1049
-944
-957
-1090
-1047
-757
-363
-139
-308
-487
-391
37
460
541
411
315
445
707
852
976
1021
978
867
851
1052
1165
1108
884
724
785
852
829
677
435
307
249
225
147
-41
-195
-349
-467
-545
-619
-757
-979
-1146
-1143
-1108
-1143
-1287
-1429
-1490
-1514
-1487
-1427
-1264
-1219
-1162
-1234
-1430
-1349
-1009
-450
-150
-370
-810
-879
-420
384
927
781
306
1
311
1041
1642
1749
1417
901
790
1297
1928
2146
1763
1171
978
1247
1614
1715
1401
1037
799
751
808
830
803
538
172
-58
-53
57
-33
-310
-572
-718
-705
-774
-889
-994
-958
-629
-1127
-1583
-1450
-1041
-340
-530
-1202
-1489
-1230
-622
-36
-117
-533
-792
-659
-107
362
595
457
-70
-276
443
1167
1321
773
164
404
1029
1441
1374
846
524
599
865
1124
989
718
428
196
287
531
500
71
-315
-388
-193
-142
-435
-705
-885
-857
-815
-1005
-1073
-1167
-1233
-1213
-1247
-1290
-1387
-1533
-1546
-1167
-855
-839
-1175
-1637
-1486
-780
-61
201
-373
-1070
-1006
-263
813
1204
695
27
-153
419
1356
1910
1707
1080
560
800
1582
2133
2051
1376
808
899
1398
1787
1625
1086
724
685
831
896
790
555
289
76
-10
-2
-63
-236
-484
-615
-675
-708
-795
-1009
-1010
-980
-978
-1046
-1164
-1121
-1026
-947
-887
-878
-929
-744
-626
-547
-423
-394
-212
-88
-48
67
258
321
389
453
554
758
783
774
727
776
1035
1092
940
809
793
897
868
743
686
676
600
430
265
190
200
132
-83
-302
-419
-421
-465
-681
-793
-854
-940
-1022
-1124
-1103
-1097
-1175
-1251
-1282
-1299
-1209
-1249
-1253
-1089
-913
-662
-915
-1296
-1165
-575
202
331
-362
-880
-723
180
1157
1197
639
68
81
720
1447
1833
1672
1003
445
753
1596
2205
1920
1027
555
831
1415
1647
1285
801
574
553
615
608
597
482
109
-251
-285
-46
3
-334
-737
-818
-656
-611
-804
-1014
-1019
-956
-945
-1023
-1029
-974
-916
-934
-937
-787
-579
-449
-628
-619
-389
-81
94
29
48
169
298
387
573
688
769
738
657
705
858
1076
1107
848
646
743
887
944
792
606
537
443
378
375
304
161
-25
-169
-246
-289
-352
-530
-704
-775
-819
-889
-1034
-1175
-1128
-1074
-1147
-1248
-1370
-1398
-1310
-1225
-1253
-1205
-1147
-975
-808
-1101
-1181
-921
-414
105
23
-406
-573
-300
364
997
1012
700
430
500
960
1450
1744
1688
1193
813
1086
1671
2066
1825
1217
956
1079
1337
1487
1341
1090
796
532
494
613
781
589
58
-325
-290
-21
-22
-355
-746
-814
-773
-793
-832
-956
-995
-1097
-1216
-1134
-963
-919
-1029
-1253
-1130
-778
-500
-473
-815
-839
-540
-111
86
4
-94
-53
151
345
632
721
633
494
457
766
1076
1162
978
614
613
893
1082
1033
717
550
549
537
516
468
331
144
-72
-208
-175
-171
-337
-584
-773
-786
-739
-918
-1150
-1261
-1135
-996
-1150
-1393
-1485
-1367
-1242
-1170
-1262
-1318
-1250
-1139
-728
-653
-899
-1085
-953
-226
355
283
-216
-534
-183
739
1356
1274
768
423
644
1262
1892
2128
1766
1018
802
1352
2138
2369
1703
955
780
1160
1692
1677
1137
615
373
531
698
669
460
31
-319
-366
-143
-58
-361
-858
-1051
-876
-700
-717
-1086
-1363
-1378
-1144
-883
-905
-1132
-1381
-1370
-1082
-662
-480
-576
-917
-988
-612
-80
221
103
-114
-205
50
377
714
778
598
461
499
798
1015
1069
976
749
652
790
958
999
806
631
514
436
456
444
396
203
-86
-231
-193
-205
-306
-498
-696
-768
-778
-824
-950
-1035
-1061
-1121
-1190
-1224
-1203
-1098
-1169
-1230
-1238
-1213
-1179
-1200
-999
-615
-355
-745
-1234
-1155
-335
622
734
41
-622
-499
413
1455
1648
1137
486
330
878
1691
2291
2158
1290
551
883
1864
2501
2104
1097
625
943
1477
1681
1303
765
497
429
519
566
536
305
-158
-405
-301
-109
-290
-737
-969
-796
-585
-777
-1152
-1389
-1199
-922
-919
-1111
-1317
-1285
-1103
-996
-873
-740
-824
-830
-829
-621
-178
-71
-165
-246
-119
186
403
357
408
563
634
713
646
739
886
904
906
816
722
788
871
848
692
510
491
458
385
306
243
134
-36
-256
-357
-297
-344
-467
-730
-924
-890
-836
-910
-1084
-1223
-1210
-1174
-1194
-1203
-1218
-1184
-1210
-1219
-1195
-1076
-1063
-1057
-928
-658
-263
-537
-916
-936
-303
699
927
363
-354
-301
611
1662
1849
1305
781
701
1162
1817
2354
2398
1676
859
1012
1868
2604
2348
1310
732
926
1515
1778
1289
674
441
492
547
432
363
205
-214
-620
-598
-269
-240
-684
-1209
-1222
-947
-844
-1008
-1366
-1455
-1322
-1260
-1282
-1326
-1239
-1144
-1246
-1351
-1137
-761
-580
-678
-853
-697
-345
-92
55
75
92
160
250
424
661
804
846
678
570
701
970
1187
1053
774
642
776
913
908
743
559
470
372
296
274
250
144
-101
-385
-447
-356
-322
-525
-914
-1110
-984
-843
-924
-1133
-1330
-1357
-1307
-1236
-1147
-1194
-1284
-1412
-1382
-1253
-1070
-978
-1080
-1064
-906
-318
-156
-641
-899
-636
363
1136
906
194
-178
223
1346
2105
1967
1419
924
1033
1625
2373
2838
2451
1326
842
1516
2541
2908
2001
947
720
1162
1773
1743
1127
560
207
223
360
445
413
-66
-677
-888
-593
-322
-499
-1024
-1354
-1211
-1070
-1027
-1303
-1551
-1473
-1465
-1374
-1307
-1316
-1344
-1470
-1476
-1088
-686
-689
-939
-1067
-764
-190
81
-25
-241
-286
159
559
606
513
377
574
825
812
834
861
876
823
736
808
955
883
574
427
549
722
601
164
-81
-30
130
121
-215
-531
-631
-607
-602
-730
-883
-983
-1087
-1245
-1270
-1185
-1167
-1290
-1524
-1506
-1324
-1211
-1252
-1390
-1328
-1111
-993
-955
-1036
-895
-683
-231
196
-194
-430
-477
236
1305
1479
984
305
290
1198
2319
2565
2048
1354
1163
1680
2438
3017
2998
1982
1067
1326
2218
2994
2486
1311
781
957
1550
1765
1258
624
177
86
247
295
195
-230
-815
-1095
-830
-523
-731
-1342
-1780
-1512
-1112
-1184
-1578
-1920
-1770
-1478
-1380
-1426
-1547
-1657
-1609
-1373
-967
-651
-957
-1284
-1237
-616
191
183
-375
-680
-334
463
844
549
279
225
556
928
994
976
822
675
742
952
1107
1070
770
443
461
670
753
544
112
-63
4
88
-6
-354
-575
-651
-675
-723
-884
-1035
-1169
-1279
-1355
-1368
-1340
-1422
-1522
-1543
-1466
-1394
-1435
-1464
-1396
-1149
-950
-997
-1054
-904
-644
-440
-403
-277
336
488
187
12
241
1271
1960
1735
1099
790
1238
2250
2757
2548
2114
1755
1798
2113
2696
3168
2829
1694
1146
1694
2609
2846
1888
922
763
1089
1469
1271
732
319
-44
-133
-176
-112
-90
-587
-1173
-1373
-1111
-848
-1090
-1492
-1718
-1599
-1467
-1732
-1761
-1653
-1489
-1452
-1646
-1742
-1598
-1364
-1145
-919
-1085
-1151
-1113
-901
-414
-216
-216
-402
-611
-217
391
590
411
51
89
426
707
831
715
415
296
447
676
825
652
361
168
174
397
476
217
-98
-262
-216
-157
-267
-465
-655
-754
-788
-859
-1013
-1101
-1096
-1057
-1109
-1252
-1326
-1284
-1202
-1111
-1053
-1059
-1079
-1151
-1051
-750
-482
-450
-558
-558
-317
9
276
404
595
816
668
709
853
1287
1962
2090
1703
1246
1243
1971
2793
2771
2302
1803
1744
2099
2437
2755
2718
2033
1343
1322
1783
2320
2108
1261
559
353
727
1101
830
192
-430
-653
-462
-365
-325
-632
-1236
-1554
-1507
-1166
-989
-1254
-1643
-1977
-1851
-1472
-1261
-1337
-1738
-1896
-1695
-1293
-1044
-1176
-1307
-1353
-1123
-784
-694
-658
-662
-555
-396
-209
-152
-124
-8
77
230
243
224
263
315
372
388
357
383
368
361
353
254
267
250
172
77
-18
-42
-127
-293
-366
-411
-470
-586
-747
-794
-771
-789
-888
-958
-973
-933
-953
-1043
-1007
-918
-863
-870
-886
-779
-690
-673
-557
-396
-202
-69
-49
-15
170
399
563
739
742
969
1201
1262
1240
1198
1503
1875
2102
1928
1641
1588
1935
2375
2447
2183
1802
1659
1814
2056
2221
2114
1568
1080
1026
1427
1711
1304
543
93
258
626
621
87
-512
-776
-676
-510
-522
-715
-1092
-1480
-1591
-1311
-955
-1029
-1503
-1866
-1782
-1351
-1189
-1270
-1414
-1510
-1408
-1336
-1143
-927
-889
-975
-1021
-889
-590
-448
-498
-533
-498
-256
-92
-139
-203
-123
36
153
66
10
123
140
126
146
191
239
111
-63
21
94
93
-80
-274
-224
-177
-238
-370
-472
-470
-457
-540
-586
-628
-680
-695
-720
-642
-566
-673
-784
-806
-664
-469
-473
-485
-531
-457
-266
-97
56
24
20
87
301
505
599
646
645
729
861
1027
1096
1160
1386
1371
1370
1314
1290
1675
1801
1753
1576
1357
1431
1676
1723
1755
1618
1323
1140
1054
1347
1555
1300
798
546
543
704
693
471
274
-19
-195
-244
-239
-175
-249
-535
-822
-991
-826
-651
-768
-962
-1054
-1066
-1063
-1122
-1120
-900
-816
-939
-1191
-1202
-967
-677
-676
-837
-903
-921
-762
-699
-556
-481
-535
-663
-695
-533
-341
-205
-325
-492
-508
-360
-197
-193
-286
-390
-466
-359
-278
-208
-267
-430
-443
-421
-310
-276
-276
-367
-500
-490
-372
-258
-302
-443
-508
-471
-373
-260
-281
-317
-373
-402
-285
-152
-54
-53
-116
-139
-76
94
247
267
228
229
340
503
622
624
579
613
733
880
967
918
872
927
1010
1146
1209
1249
1097
1044
1159
1217
1339
1254
1115
1044
1024
1076
1195
1133
1038
971
878
855
795
854
879
688
435
381
445
487
351
131
20
4
12
-47
-151
-231
-314
-448
-499
-525
-441
-478
-653
-758
-816
-734
-706
-743
-760
-818
-883
-903
-943
-807
-668
-705
-825
-981
-979
-797
-621
-651
-776
-976
-953
-772
-702
-659
-763
-830
-783
-756
-632
-559
-654
-750
-793
-625
-448
-452
-596
-741
-625
-394
-275
-321
-419
-442
-377
-281
-154
-73
-123
-252
-285
-125
117
201
111
14
13
164
268
331
318
223
165
193
356
466
430
341
342
481
625
645
633
621
696
791
795
849
823
845
895
919
979
931
853
852
909
997
957
862
766
645
687
748
823
791
650
547
524
594
717
801
678
512
449
552
653
642
580
499
381
315
368
431
386
160
18
11
41
20
-130
-300
-335
-310
-300
-397
-603
-660
-635
-584
-603
-755
-870
-866
-816
-801
-907
-1019
-993
-956
-948
-1032
-1086
-1058
-1068
-1076
-1033
-971
-992
-1118
-1160
-1031
-919
-929
-1027
-1054
-968
-885
-792
-669
-631
-650
-654
-603
-420
-285
-221
-244
-317
-269
-134
33
123
97
41
79
209
359
438
404
397
417
456
515
519
544
554
480
474
504
571
575
436
408
476
573
548
422
403
472
550
557
525
518
564
625
613
586
617
640
640
590
584
654
665
591
531
573
666
660
532
429
441
582
611
516
449
412
447
447
497
577
541
376
252
309
480
568
461
287
199
288
418
462
363
239
158
144
197
199
159
11
-144
-179
-167
-201
-307
-451
-518
-560
-619
-675
-744
-804
-915
-1020
-1079
-1084
-1081
-1165
-1321
-1405
-1381
-1304
-1280
-1342
-1406
-1447
-1400
-1274
-1191
-1208
-1278
-1268
-1074
-888
-815
-821
-828
-698
-547
-425
-342
-333
-304
-223
-79
115
239
231
166
237
480
706
724
568
517
638
811
846
773
719
686
671
669
708
755
711
556
472
536
666
658
472
356
391
460
431
320
233
249
294
302
274
241
275
327
368
385
372
408
427
427
483
540
580
547
498
519
610
677
630
552
512
556
589
590
584
549
479
408
400
436
457
352
259
200
218
220
167
119
52
29
-40
-54
-87
-106
-146
-221
-219
-226
-258
-294
-336
-351
-349
-438
-534
-581
-563
-525
-592
-739
-835
-825
-784
-808
-889
-930
-953
-1024
-1081
-1058
-972
-915
-995
-1096
-1064
-953
-859
-829
-845
-829
-785
-738
-627
-507
-436
-433
-447
-352
-221
-110
-20
-2
4
23
84
196
276
300
288
258
278
361
437
454
424
408
425
456
460
461
481
450
415
420
425
401
351
320
355
390
364
298
267
349
447
464
394
332
395
503
559
521
447
418
450
528
610
638
559
458
455
571
696
679
547
445
448
539
609
581
499
422
399
424
462
468
425
331
245
213
236
253
201
98
-6
-56
-67
-73
-129
-214
-316
-410
-470
-491
-508
-543
-634
-745
-788
-769
-692
-715
-790
-860
-832
-746
-699
-702
-747
-742
-693
-605
-587
-615
-623
-570
-493
-439
-406
-390
-384
-346
-260
-170
-141
-177
-161
-108
-36
26
27
21
23
35
89
116
141
149
132
147
178
216
208
177
167
176
175
132
98
84
45
16
-20
-49
-53
-85
-119
-149
-161
-143
-182
-217
-217
-180
-132
-155
-189
-166
-83
5
49
33
28
84
182
286
341
345
340
351
423
532
595
610
585
551
573
641
715
760
698
627
601
635
706
707
645
535
455
443
488
510
472
359
236
192
211
260
252
152
33
-42
-36
5
-22
-112
-211
-252
-269
-306
-336
-343
-346
-423
-507
-519
-465
-431
-485
-549
-555
-519
-514
-555
-548
-503
-476
-524
-576
-540
-480
-428
-441
-467
-437
-377
-306
-248
-241
-223
-201
-185
-157
-122
-72
-42
-27
-14
39
83
133
161
172
202
202
210
217
219
198
183
153
136
141
131
136
128
94
56
23
5
5
-19
-61
-103
-137
-168
-188
-188
-169
-179
-210
-199
-160
-111
-89
-93
-61
-19
1
40
89
142
183
211
235
274
314
344
385
404
415
429
453
492
511
503
481
465
460
452
435
403
355
283
231
220
226
215
164
95
34
-6
-11
-13
-54
-123
-219
-274
-268
-248
-226
-265
-355
-409
-383
-319
-275
-303
-359
-400
-378
-317
-271
-268
-291
-304
-289
-225
-181
-143
-155
-168
-120
-74
-20
-14
-38
-11
31
72
89
71
93
126
139
146
152
157
165
169
150
144
140
142
118
68
66
73
70
16
-36
-17
-8
-24
-70
-96
-83
-95
-130
-168
-148
-102
-120
-180
-212
-179
-109
-102
-133
-159
-162
-134
-103
-72
-65
-77
-100
-80
-18
20
36
9
19
60
104
151
162
169
181
194
226
262
278
302
303
306
317
317
350
372
361
333
306
293
309
297
249
212
181
155
106
71
50
27
-22
-103
-144
-146
-149
-185
-242
-273
-279
-287
-301
-301
-304
-328
-375
-374
-313
-281
-303
-351
-347
-281
-229
-220
-227
-235
-218
-185
-159
-127
-116
-100
-91
-74
-49
-29
0
23
33
35
57
73
92
115
143
163
157
145
156
189
204
202
186
188
192
189
201
204
192
159
143
154
167
150
121
112
105
93
86
82
75
50
-9
-36
-35
-38
-72
-133
-148
-149
-161
-165
-164
-146
-142
-159
-163
-148
-129
-107
-104
-106
-82
-54
-20
-4
-2
24
62
98
103
113
145
182
200
207
214
229
234
207
215
226
218
183
135
142
173
167
127
82
70
102
120
111
67
20
6
11
3
-13
-50
-98
-128
-154
-157
-157
-181
-208
-233
-242
-238
-237
-248
-265
-289
-307
-313
-303
-284
-260
-256
-258
-246
-223
-183
-147
-123
-122
-130
-113
-53
8
28
22
20
61
109
129
134
125
129
133
127
140
151
157
137
109
128
155
167
131
89
82
90
82
51
26
25
34
22
-8
-22
-16
-7
-2
-17
-26
-37
-40
-40
-34
-8
-19
-46
-60
-38
19
27
-1
-24
-16
36
73
68
58
60
83
117
129
145
152
141
143
151
176
197
179
148
124
146
174
173
140
94
98
117
107
77
40
29
29
12
-10
-37
-47
-53
-55
-55
-67
-89
-112
-117
-100
-78
-88
-120
-142
-125
-91
-67
-81
-110
-113
-110
-95
-81
-80
-89
-113
-118
-86
-52
-59
-95
-120
-99
-73
-78
-103
-123
-121
-118
-121
-123
-118
-127
-140
-136
-113
-111
-124
-129
-109
-81
-87
-100
-103
-64
-17
4
13
-4
-12
22
78
115
99
70
64
108
146
151
145
145
147
160
188
212
205
164
139
138
150
134
103
84
66
48
39
46
46
24
-3
-8
-9
-1
0
-2
-18
-47
-58
-39
-1
10
-15
-30
-20
3
32
56
71
75
55
36
54
95
122
112
68
27
29
67
100
90
34
-8
-17
-4
20
12
-7
-36
-81
-77
-46
-30
-50
-110
-135
-114
-90
-81
-100
-114
-110
-111
-97
-67
-56
-60
-69
-74
-56
-30
-19
-17
-21
-18
-2
2
13
29
29
39
37
27
30
31
40
36
21
11
1
-6
-11
-16
-11
-17
-30
-38
-44
-49
-52
-49
-52
-58
-53
-35
-20
-29
-41
-43
-39
-22
-7
7
29
25
15
24
44
71
73
60
57
68
85
95
93
95
86
73
72
80
90
86
64
28
15
16
14
2
-22
-36
-53
-66
-67
-70
-70
-72
-81
-96
-98
-89
-78
-64
-69
-91
-105
-105
-64
-17
-4
-23
-56
-55
-3
59
79
51
14
17
44
87
109
91
58
26
37
72
95
76
35
12
17
45
61
52
29
13
10
12
14
-3
-23
-44
-48
-43
-34
-36
-49
-50
-40
-11
-7
-33
-32
-10
11
15
-13
-36
-26
-1
21
10
-14
-24
-8
29
57
56
33
15
14
38
63
69
54
24
8
26
55
58
31
4
9
40
52
48
48
38
32
27
32
47
48
24
-1
-8
-8
4
2
-3
-14
-45
-50
-34
-14
-4
-31
-56
-66
-60
-32
-21
-42
-74
-96
-80
-45
-44
-69
-80
-71
-50
-45
-48
-39
-36
-34
-35
-29
-24
-34
-44
-38
-24
-27
-43
-50
-48
-44
-41
-36
-39
-49
-49
-35
-19
-17
-13
-18
-14
-3
5
27
34
16
-6
0
35
50
27
5
14
41
61
60
60
58
45
36
34
43
50
35
28
27
35
46
52
58
47
40
50
52
49
41
39
42
30
21
30
54
53
26
9
16
32
29
15
6
12
26
25
29
50
61
48
30
26
42
51
43
29
22
31
46
56
44
36
37
34
30
22
18
11
-6
-15
-15
-12
-10
-33
-47
-40
-39
-44
-65
-86
-99
-106
-99
-93
-105
-118
-114
-103
-94
-103
-111
-105
-101
-90
-86
-86
-76
-69
-61
-49
-33
-25
-34
-33
-18
4
6
3
12
32
53
57
59
63
67
76
77
72
75
73
67
53
48
53
47
39
26
15
5
-6
-20
-27
-35
-36
-43
-46
-35
-29
-26
-37
-42
-43
-38
-39
-44
-52
-49
-42
-46
-42
-40
-42
-44
-40
-31
-15
-14
-19
-20
-15
12
32
38
35
31
49
74
78
69
60
60
66
78
96
102
99
93
101
125
140
129
108
97
106
121
122
112
90
78
73
71
80
66
34
11
0
-9
-19
-33
-48
-60
-73
-77
-72
-72
-81
-98
-107
-105
-104
-107
-106
-108
-110
-116
-109
-87
-75
-71
-63
-56
-39
-22
-14
0
10
12
12
21
39
40
33
37
47
49
55
59
56
61
53
51
56
52
46
38
22
2
-10
-11
-27
-52
-74
-76
-69
-81
-104
-126
-123
-117
-123
-129
-124
-124
-129
-135
-124
-103
-102
-106
-105
-87
-61
-47
-37
-31
-27
-11
9
32
41
36
49
74
89
94
97
98
98
97
105
111
107
92
82
95
113
109
91
82
89
103
105
99
96
88
81
82
85
88
80
78
77
69
64
60
60
54
45
42
38
36
30
32
38
31
10
1
2
5
2
-16
-23
-27
-32
-35
-50
-58
-72
-81
-79
-85
-98
-111
-115
-106
-100
-97
-96
-93
-91
-84
-58
-38
-32
-47
-46
-22
-2
8
15
19
19
23
37
55
54
41
29
26
35
34
23
8
-9
-16
-24
-23
-31
-51
-68
-77
-75
-86
-102
-111
-113
-112
-117
-124
-129
-136
-142
-139
-128
-114
-114
-115
-106
-81
-56
-45
-40
-22
3
32
54
73
90
99
109
125
145
163
167
161
161
174
190
194
185
181
183
190
197
193
180
166
149
137
131
122
109
92
64
48
43
29
13
-1
-15
-32
-39
-39
-44
-56
-70
-74
-72
-79
-88
-91
-97
-107
-117
-125
-131
-139
-151
-157
-153
-147
-151
-162
-159
-150
-148
-153
-149
-137
-128
-126
-119
-106
-94
-94
-92
-78
-55
-41
-31
-16
1
21
40
62
84
103
117
133
151
160
167
172
182
189
187
181
175
179
173
165
165
150
135
120
112
115
98
60
34
22
10
-4
-20
-36
-57
-71
-75
-75
-72
-91
-109
-121
-118
-109
-105
-99
-104
-111
-97
-73
-56
-53
-50
-38
-15
2
6
15
23
32
43
59
75
78
81
83
96
107
102
104
110
107
108
103
93
79
63
58
51
41
19
0
-5
-18
-34
-49
-59
-70
-87
-103
-112
-118
-136
-155
-159
-162
-172
-185
-194
-190
-194
-196
-198
-197
-188
-191
-185
-169
-164
-163
-156
-145
-131
-118
-106
-93
-73
-54
-34
-13
7
19
27
50
77
94
107
122
135
146
163
182
199
209
215
234
249
249
252
255
259
257
252
248
241
235
223
214
199
186
171
158
144
122
101
78
69
55
29
16
-1
-21
-39
-49
-56
-72
-99
-117
-119
-121
-133
-144
-147
-155
-157
-153
-145
-140
-143
-147
-141
-128
-120
-119
-114
-110
-98
-85
-72
-53
-49
-46
-35
-19
-2
5
9
19
31
34
32
38
43
48
48
49
47
39
40
41
36
32
23
11
5
-3
-9
-25
-40
-54
-65
-74
-82
-92
-109
-113
-115
-117
-123
-132
-129
-127
-128
-132
-133
-123
-123
-110
-96
-92
-90
-89
-74
-60
-46
-39
-33
-23
-12
8
31
52
56
54
71
101
129
138
133
143
160
174
182
191
197
190
181
191
210
211
185
169
170
177
175
161
147
133
120
105
98
100
83
59
41
34
26
4
-22
-41
-42
-46
-58
-62
-71
-77
-81
-83
-78
-85
-89
-92
-93
-89
-93
-90
-82
-81
-76
-65
-52
-43
-42
-40
-28
-9
-6
-12
-7
0
11
18
22
25
22
15
22
31
28
22
21
23
18
14
9
1
-5
-15
-21
-23
-28
-31
-43
-53
-61
-65
-65
-71
-80
-90
-96
-99
-103
-103
-106
-108
-111
-112
-110
-108
-114
-127
-131
-120
-109
-110
-113
-101
-81
-73
-69
-66
-58
-54
-46
-32
-17
-7
-4
1
17
40
55
68
76
81
87
98
113
125
120
113
117
129
144
147
144
139
132
137
145
143
133
124
122
120
109
101
99
97
86
80
74
70
62
49
45
42
32
20
18
22
19
9
-2
-5
0
8
8
6
-4
-10
-4
2
3
-6
-15
-14
-11
-5
2
8
7
3
1
8
27
30
22
19
16
11
11
10
6
-2
-17
-16
-17
-17
-23
-32
-42
-52
-57
-59
-63
-77
-87
-91
-90
-96
-107
-111
-116
-121
-126
-131
-140
-147
-155
-160
-155
-153
-158
-163
-162
-160
-157
-153
-150
-142
-140
-136
-129
-122
-118
-117
-110
-97
-87
-75
-63
-50
-33
-20
-5
8
16
27
37
54
71
83
95
105
121
132
139
154
172
184
187
187
199
211
219
219
220
221
215
209
214
221
216
194
178
174
174
169
153
140
132
116
108
111
101
90
70
62
60
56
47
37
26
13
6
0
0
-5
-16
-24
-23
-18
-22
-30
-36
-38
-50
-60
-68
-73
-79
-92
-98
-100
-102
-108
-113
-116
-116
-118
-125
-135
-139
-138
-137
-141
-143
-147
-147
-134
-131
-131
-131
-134
-130
-129
-128
-126
-127
-131
-133
-126
-113
-105
-106
-99
-95
-89
-80
-76
-76
-74
-71
-64
-52
-43
-39
-35
-23
-12
-5
8
16
27
32
41
47
51
56
60
69
72
67
68
72
73
76
72
70
71
76
86
94
105
111
119
128
139
148
153
156
158
161
161
165
175
183
190
186
185
185
182
191
191
186
176
164
156
149
136
121
103
83
68
51
46
36
17
-3
-22
-32
-42
-55
-69
-79
-91
-105
-101
-102
-113
-123
-133
-132
-140
-151
-155
-157
-155
-155
-158
-157
-157
-162
-157
-155
-157
-153
-153
-145
-133
-122
-120
-123
-118
-116
-113
-105
-98
-99
-102
-96
-85
-77
-71
-70
-67
-63
-61
-49
-42
-50
-48
-40
-32
-28
-30
-25
-18
-15
-12
-4
7
17
18
16
28
33
36
42
46
54
58
62
72
83
86
85
88
94
102
108
112
115
119
128
139
149
155
163
165
166
168
165
164
154
142
130
119
114
105
96
87
75
66
60
54
49
45
36
34
34
31
32
33
35
33
25
20
13
20
20
9
0
-2
-1
-7
-21
-27
-29
-39
-53
-54
-46
-46
-55
-63
-58
-60
-67
-71
-68
-67
-71
-75
-72
-61
-63
-74
-77
-76
-84
-95
-101
-96
-94
-104
-112
-112
-108
-115
-128
-128
-127
-132
-137
-134
-126
-121
-115
-111
-106
-101
-101
-97
-92
-87
-81
-73
-64
-60
-51
-40
-30
-23
-21
-19
-12
-3
4
9
16
33
41
47
57
60
64
65
65
69
73
77
78
78
81
82
86
87
81
76
79
89
98
101
103
109
117
126
134
137
137
133
132
135
137
136
131
129
127
123
118
108
101
97
93
85
80
80
82
78
72
68
60
57
54
45
39
29
21
16
6
3
2
-7
-16
-22
-25
-23
-28
-40
-47
-51
-53
-54
-56
-58
-63
-73
-73
-72
-75
-84
-95
-96
-97
-101
-103
-102
-100
-105
-118
-126
-132
-137
-141
-142
-144
-145
-145
-136
-130
-138
-143
-143
-150
-150
-144
-143
-138
-140
-138
-128
-129
-128
-134
-133
-123
-124
-115
-98
-88
-79
-72
-62
-47
-37
-29
-21
-9
12
29
49
67
77
85
95
105
108
113
121
132
142
152
165
173
184
186
183
191
193
188
188
193
194
191
187
186
184
173
168
166
155
146
142
140
137
132
124
117
108
97
90
81
72
56
47
42
34
27
20
19
15
7
5
4
-1
-9
-16
-16
-18
-25
-34
-35
-30
-31
-34
-38
-43
-45
-47
-49
-52
-50
-52
-50
-46
-45
-45
-52
-64
-67
-67
-80
-96
-103
-102
-108
-128
-139
-135
-140
-153
-162
-159
-154
-165
-174
-170
-159
-164
-176
-175
-167
-167
-175
-174
-169
-163
-161
-162
-152
-149
-151
-144
-131
-116
-108
-105
-100
-86
-66
-51
-37
-23
-11
3
23
41
57
67
78
92
106
118
132
141
150
155
161
170
178
181
179
184
192
202
206
207
211
217
211
201
200
203
200
188
179
179
178
169
157
149
142
124
109
103
95
89
76
62
59
51
40
35
24
13
3
-8
-7
-9
-15
-21
-27
-29
-38
-50
-60
-66
-68
-72
-74
-76
-76
-75
-73
-73
-72
-72
-76
-76
-71
-69
-70
-65
-66
-70
-70
-73
-76
-82
-93
-94
-95
-95
-92
-90
-87
-88
-90
-86
-85
-84
-83
-89
-93
-90
-91
-92
-96
-98
-94
-101
-109
-116
-112
-106
-102
-101
-98
-92
-88
-76
-69
-67
-62
-60
-56
-47
-40
-32
-21
-14
-12
-6
4
9
15
18
23
33
43
57
66
73
78
85
96
103
104
112
122
123
128
136
143
147
147
148
148
149
147
139
142
145
138
131
129
130
126
115
107
104
103
93
85
79
81
78
68
62
58
46
40
36
29
20
16
17
8
-2
-9
-7
-7
-19
-31
-34
-35
-43
-50
-52
-52
-62
-70
-67
-65
-73
-77
-72
-70
-73
-79
-76
-67
-66
-66
-67
-62
-60
-65
-69
-62
-58
-61
-66
-64
-58
-62
-65
-66
-63
-65
-68
-72
-70
-63
-67
-70
-64
-62
-59
-64
-67
-58
-54
-59
-62
-57
-49
-58
-67
-60
-47
-47
-51
-44
-39
-37
-41
-29
-15
-14
-15
-16
0
13
9
12
22
26
24
26
41
50
49
49
59
68
66
68
75
81
82
77
82
95
96
92
89
91
92
88
83
85
86
78
75
80
81
76
71
72
70
67
66
63
59
51
48
51
46
45
42
35
32
25
23
20
14
14
13
9
7
7
5
2
-1
-6
-8
-8
-8
-8
-10
-11
-13
-15
-14
-11
-21
-26
-24
-27
-26
-28
-33
-35
-38
-38
-37
-42
-45
-48
-50
-50
-52
-54
-56
-58
-64
-71
-72
-69
-73
-77
-83
-82
-78
-87
-87
-86
-89
-87
-89
-90
-86
-93
-91
-89
-88
-81
-84
-84
-80
-77
-71
-67
-67
-66
-55
-51
-48
-39
-34
-26
-18
-17
-6
3
11
21
24
35
42
45
57
68
75
76
77
87
101
104
105
113
117
123
126
130
132
131
133
134
139
147
147
141
138
141
143
138
132
127
120
114
106
99
89
81
69
62
58
48
35
23
16
15
9
-5
-12
-18
-27
-39
-45
-49
-60
-66
-72
-69
-71
-79
-86
-88
-88
-91
-92
-91
-90
-94
-98
-95
-93
-89
-92
-91
-82
-82
-89
-87
-80
-78
-76
-72
-67
-72
-76
-72
-63
-64
-66
-66
-62
-56
-55
-56
-53
-54
-56
-57
-50
-40
-39
-41
-39
-32
-19
-15
-14
-8
-5
1
4
8
15
17
21
21
25
33
37
37
39
43
49
53
59
66
68
66
67
75
82
79
80
89
91
90
92
97
98
92
89
90
95
91
83
85
87
85
81
83
82
73
65
62
64
56
48
44
40
30
18
17
13
-2
-8
-9
-10
-18
-26
-28
-29
-32
-36
-31
-33
-43
-48
-53
-50
-54
-61
-65
-68
-63
-66
-69
-69
-75
-75
-75
-74
-73
-73
-74
-74
-75
-75
-69
-69
-68
-65
-63
-58
-57
-57
-50
-50
-47
-43
-39
-35
-33
-31
-25
-23
-25
-20
-14
-11
-12
-11
-9
-6
-6
0
4
9
10
8
12
21
23
25
29
35
38
36
40
46
47
46
44
44
45
45
43
50
52
51
48
44
53
54
49
49
48
52
48
46
51
51
48
41
44
48
42
39
37
39
35
31
29
25
26
19
14
14
12
8
4
-3
-3
-2
-10
-13
-17
-19
-19
-25
-26
-23
-24
-31
-36
-32
-29
-32
-36
-32
-29
-31
-31
-29
-25
-29
-33
-28
-20
-24
-23
-18
-14
-9
-11
-10
-8
-7
-3
-3
-5
1
-4
-3
1
0
1
-4
-9
-8
-9
-10
-7
-7
-11
-16
-16
-15
-15
-15
-15
-18
-19
-16
-13
-13
-16
-12
-10
-11
-9
-6
-2
-7
-9
-5
-1
-1
-12
-11
-9
-12
-16
-22
-16
-16
-23
-23
-19
-12
-17
-24
-17
-6
-8
-14
-8
-2
0
-6
-6
3
6
6
7
14
17
12
12
17
23
24
17
19
26
29
27
27
33
33
35
37
36
41
42
39
39
45
50
47
46
50
52
52
49
48
49
49
48
46
50
47
40
40
38
32
30
29
24
18
