SAMPLES:	20816
BITSPERSAMPLE:	16
CHANNELS:	1
SAMPLERATE:	16000
NORMALIZED:	FALSE
0
-1
1
0
0
1
0
0
0
0
1
0
0
0
0
1
0
0
0
-1
0
1
0
1
-1
0
1
0
0
0
0
0
-1
0
0
0
0
0
0
0
0
0
0
-1
0
1
0
1
0
-1
0
0
1
0
0
0
0
0
0
-1
0
0
0
0
0
0
0
0
0
1
0
1
0
0
0
0
0
-1
0
0
0
0
0
-1
0
0
0
0
-1
0
0
0
0
0
0
0
-1
0
0
0
0
0
0
0
0
-1
0
1
0
0
0
0
0
0
0
0
0
0
0
0
0
0
0
-1
1
0
0
0
0
1
0
0
1
0
0
0
-1
0
0
0
0
1
1
1
1
1
0
-1
0
-1
0
0
0
0
0
0
0
0
0
0
0
0
0
1
0
0
0
-1
0
0
0
0
0
0
0
0
0
0
0
0
0
1
1
0
0
0
1
0
0
0
0
0
0
0
0
1
0
0
-1
0
0
-1
0
0
0
0
-1
0
-1
0
-1
-1
-1
0
0
0
0
0
1
0
1
0
0
0
1
0
0
0
0
0
0
0
1
1
1
0
0
0
0
1
1
1
0
0
1
-1
1
0
0
0
-1
-1
-1
-1
-1
-1
0
-1
-1
-1
-1
-1
-1
-1
-1
0
0
-1
-1
-1
0
-1
-1
0
0
0
1
0
-1
0
0
0
1
0
0
1
0
1
1
2
2
2
2
2
2
1
1
1
0
-1
-1
-2
-3
-3
-4
-5
-6
-6
-5
-5
-6
-5
-5
-4
-3
-2
-2
-1
-1
0
0
2
2
3
4
4
5
5
7
7
8
8
10
11
11
13
13
14
15
16
16
14
14
13
11
8
5
3
0
-5
-7
-11
-15
-18
-19
-20
-22
-24
-23
-24
-24
-23
-22
-21
-21
-20
-18
-16
-16
-14
-13
-10
-9
-7
-4
-2
0
3
5
7
10
13
16
18
20
21
24
23
24
23
22
22
20
20
17
16
15
13
12
10
8
7
6
5
2
1
1
-1
-4
-7
-9
-11
-15
-18
-23
-26
-28
-31
-32
-33
-34
-33
-32
-26
-22
-11
-2
8
18
24
41
51
65
72
77
84
84
82
78
76
71
63
48
38
25
15
5
-5
-14
-25
-32
-43
-52
-58
-65
-69
-86
-96
-111
-121
-132
-149
-159
-179
-187
-203
-211
-216
-214
-202
-193
-173
-149
-116
-74
-33
18
69
126
181
222
266
307
349
373
388
395
396
387
374
354
330
311
280
250
215
184
160
129
97
61
29
-3
-37
-73
-110
-142
-183
-224
-270
-306
-337
-367
-389
-415
-428
-437
-434
-427
-411
-385
-354
-322
-289
-248
-204
-155
-109
-69
-27
10
52
85
116
148
182
210
228
247
267
291
306
312
316
317
322
318
314
310
301
288
268
244
219
197
173
147
110
76
40
0
-34
-73
-100
-128
-159
-189
-220
-235
-250
-261
-277
-290
-304
-318
-331
-347
-349
-354
-358
-362
-375
-368
-359
-340
-321
-293
-267
-237
-204
-176
-121
-81
-20
23
63
116
157
225
273
333
390
438
489
514
547
582
618
643
644
644
637
630
599
572
534
494
445
375
311
244
191
126
64
-10
-69
-119
-172
-216
-264
-290
-323
-361
-396
-426
-438
-452
-473
-498
-517
-526
-531
-530
-525
-507
-488
-462
-438
-406
-361
-306
-249
-200
-149
-100
-39
7
53
99
146
190
219
249
286
323
357
373
394
421
440
463
468
476
469
458
433
398
365
326
285
225
160
93
34
-20
-74
-135
-184
-233
-283
-335
-386
-418
-454
-495
-537
-581
-608
-639
-668
-685
-697
-697
-691
-685
-657
-623
-581
-523
-481
-412
-349
-263
-178
-94
-3
84
186
276
373
473
583
681
771
847
929
1003
1065
1109
1130
1149
1138
1116
1068
1006
949
870
783
674
567
470
370
277
170
75
-11
-94
-179
-260
-324
-383
-442
-514
-575
-631
-673
-716
-761
-793
-824
-840
-856
-853
-836
-803
-754
-710
-656
-591
-507
-416
-337
-254
-174
-97
-27
34
96
151
197
236
275
295
331
357
398
447
464
510
513
546
572
584
609
586
568
514
467
396
334
259
180
96
-14
-81
-168
-218
-281
-333
-374
-423
-457
-498
-524
-557
-570
-610
-647
-675
-710
-707
-741
-743
-752
-755
-726
-726
-663
-621
-553
-483
-423
-330
-248
-137
-28
82
184
289
390
505
609
712
812
889
969
1026
1093
1151
1189
1208
1205
1186
1152
1117
1064
1000
918
822
720
608
503
400
301
201
98
-10
-113
-203
-277
-344
-411
-487
-563
-632
-691
-741
-778
-814
-845
-872
-887
-884
-870
-836
-796
-746
-693
-634
-556
-469
-381
-298
-213
-132
-60
6
75
137
192
234
261
290
321
341
380
396
440
475
495
537
525
570
593
609
612
564
534
466
403
306
218
128
39
-61
-175
-251
-333
-375
-440
-485
-519
-550
-573
-612
-618
-647
-662
-702
-735
-755
-786
-787
-811
-810
-814
-803
-769
-736
-684
-622
-544
-465
-386
-303
-194
-75
49
161
280
403
531
665
785
912
1011
1114
1203
1274
1342
1381
1421
1426
1402
1369
1324
1273
1198
1103
993
878
747
619
483
355
230
101
-15
-138
-256
-356
-430
-512
-599
-683
-752
-804
-867
-920
-966
-997
-1029
-1054
-1065
-1052
-1025
-994
-930
-862
-778
-689
-586
-465
-349
-238
-127
-12
90
179
248
323
380
424
461
483
512
530
535
542
546
566
607
616
643
635
629
654
633
631
580
521
448
343
232
112
7
-108
-216
-355
-459
-539
-599
-634
-690
-705
-726
-740
-760
-773
-763
-756
-768
-799
-813
-822
-821
-825
-816
-799
-781
-757
-715
-652
-586
-506
-422
-337
-253
-175
-71
59
170
276
368
472
600
705
833
953
1049
1156
1232
1323
1403
1457
1509
1539
1528
1493
1433
1370
1310
1197
1064
917
763
616
453
302
175
48
-88
-226
-350
-433
-490
-556
-619
-688
-744
-797
-858
-899
-940
-976
-1013
-1056
-1080
-1081
-1057
-1012
-954
-895
-821
-719
-596
-470
-342
-217
-91
22
115
195
273
354
406
440
453
464
489
505
507
519
518
547
574
589
633
627
658
666
658
657
611
573
498
393
262
134
12
-112
-243
-394
-498
-594
-662
-724
-782
-800
-825
-840
-866
-873
-868
-865
-876
-907
-920
-943
-946
-954
-952
-939
-933
-898
-869
-808
-745
-653
-553
-464
-367
-278
-143
-33
87
197
312
453
535
661
793
950
1119
1214
1340
1458
1597
1721
1807
1886
1938
1962
1922
1866
1777
1694
1583
1402
1216
996
819
645
449
271
100
-29
-160
-290
-406
-478
-526
-595
-686
-786
-852
-921
-989
-1080
-1173
-1248
-1323
-1372
-1420
-1416
-1381
-1333
-1264
-1189
-1066
-908
-741
-570
-414
-253
-89
42
162
264
360
443
484
504
522
553
574
596
593
646
701
750
813
807
865
886
898
898
823
760
648
504
340
154
-15
-171
-352
-542
-694
-821
-902
-974
-1033
-1046
-1053
-1056
-1058
-1052
-1029
-1010
-1016
-1031
-1049
-1070
-1079
-1098
-1118
-1116
-1116
-1068
-1029
-965
-854
-748
-586
-470
-329
-175
-27
143
250
356
474
573
683
758
848
973
1094
1232
1342
1486
1648
1817
1954
2050
2136
2200
2227
2202
2122
2017
1884
1710
1503
1258
1035
819
605
395
188
40
-82
-184
-278
-364
-404
-435
-476
-544
-617
-673
-742
-835
-954
-1065
-1154
-1251
-1340
-1420
-1459
-1447
-1425
-1382
-1299
-1183
-1036
-884
-714
-537
-384
-226
-97
17
108
169
232
265
285
286
301
337
375
399
448
526
600
678
701
766
822
851
850
778
719
627
507
358
183
21
-137
-305
-477
-610
-722
-800
-874
-953
-991
-1021
-1026
-1040
-1075
-1087
-1098
-1127
-1153
-1199
-1224
-1224
-1263
-1278
-1288
-1263
-1192
-1151
-1058
-945
-804
-653
-514
-371
-199
-27
117
267
377
500
626
753
879
1006
1132
1287
1464
1614
1781
1964
2140
2307
2393
2459
2525
2535
2506
2401
2254
2098
1904
1668
1423
1168
932
715
488
286
99
-49
-150
-257
-346
-429
-493
-547
-627
-726
-816
-908
-1015
-1134
-1268
-1375
-1453
-1531
-1583
-1620
-1617
-1567
-1484
-1382
-1255
-1099
-921
-744
-582
-440
-282
-123
-48
59
70
135
184
189
248
237
274
325
393
464
535
584
669
739
748
785
778
781
718
569
457
319
198
45
-130
-281
-418
-553
-663
-729
-802
-834
-878
-917
-931
-976
-972
-974
-996
-1045
-1116
-1143
-1184
-1204
-1264
-1287
-1281
-1284
-1255
-1219
-1126
-1004
-868
-751
-615
-469
-306
-138
9
131
262
375
476
607
698
864
1038
1166
1362
1495
1705
1949
2126
2346
2478
2599
2681
2708
2693
2649
2567
2415
2224
1970
1733
1513
1265
1032
794
571
382
184
30
-67
-183
-269
-365
-484
-555
-687
-780
-869
-1006
-1134
-1291
-1418
-1523
-1621
-1689
-1710
-1715
-1713
-1663
-1585
-1444
-1289
-1141
-961
-799
-645
-484
-349
-216
-108
-43
24
66
108
135
182
231
273
343
406
500
592
659
734
809
853
875
861
812
752
626
473
327
160
3
-181
-362
-497
-616
-711
-793
-854
-886
-906
-938
-958
-965
-988
-1008
-1060
-1117
-1165
-1225
-1272
-1318
-1368
-1389
-1395
-1386
-1329
-1273
-1169
-1029
-898
-757
-610
-456
-268
-104
41
169
294
411
531
667
771
975
1121
1277
1488
1609
1871
2095
2283
2507
2606
2736
2816
2834
2832
2767
2652
2499
2293
2036
1785
1531
1270
1034
754
486
288
92
-47
-181
-318
-376
-472
-589
-688
-793
-855
-952
-1100
-1243
-1380
-1494
-1602
-1686
-1748
-1767
-1770
-1767
-1693
-1620
-1483
-1309
-1156
-978
-829
-672
-478
-332
-192
-76
17
101
151
189
242
305
353
426
464
525
588
634
729
780
821
829
790
761
687
601
485
344
193
26
-142
-304
-440
-570
-663
-762
-852
-905
-950
-958
-977
-1011
-1022
-1052
-1084
-1118
-1164
-1196
-1222
-1272
-1312
-1341
-1365
-1337
-1311
-1246
-1175
-1069
-963
-820
-677
-518
-351
-199
-23
103
237
369
489
647
764
879
1118
1230
1459
1621
1781
2090
2265
2487
2665
2757
2886
2917
2910
2886
2782
2638
2470
2250
1962
1732
1437
1224
979
677
473
258
84
-52
-222
-326
-404
-537
-646
-765
-891
-966
-1095
-1238
-1363
-1517
-1608
-1700
-1770
-1812
-1822
-1797
-1756
-1685
-1608
-1455
-1283
-1123
-954
-830
-656
-493
-357
-238
-150
-58
11
50
77
122
212
291
356
406
441
537
605
681
729
738
748
698
620
537
442
340
225
73
-102
-233
-350
-431
-512
-618
-682
-728
-767
-800
-838
-837
-836
-877
-931
-979
-1009
-1028
-1071
-1133
-1173
-1228
-1248
-1255
-1247
-1203
-1134
-1063
-960
-866
-752
-581
-433
-274
-135
-24
126
273
366
538
662
798
1038
1120
1348
1570
1725
2037
2207
2418
2626
2733
2860
2939
2932
2903
2837
2677
2533
2306
2023
1817
1540
1295
1061
769
564
365
163
20
-129
-263
-337
-488
-614
-717
-866
-962
-1093
-1253
-1378
-1529
-1651
-1735
-1827
-1885
-1882
-1881
-1836
-1773
-1703
-1531
-1366
-1206
-1033
-889
-695
-528
-397
-262
-158
-55
17
56
106
137
202
282
313
388
402
467
553
593
658
661
665
643
574
495
417
325
215
99
-67
-187
-286
-390
-445
-539
-600
-634
-665
-692
-706
-715
-718
-726
-787
-833
-878
-927
-961
-1033
-1100
-1164
-1219
-1234
-1235
-1224
-1180
-1138
-1047
-966
-876
-724
-596
-441
-313
-184
-44
112
221
334
506
605
833
1017
1151
1438
1577
1840
2109
2279
2541
2702
2845
2962
2985
2970
2956
2865
2712
2550
2289
2050
1824
1527
1315
1050
782
592
365
177
36
-142
-234
-343
-506
-625
-781
-900
-1017
-1186
-1339
-1489
-1645
-1768
-1876
-1956
-1985
-2002
-1997
-1936
-1865
-1746
-1576
-1411
-1224
-1061
-882
-706
-539
-384
-267
-129
-45
27
95
131
213
298
341
432
447
492
578
616
679
684
674
653
604
513
434
352
241
137
-30
-171
-263
-380
-434
-523
-614
-659
-695
-718
-725
-743
-737
-725
-773
-806
-842
-878
-891
-964
-1022
-1065
-1119
-1134
-1148
-1122
-1107
-1046
-1001
-912
-824
-733
-581
-474
-338
-241
-130
17
152
255
399
521
690
913
1042
1285
1477
1680
1966
2163
2403
2595
2729
2852
2920
2909
2878
2836
2710
2585
2352
2100
1925
1683
1479
1241
984
809
609
420
260
105
4
-104
-252
-404
-550
-682
-816
-967
-1169
-1344
-1489
-1645
-1759
-1892
-1963
-1972
-1999
-1985
-1970
-1870
-1707
-1559
-1419
-1265
-1102
-923
-761
-653
-498
-378
-280
-202
-171
-113
-24
74
150
226
256
343
433
490
572
592
653
640
585
542
470
450
357
232
104
-34
-135
-232
-306
-381
-439
-513
-564
-601
-632
-629
-647
-680
-731
-787
-838
-872
-931
-995
-1051
-1138
-1197
-1253
-1292
-1268
-1274
-1230
-1205
-1138
-1059
-954
-809
-713
-543
-440
-300
-166
-47
116
243
408
537
767
989
1200
1469
1641
1970
2256
2511
2781
2947
3127
3257
3298
3278
3248
3157
3040
2860
2579
2352
2107
1854
1625
1329
1090
887
671
472
297
139
45
-88
-281
-445
-623
-758
-898
-1126
-1326
-1527
-1705
-1871
-2049
-2153
-2209
-2244
-2265
-2267
-2207
-2074
-1917
-1748
-1575
-1399
-1218
-1021
-848
-695
-560
-446
-328
-262
-225
-114
-19
108
172
182
303
386
493
571
591
655
660
613
583
514
464
404
277
162
27
-90
-164
-251
-340
-428
-499
-552
-583
-636
-647
-638
-691
-723
-810
-856
-862
-933
-988
-1060
-1129
-1179
-1238
-1286
-1285
-1270
-1245
-1219
-1168
-1091
-974
-837
-741
-601
-479
-338
-185
-82
70
210
349
520
633
900
1120
1377
1637
1812
2154
2422
2725
2958
3108
3293
3405
3435
3384
3302
3239
3118
2915
2609
2344
2107
1857
1596
1308
1071
868
646
430
254
82
-13
-170
-364
-565
-775
-916
-1076
-1295
-1523
-1719
-1863
-2033
-2173
-2295
-2315
-2291
-2321
-2291
-2232
-2086
-1883
-1737
-1580
-1415
-1255
-1072
-914
-789
-656
-529
-423
-318
-258
-160
-51
57
144
212
298
383
472
519
551
589
583
588
549
498
470
395
327
205
92
18
-70
-158
-268
-356
-406
-463
-514
-562
-566
-590
-618
-648
-707
-724
-781
-839
-892
-978
-1033
-1122
-1169
-1215
-1250
-1238
-1243
-1201
-1166
-1093
-977
-881
-772
-647
-540
-389
-281
-149
2
139
278
428
599
856
1126
1357
1629
1819
2115
2419
2693
2937
3109
3258
3378
3393
3356
3315
3257
3161
2955
2675
2414
2176
1933
1697
1408
1147
887
656
427
232
49
-74
-216
-421
-634
-837
-960
-1096
-1290
-1515
-1709
-1870
-2019
-2139
-2245
-2274
-2270
-2285
-2244
-2194
-2064
-1867
-1702
-1546
-1399
-1259
-1054
-884
-755
-614
-503
-386
-305
-267
-171
-33
82
190
239
292
407
495
581
627
642
639
615
553
462
402
321
239
95
-68
-168
-262
-330
-427
-512
-556
-603
-634
-670
-655
-656
-662
-709
-767
-810
-870
-902
-965
-1040
-1110
-1185
-1227
-1245
-1264
-1243
-1204
-1150
-1095
-1012
-905
-749
-639
-515
-397
-278
-116
-5
148
300
413
580
722
937
1235
1430
1721
1900
2145
2463
2703
2972
3152
3298
3420
3437
3407
3331
3261
3161
2958
2687
2342
2086
1821
1579
1323
1036
793
557
327
146
-30
-140
-267
-438
-643
-865
-1004
-1151
-1302
-1517
-1733
-1898
-2057
-2180
-2279
-2330
-2307
-2300
-2267
-2207
-2083
-1889
-1675
-1490
-1320
-1178
-1009
-816
-668
-524
-416
-328
-248
-218
-162
-41
54
156
172
193
292
377
481
538
556
563
535
492
433
377
314
229
100
-65
-191
-271
-311
-374
-463
-536
-557
-574
-580
-576
-565
-545
-584
-643
-682
-716
-737
-799
-879
-964
-1052
-1120
-1137
-1148
-1157
-1136
-1149
-1063
-991
-891
-733
-613
-466
-383
-267
-118
37
196
300
425
532
670
849
1104
1352
1602
1788
1981
2282
2539
2828
3041
3194
3317
3357
3321
3267
3204
3113
2970
2700
2365
2075
1795
1588
1336
1040
783
527
310
90
-102
-227
-337
-494
-720
-952
-1106
-1230
-1350
-1545
-1754
-1928
-2084
-2196
-2300
-2368
-2350
-2342
-2310
-2276
-2192
-1993
-1773
-1543
-1391
-1218
-1038
-833
-632
-481
-327
-227
-116
-59
8
95
175
284
325
374
417
454
537
562
588
585
532
505
449
377
324
243
146
40
-75
-159
-221
-286
-354
-419
-490
-535
-558
-579
-589
-639
-677
-696
-742
-775
-827
-849
-869
-944
-1004
-1054
-1064
-1062
-1072
-1070
-1042
-988
-943
-817
-738
-605
-495
-394
-212
-130
32
165
326
475
539
679
809
1054
1279
1430
1691
1790
2056
2304
2510
2826
2922
3061
3157
3163
3158
3087
3021
2949
2751
2462
2152
1896
1664
1443
1154
851
597
334
121
-68
-279
-391
-536
-716
-905
-1123
-1219
-1315
-1448
-1636
-1828
-1955
-2058
-2134
-2220
-2257
-2236
-2228
-2184
-2145
-2031
-1829
-1640
-1470
-1339
-1197
-983
-783
-616
-478
-344
-192
-95
-1
75
186
308
368
433
452
513
594
644
669
640
615
609
582
501
442
379
305
214
74
-8
-66
-137
-210
-297
-382
-440
-491
-536
-553
-618
-663
-700
-770
-817
-899
-941
-974
-1052
-1121
-1172
-1185
-1178
-1190
-1171
-1151
-1101
-1025
-963
-830
-737
-627
-488
-391
-253
-126
13
186
311
400
562
708
942
1209
1366
1647
1800
2040
2351
2564
2852
3016
3148
3248
3264
3232
3172
3123
3007
2833
2547
2226
1996
1744
1523
1253
959
719
472
232
37
-139
-272
-408
-606
-816
-1004
-1154
-1275
-1427
-1642
-1841
-2008
-2131
-2203
-2300
-2352
-2326
-2322
-2278
-2238
-2130
-1907
-1710
-1532
-1374
-1245
-1041
-859
-674
-496
-373
-253
-155
-51
20
112
201
300
386
409
455
529
620
670
674
658
631
615
543
502
430
333
254
120
28
-56
-131
-177
-248
-339
-405
-443
-462
-479
-529
-566
-587
-636
-690
-754
-812
-850
-920
-995
-1065
-1097
-1130
-1108
-1120
-1127
-1069
-1051
-921
-837
-777
-611
-541
-397
-263
-195
8
141
265
392
511
657
904
1123
1315
1572
1690
1945
2238
2440
2716
2879
3011
3159
3155
3121
3116
3046
2962
2797
2500
2255
2007
1759
1569
1299
1012
768
526
312
126
-93
-227
-343
-552
-761
-976
-1122
-1211
-1387
-1604
-1790
-1948
-2077
-2176
-2284
-2314
-2309
-2326
-2297
-2274
-2181
-1993
-1813
-1629
-1492
-1380
-1171
-983
-808
-654
-534
-382
-279
-212
-135
-17
126
217
295
341
413
520
609
696
732
730
714
701
652
599
534
454
372
239
113
31
-17
-66
-136
-215
-285
-311
-337
-362
-395
-465
-506
-577
-672
-759
-852
-891
-959
-1064
-1155
-1229
-1242
-1254
-1258
-1251
-1225
-1161
-1085
-976
-904
-802
-664
-535
-401
-283
-154
55
205
310
482
666
1015
1226
1468
1670
1918
2282
2504
2800
3001
3178
3353
3400
3406
3369
3303
3248
3096
2842
2530
2275
2048
1826
1539
1234
1012
795
549
310
109
-21
-144
-381
-613
-842
-1010
-1158
-1363
-1575
-1798
-1988
-2147
-2294
-2415
-2503
-2496
-2492
-2498
-2469
-2392
-2192
-1985
-1835
-1679
-1510
-1306
-1101
-958
-787
-613
-465
-364
-289
-210
-45
71
173
272
295
433
511
607
693
718
761
761
712
640
610
558
506
390
226
159
69
16
-56
-152
-187
-247
-304
-359
-382
-405
-441
-510
-593
-653
-725
-794
-863
-950
-1039
-1118
-1201
-1264
-1298
-1315
-1303
-1287
-1284
-1207
-1109
-1022
-893
-810
-660
-513
-408
-269
-110
58
206
380
505
812
1071
1318
1606
1759
2120
2435
2693
2976
3130
3318
3465
3484
3438
3390
3345
3242
3077
2754
2497
2302
2068
1853
1552
1293
1100
871
607
393
198
73
-95
-375
-620
-842
-1020
-1184
-1440
-1693
-1898
-2069
-2220
-2390
-2499
-2522
-2496
-2531
-2548
-2496
-2342
-2116
-1979
-1825
-1653
-1473
-1264
-1116
-952
-783
-619
-504
-429
-351
-257
-56
69
162
231
300
487
586
665
749
800
843
793
722
688
678
605
480
348
196
113
20
-62
-130
-237
-302
-367
-429
-468
-495
-509
-531
-612
-704
-736
-795
-853
-944
-1045
-1098
-1194
-1267
-1326
-1345
-1332
-1319
-1313
-1283
-1192
-1089
-969
-832
-733
-560
-421
-296
-119
9
227
371
550
823
1039
1361
1570
1785
2137
2393
2721
2966
3135
3321
3436
3481
3475
3407
3330
3232
3053
2768
2478
2257
2024
1803
1472
1194
1013
778
561
318
132
46
-147
-354
-609
-801
-957
-1144
-1349
-1638
-1838
-2028
-2159
-2306
-2464
-2500
-2498
-2460
-2472
-2449
-2278
-2054
-1832
-1722
-1566
-1341
-1124
-917
-800
-650
-483
-372
-283
-225
-127
14
131
235
271
343
455
585
678
698
707
727
731
660
575
508
481
379
214
57
-51
-84
-161
-256
-328
-402
-425
-462
-499
-513
-525
-537
-591
-658
-736
-779
-821
-863
-966
-1061
-1116
-1167
-1173
-1234
-1252
-1197
-1180
-1146
-1086
-1057
-895
-819
-726
-591
-510
-326
-198
-71
131
247
508
763
971
1299
1433
1786
2102
2376
2685
2880
3098
3269
3348
3376
3386
3363
3288
3146
2933
2672
2468
2222
2021
1758
1466
1229
1021
814
603
393
249
119
-82
-338
-573
-750
-929
-1145
-1439
-1672
-1877
-2063
-2218
-2378
-2477
-2495
-2512
-2498
-2475
-2403
-2207
-1999
-1828
-1684
-1531
-1305
-1072
-912
-768
-619
-454
-363
-240
-140
-22
165
206
346
438
506
668
749
837
851
832
831
805
738
650
587
477
345
188
53
-24
-140
-245
-335
-420
-483
-546
-591
-576
-592
-655
-681
-723
-750
-809
-872
-922
-968
-1039
-1135
-1179
-1223
-1243
-1258
-1262
-1231
-1195
-1140
-1057
-979
-885
-803
-670
-548
-478
-335
-231
-70
78
199
504
742
1016
1277
1448
1839
2153
2463
2758
2943
3160
3334
3381
3394
3380
3328
3286
3109
2818
2547
2349
2135
1918
1604
1308
1134
922
691
494
297
222
89
-162
-373
-593
-726
-863
-1139
-1416
-1656
-1857
-1999
-2202
-2366
-2421
-2432
-2448
-2477
-2440
-2279
-2067
-1875
-1736
-1576
-1358
-1149
-947
-795
-651
-478
-351
-259
-172
-94
70
194
264
354
424
556
678
731
792
836
854
829
763
699
640
563
420
276
139
26
-78
-195
-316
-405
-465
-529
-578
-614
-625
-609
-640
-665
-703
-724
-732
-790
-849
-912
-963
-1002
-1055
-1125
-1155
-1150
-1134
-1119
-1105
-1066
-963
-926
-860
-777
-698
-573
-483
-411
-298
-197
-70
73
325
561
817
1100
1237
1626
1911
2238
2574
2732
2944
3105
3163
3207
3177
3153
3115
2968
2712
2434
2246
2063
1898
1590
1320
1114
927
729
545
355
289
173
-44
-247
-497
-603
-727
-946
-1222
-1499
-1679
-1837
-2006
-2179
-2286
-2270
-2309
-2331
-2340
-2206
-1991
-1805
-1671
-1578
-1373
-1172
-960
-814
-703
-543
-391
-310
-211
-110
41
255
279
356
446
569
763
809
829
866
885
854
784
701
638
597
438
273
115
1
-60
-195
-319
-426
-488
-530
-575
-638
-641
-620
-622
-652
-722
-731
-726
-751
-837
-914
-943
-964
-1003
-1066
-1088
-1074
-1058
-1070
-1045
-976
-919
-826
-786
-755
-656
-589
-475
-377
-334
-254
-96
6
253
457
690
1032
1166
1510
1813
2162
2518
2686
2888
3059
3135
3146
3113
3094
3017
2866
2590
2307
2110
1874
1710
1474
1204
992
814
630
496
323
242
171
-3
-219
-437
-554
-679
-882
-1167
-1409
-1592
-1787
-1960
-2120
-2220
-2208
-2259
-2275
-2254
-2146
-1931
-1721
-1608
-1480
-1286
-1082
-876
-754
-629
-455
-340
-280
-224
-106
42
180
264
298
444
540
689
784
802
867
904
879
807
719
642
628
477
278
152
29
-45
-184
-335
-383
-459
-516
-576
-595
-590
-582
-601
-609
-623
-660
-661
-665
-706
-778
-810
-845
-873
-932
-984
-958
-955
-978
-955
-926
-814
-809
-791
-720
-659
-555
-513
-434
-329
-249
-173
-62
152
352
606
826
990
1331
1572
1929
2241
2401
2615
2769
2856
2902
2857
2831
2826
2694
2456
2195
2032
1878
1716
1454
1207
1047
887
705
545
387
348
240
62
-150
-359
-439
-582
-759
-1054
-1298
-1480
-1662
-1818
-1999
-2089
-2095
-2158
-2187
-2207
-2099
-1878
-1713
-1597
-1471
-1301
-1103
-884
-775
-620
-466
-372
-279
-251
-174
20
122
273
294
336
527
616
758
813
816
888
885
793
725
647
610
517
315
113
-4
-100
-199
-337
-458
-532
-593
-657
-690
-707
-701
-668
-705
-703
-747
-744
-705
-751
-785
-857
-884
-898
-987
-1005
-1022
-991
-969
-979
-931
-840
-767
-701
-624
-550
-435
-376
-278
-169
-96
18
100
336
510
729
983
1126
1490
1734
2055
2383
2529
2740
2907
2996
3035
2961
2913
2890
2753
2478
2205
2032
1884
1698
1416
1167
1020
865
675
522
357
327
227
51
-147
-378
-456
-569
-750
-1054
-1328
-1472
-1634
-1807
-2040
-2129
-2091
-2164
-2214
-2280
-2137
-1902
-1765
-1632
-1535
-1325
-1131
-961
-805
-689
-519
-420
-349
-310
-278
-92
34
142
158
193
406
551
668
725
774
876
863
779
713
670
640
505
310
117
-23
-113
-244
-382
-496
-590
-651
-728
-773
-771
-752
-730
-773
-798
-805
-797
-799
-847
-888
-909
-940
-990
-1043
-1058
-1027
-1026
-1013
-1025
-948
-859
-799
-722
-659
-542
-428
-343
-251
-142
-34
111
201
465
645
919
1133
1293
1663
1908
2254
2517
2670
2883
3038
3098
3142
3068
3051
3007
2861
2580
2329
2137
1983
1802
1490
1230
1045
888
693
504
333
303
178
-17
-269
-454
-528
-661
-893
-1189
-1418
-1585
-1749
-1928
-2122
-2167
-2148
-2193
-2200
-2228
-2070
-1838
-1647
-1544
-1415
-1250
-1037
-829
-724
-591
-417
-312
-246
-214
-169
13
141
204
225
285
394
512
575
621
637
684
639
559
510
434
405
272
108
-71
-203
-294
-433
-558
-696
-794
-835
-910
-947
-957
-919
-907
-918
-924
-917
-867
-858
-866
-873
-891
-911
-915
-950
-946
-922
-904
-874
-845
-798
-723
-650
-565
-477
-389
-274
-171
-81
66
196
319
619
745
1052
1263
1376
1784
1999
2302
2581
2685
2870
3017
3011
3035
2988
2917
2872
2710
2434
2243
2042
1879
1733
1457
1217
1042
863
705
527
357
299
187
1
-233
-415
-542
-618
-848
-1133
-1324
-1533
-1663
-1829
-2021
-2053
-2079
-2108
-2109
-2124
-1984
-1790
-1593
-1457
-1342
-1187
-1017
-804
-683
-594
-435
-324
-247
-222
-200
-52
86
155
187
225
322
436
481
534
582
598
616
532
469
406
331
283
127
-60
-203
-328
-424
-568
-739
-815
-866
-932
-985
-1013
-976
-917
-935
-937
-918
-909
-865
-874
-866
-864
-902
-876
-905
-908
-919
-915
-830
-842
-800
-764
-683
-591
-528
-451
-357
-190
-153
-1
121
248
577
702
1016
1227
1376
1774
2004
2303
2545
2680
2862
2995
2969
2976
2959
2878
2816
2663
2405
2220
2032
1849
1721
1455
1194
1035
840
668
516
349
327
192
11
-184
-321
-451
-592
-781
-1059
-1219
-1464
-1609
-1722
-1910
-1940
-1975
-1976
-1950
-1978
-1835
-1629
-1429
-1321
-1235
-1047
-879
-694
-586
-482
-335
-260
-194
-118
-53
46
153
228
294
303
340
445
512
565
540
525
558
473
403
326
236
160
-13
-190
-309
-444
-567
-682
-813
-901
-987
-1051
-1064
-1090
-1098
-1079
-1052
-1021
-1022
-1006
-945
-897
-894
-907
-915
-885
-871
-884
-864
-857
-778
-775
-711
-659
-628
-475
-458
-342
-254
-194
-50
73
162
357
611
776
1087
1207
1406
1788
1988
2305
2495
2552
2765
2850
2841
2837
2755
2710
2645
2412
2116
1938
1765
1615
1422
1153
964
841
657
519
378
254
244
124
-65
-248
-390
-453
-549
-801
-1028
-1202
-1351
-1484
-1671
-1810
-1806
-1819
-1847
-1846
-1833
-1657
-1458
-1315
-1170
-1063
-892
-679
-545
-425
-319
-192
-84
-62
-50
15
140
245
290
316
362
442
506
544
590
587
569
563
474
413
321
225
163
-19
-194
-321
-433
-537
-680
-814
-877
-925
-1016
-1059
-1065
-1052
-1023
-1040
-1015
-994
-975
-926
-893
-882
-896
-922
-882
-829
-843
-834
-793
-737
-669
-652
-610
-498
-422
-369
-325
-241
-155
-60
68
119
284
518
641
982
1107
1251
1660
1849
2183
2397
2442
2682
2818
2777
2770
2675
2601
2567
2336
2025
1837
1647
1477
1318
1019
808
698
515
394
224
69
68
-39
-177
-361
-505
-560
-637
-854
-1084
-1251
-1388
-1476
-1640
-1782
-1792
-1795
-1782
-1778
-1763
-1594
-1385
-1190
-1058
-921
-760
-551
-379
-292
-197
-103
-6
64
68
119
265
325
439
414
439
602
654
761
779
749
790
751
624
556
436
309
213
-33
-214
-334
-480
-554
-706
-840
-908
-942
-986
-1018
-1025
-1028
-960
-999
-1032
-1012
-1000
-926
-946
-988
-993
-980
-952
-936
-935
-905
-836
-802
-747
-677
-613
-491
-383
-324
-246
-197
-101
-17
85
138
218
445
541
820
1022
1119
1511
1720
2010
2337
2397
2605
2778
2774
2808
2716
2586
2549
2367
2064
1798
1554
1358
1203
933
653
533
387
262
131
-47
-53
-93
-198
-375
-548
-637
-706
-839
-1099
-1285
-1447
-1547
-1633
-1835
-1878
-1867
-1840
-1762
-1772
-1633
-1372
-1154
-968
-843
-646
-415
-210
-77
-25
110
183
223
238
207
302
409
460
499
489
593
741
833
890
868
892
901
831
725
615
507
400
178
-63
-228
-372
-490
-660
-837
-938
-997
-1047
-1093
-1118
-1102
-1057
-1046
-1084
-1088
-1058
-997
-993
-1025
-1065
-1049
-1016
-1020
-1016
-985
-929
-863
-808
-778
-643
-539
-426
-304
-273
-190
-69
0
94
180
236
331
567
618
877
1110
1172
1592
1736
1997
2333
2396
2557
2726
2704
2745
2682
2509
2449
2299
1960
1697
1456
1227
1103
809
533
429
282
120
34
-157
-148
-183
-344
-448
-603
-735
-770
-936
-1190
-1349
-1547
-1599
-1680
-1888
-1930
-1852
-1828
-1755
-1749
-1612
-1308
-1102
-973
-788
-595
-391
-150
-75
46
179
219
326
358
318
417
494
538
578
538
621
760
786
774
762
765
778
714
597
518
434
283
139
-55
-221
-328
-476
-614
-777
-914
-968
-1018
-1088
-1121
-1113
-1094
-1095
-1140
-1106
-1030
-1015
-1013
-1021
-1019
-980
-962
-972
-906
-903
-865
-782
-735
-648
-563
-471
-377
-271
-238
-100
13
95
151
280
351
492
748
781
1173
1300
1373
1782
1926
2264
2540
2500
2709
2834
2770
2782
2673
2549
2494
2262
1917
1715
1479
1284
1132
836
559
445
242
134
10
-218
-191
-265
-433
-587
-798
-857
-873
-1101
-1343
-1524
-1680
-1728
-1837
-2017
-1988
-1940
-1898
-1808
-1786
-1613
-1315
-1110
-939
-777
-642
-414
-204
-144
-52
47
79
176
160
118
283
366
446
527
454
641
784
835
896
831
869
877
763
628
526
405
275
67
-184
-333
-465
-599
-745
-915
-1018
-1053
-1088
-1159
-1173
-1173
-1124
-1087
-1156
-1138
-1116
-1082
-1055
-1110
-1148
-1128
-1097
-1096
-1056
-1061
-993
-868
-840
-713
-627
-485
-324
-250
-140
-40
118
222
315
454
490
718
916
1046
1435
1456
1758
2108
2243
2684
2812
2908
3177
3153
3127
3123
2923
2860
2708
2393
2081
1815
1535
1335
1122
798
572
401
196
107
-82
-236
-235
-386
-538
-769
-960
-1015
-1119
-1363
-1620
-1831
-1954
-2030
-2184
-2296
-2254
-2205
-2110
-2046
-1990
-1729
-1451
-1198
-1026
-876
-670
-424
-204
-153
-47
88
141
248
182
180
412
461
535
559
528
781
882
910
985
948
1009
989
818
694
590
473
315
62
-242
-422
-523
-695
-858
-1047
-1156
-1137
-1204
-1296
-1287
-1266
-1167
-1178
-1239
-1222
-1169
-1117
-1141
-1156
-1209
-1116
-1138
-1113
-1083
-1093
-939
-854
-790
-704
-604
-460
-267
-196
-113
23
175
288
383
516
587
884
1055
1178
1590
1595
1945
2271
2370
2815
2931
3022
3215
3198
3182
3201
3018
2895
2744
2441
2129
1881
1590
1378
1173
832
603
443
201
121
-62
-233
-235
-426
-543
-749
-953
-1017
-1143
-1388
-1625
-1859
-1990
-2063
-2223
-2345
-2316
-2275
-2211
-2119
-2058
-1791
-1496
-1290
-1112
-936
-763
-512
-328
-253
-124
-27
38
131
115
137
344
403
493
518
491
728
838
899
957
929
984
954
810
685
613
483
300
49
-208
-344
-490
-660
-811
-963
-1057
-1090
-1161
-1209
-1203
-1187
-1135
-1158
-1215
-1212
-1166
-1141
-1156
-1190
-1218
-1141
-1179
-1175
-1129
-1102
-980
-906
-881
-754
-591
-487
-309
-223
-124
97
213
317
470
588
694
982
1142
1285
1690
1695
2059
2377
2455
2893
3012
3094
3304
3264
3236
3272
3065
2918
2790
2480
2154
1924
1584
1389
1179
807
581
410
173
95
-113
-301
-294
-510
-636
-848
-1038
-1091
-1251
-1510
-1748
-1945
-2085
-2154
-2287
-2423
-2350
-2366
-2295
-2169
-2144
-1874
-1615
-1430
-1228
-1072
-915
-603
-436
-334
-175
-100
29
134
133
205
398
460
571
619
596
836
925
980
1070
1022
1059
1042
911
800
725
558
399
204
-65
-208
-346
-522
-638
-815
-953
-951
-1024
-1082
-1082
-1116
-1060
-1078
-1153
-1146
-1117
-1107
-1127
-1161
-1203
-1158
-1202
-1215
-1164
-1176
-1105
-1024
-989
-845
-749
-631
-443
-349
-206
-57
104
224
338
513
586
875
1032
1173
1615
1616
1960
2280
2400
2850
2954
3041
3288
3270
3258
3258
3069
2961
2817
2530
2200
1961
1625
1426
1247
857
630
457
209
146
-118
-306
-303
-496
-651
-894
-1074
-1152
-1246
-1509
-1752
-1918
-2090
-2156
-2316
-2467
-2417
-2445
-2360
-2300
-2279
-2007
-1733
-1498
-1311
-1160
-949
-589
-408
-300
-140
-15
137
230
214
314
500
554
628
634
669
850
949
1008
1040
1019
1050
1022
943
819
745
639
482
286
18
-113
-227
-406
-562
-761
-871
-909
-1031
-1084
-1117
-1114
-1092
-1142
-1168
-1163
-1118
-1120
-1158
-1154
-1203
-1155
-1184
-1196
-1163
-1157
-1091
-1047
-969
-901
-740
-649
-518
-376
-282
-62
74
197
372
542
662
947
1130
1309
1723
1725
2049
2338
2481
2902
2994
3081
3241
3244
3223
3209
3055
2926
2829
2555
2222
1983
1687
1510
1302
930
659
496
241
120
-118
-319
-336
-551
-718
-968
-1143
-1225
-1364
-1606
-1856
-2042
-2198
-2282
-2416
-2547
-2490
-2491
-2425
-2341
-2306
-2043
-1766
-1552
-1372
-1224
-993
-679
-505
-389
-263
-71
48
140
156
277
502
582
697
689
801
977
1063
1158
1143
1148
1168
1107
1005
848
777
668
508
281
20
-90
-196
-367
-537
-704
-782
-793
-907
-976
-996
-978
-956
-1007
-1051
-1062
-1023
-1044
-1083
-1124
-1197
-1151
-1225
-1232
-1220
-1252
-1118
-1095
-1032
-936
-817
-686
-513
-457
-306
-123
-29
110
228
396
502
834
893
1202
1526
1539
2021
2201
2438
2849
2887
3071
3264
3193
3264
3233
3056
2962
2803
2489
2232
1940
1655
1503
1263
876
668
483
265
176
-120
-207
-281
-488
-667
-897
-1040
-1120
-1301
-1575
-1810
-2021
-2165
-2242
-2428
-2526
-2498
-2521
-2423
-2423
-2330
-2031
-1773
-1580
-1420
-1267
-1014
-696
-547
-429
-251
-136
7
94
54
261
440
513
652
584
741
981
1032
1171
1158
1165
1239
1152
1046
948
854
736
582
302
51
-39
-175
-316
-493
-695
-740
-757
-869
-915
-919
-890
-859
-950
-992
-980
-961
-983
-1043
-1114
-1140
-1164
-1231
-1214
-1233
-1206
-1137
-1085
-1028
-926
-831
-675
-503
-434
-298
-139
27
117
288
372
570
900
926
1312
1498
1618
2073
2177
2533
2841
2838
3056
3177
3151
3222
3092
2963
2920
2683
2386
2119
1881
1646
1456
1151
781
635
406
221
90
-212
-260
-360
-581
-763
-1009
-1142
-1207
-1439
-1722
-1939
-2130
-2215
-2331
-2533
-2566
-2516
-2491
-2400
-2402
-2244
-1905
-1664
-1496
-1338
-1154
-855
-572
-484
-343
-143
-23
144
175
204
434
554
664
722
720
890
1053
1109
1152
1108
1150
1164
1049
936
796
735
615
394
149
-54
-146
-278
-463
-630
-789
-813
-890
-987
-1012
-1019
-989
-993
-1053
-1084
-1061
-1053
-1063
-1113
-1178
-1182
-1191
-1226
-1218
-1238
-1165
-1100
-1029
-973
-863
-743
-622
-471
-401
-221
-62
80
198
417
506
838
1096
1186
1708
1768
2097
2530
2624
3096
3315
3338
3635
3645
3628
3697
3516
3414
3285
2988
2646
2424
2123
1824
1632
1251
921
744
411
287
101
-203
-282
-477
-729
-940
-1223
-1382
-1500
-1851
-2116
-2384
-2609
-2721
-2904
-3060
-3061
-3073
-3064
-2949
-2890
-2662
-2339
-2098
-1865
-1646
-1434
-1097
-796
-676
-477
-274
-148
41
69
175
445
559
710
770
847
1078
1211
1319
1385
1387
1444
1411
1323
1196
1058
957
750
505
220
-9
-149
-365
-580
-769
-916
-951
-1057
-1143
-1162
-1151
-1114
-1148
-1192
-1202
-1186
-1183
-1232
-1272
-1339
-1312
-1336
-1386
-1366
-1398
-1275
-1225
-1173
-1081
-959
-815
-667
-548
-406
-191
-12
145
283
508
632
1041
1205
1446
1886
1921
2409
2688
2855
3370
3480
3611
3878
3780
3868
3907
3685
3626
3447
3122
2830
2527
2217
1971
1709
1283
991
758
426
305
39
-200
-303
-564
-788
-1005
-1277
-1407
-1600
-1898
-2172
-2481
-2663
-2788
-2962
-3113
-3148
-3160
-3094
-3022
-2941
-2693
-2388
-2148
-1941
-1721
-1477
-1135
-882
-725
-476
-279
-117
77
137
317
537
651
766
823
918
1065
1189
1225
1228
1248
1258
1181
1086
947
841
755
530
308
105
-87
-212
-397
-594
-754
-859
-941
-1069
-1126
-1160
-1136
-1137
-1199
-1214
-1204
-1185
-1206
-1246
-1254
-1289
-1272
-1300
-1317
-1267
-1244
-1158
-1081
-1022
-935
-760
-670
-532
-383
-302
-14
117
218
492
604
846
1223
1298
1713
2022
2113
2617
2797
3066
3485
3520
3677
3871
3762
3821
3762
3574
3469
3267
2956
2635
2392
2042
1854
1611
1179
953
696
400
293
-23
-222
-313
-629
-860
-1121
-1396
-1499
-1759
-2070
-2322
-2606
-2742
-2879
-3024
-3121
-3123
-3105
-3039
-2937
-2826
-2547
-2230
-2036
-1805
-1584
-1367
-990
-798
-639
-344
-248
-61
125
158
414
538
628
789
810
900
1035
1094
1154
1153
1125
1130
1067
961
816
738
600
372
170
-66
-227
-391
-622
-749
-909
-1025
-1105
-1187
-1176
-1218
-1239
-1213
-1213
-1211
-1218
-1209
-1176
-1181
-1189
-1222
-1197
-1206
-1180
-1159
-1096
-1063
-997
-888
-861
-639
-606
-436
-253
-180
57
191
351
626
733
1122
1357
1581
2030
2083
2541
2848
3050
3474
3574
3649
3904
3839
3843
3821
3610
3565
3382
3055
2759
2538
2248
2003
1729
1371
1109
887
537
382
131
-110
-236
-473
-747
-979
-1242
-1400
-1566
-1933
-2166
-2445
-2598
-2767
-2999
-3079
-3099
-3106
-3084
-3058
-2898
-2691
-2433
-2199
-2008
-1728
-1535
-1257
-962
-816
-602
-404
-283
-73
-20
116
345
481
587
672
772
892
1012
1050
1083
1108
1086
1020
942
846
707
592
431
204
47
-196
-350
-468
-675
-785
-919
-1004
-1057
-1135
-1155
-1165
-1145
-1156
-1179
-1172
-1194
-1152
-1167
-1179
-1193
-1197
-1171
-1183
-1145
-1152
-1058
-1005
-909
-810
-748
-569
-469
-288
-134
-11
230
345
553
727
897
1299
1457
1821
2035
2217
2678
2886
3196
3493
3555
3755
3859
3755
3824
3699
3587
3506
3213
2902
2637
2366
2107
1840
1520
1176
963
666
401
240
-23
-145
-326
-598
-821
-1048
-1296
-1425
-1709
-2005
-2239
-2499
-2644
-2815
-2957
-3004
-3002
-2996
-2964
-2870
-2697
-2450
-2187
-2013
-1782
-1553
-1350
-1051
-857
-707
-454
-349
-185
-26
23
245
388
493
601
650
762
874
948
966
971
978
926
887
778
655
567
427
253
63
-117
-288
-410
-579
-746
-866
-986
-1057
-1130
-1171
-1172
-1182
-1177
-1193
-1182
-1152
-1137
-1106
-1106
-1092
-1058
-1076
-1025
-998
-1016
-885
-881
-765
-682
-680
-490
-405
-278
-127
-56
146
314
433
631
749
1110
1335
1594
1926
2011
2439
2723
2937
3306
3368
3509
3695
3618
3613
3548
3388
3321
3132
2775
2521
2282
2050
1835
1547
1240
1016
820
529
363
156
-28
-128
-390
-677
-861
-1104
-1272
-1468
-1836
-2039
-2253
-2457
-2581
-2792
-2847
-2822
-2836
-2802
-2774
-2608
-2384
-2156
-1958
-1809
-1556
-1324
-1119
-897
-774
-579
-379
-317
-174
-107
11
236
278
377
462
529
698
766
815
849
879
876
830
766
667
599
479
294
102
-80
-243
-399
-568
-745
-837
-938
-1020
-1069
-1128
-1101
-1098
-1096
-1088
-1102
-1050
-1029
-1019
-987
-1005
-986
-964
-935
-926
-876
-845
-792
-719
-700
-574
-506
-403
-303
-210
-64
94
234
372
595
704
1004
1250
1440
1838
1926
2243
2598
2771
3109
3255
3341
3540
3554
3476
3482
3336
3232
3126
2806
2511
2295
2037
1821
1596
1256
991
836
535
352
156
-83
-140
-343
-643
-827
-1056
-1237
-1338
-1693
-1938
-2122
-2344
-2423
-2612
-2734
-2711
-2727
-2683
-2652
-2556
-2329
-2098
-1886
-1740
-1545
-1309
-1101
-865
-730
-588
-371
-310
-180
-95
-43
171
257
327
418
436
570
651
685
742
744
768
725
661
607
516
435
292
113
-45
-200
-352
-511
-665
-805
-880
-980
-1061
-1123
-1131
-1116
-1129
-1113
-1107
-1039
-976
-964
-901
-884
-847
-790
-809
-741
-725
-697
-634
-603
-544
-497
-410
-314
-197
-131
-46
108
224
353
516
586
843
1127
1253
1668
1780
1987
2409
2550
2906
3097
3103
3319
3395
3297
3281
3157
3040
2982
2715
2365
2179
1933
1710
1549
1219
946
813
543
370
209
-52
-93
-250
-505
-733
-943
-1117
-1218
-1501
-1814
-1958
-2173
-2287
-2427
-2589
-2560
-2544
-2539
-2481
-2432
-2234
-1996
-1781
-1616
-1445
-1236
-1013
-779
-623
-507
-325
-212
-150
-46
-20
155
289
320
395
409
513
630
655
693
671
685
670
590
514
417
357
208
27
-137
-285
-416
-556
-725
-851
-933
-1026
-1082
-1116
-1141
-1117
-1120
-1105
-1070
-1071
-994
-937
-921
-878
-882
-813
-737
-749
-685
-680
-612
-526
-547
-415
-364
-304
-143
-152
9
107
201
383
505
637
772
1094
1250
1615
1799
1908
2348
2512
2785
3062
3082
3269
3385
3251
3275
3165
2991
2949
2696
2355
2141
1850
1642
1478
1187
883
761
543
329
220
-63
-100
-197
-473
-693
-899
-1080
-1161
-1395
-1722
-1881
-2082
-2218
-2314
-2511
-2533
-2482
-2485
-2405
-2372
-2233
-1962
-1721
-1569
-1390
-1212
-992
-728
-624
-482
-313
-203
-75
-31
-15
137
245
279
339
325
392
517
505
531
541
514
542
464
373
294
229
116
-36
-208
-383
-474
-628
-792
-918
-1041
-1102
-1159
-1234
-1231
-1219
-1199
-1170
-1162
-1121
-1028
-960
-895
-837
-840
-742
-669
-653
-584
-584
-523
-429
-423
-373
-299
-233
-94
-15
39
182
302
426
644
699
936
1251
1383
1785
1884
2092
2504
2646
2973
3158
3159
3372
3402
3329
3318
3135
3037
2946
2700
2340
2104
1875
1659
1488
1126
860
782
536
346
166
-60
-78
-220
-489
-707
-893
-1073
-1180
-1449
-1763
-1918
-2088
-2219
-2331
-2493
-2506
-2427
-2417
-2383
-2313
-2153
-1892
-1666
-1572
-1385
-1182
-943
-679
-614
-451
-294
-203
-63
-57
25
159
226
284
307
329
389
478
480
501
478
422
446
340
266
175
44
-36
-222
-401
-558
-675
-786
-954
-1078
-1195
-1270
-1305
-1369
-1367
-1343
-1338
-1295
-1265
-1246
-1165
-1112
-1028
-945
-949
-874
-799
-726
-630
-627
-549
-432
-364
-282
-225
-115
18
134
215
325
469
603
807
908
1169
1402
1625
2012
2102
2414
2703
2908
3275
3346
3401
3590
3560
3548
3474
3243
3186
3026
2736
2423
2131
1907
1706
1469
1133
886
736
500
353
117
-66
-148
-324
-530
-778
-974
-1160
-1299
-1553
-1842
-2053
-2203
-2314
-2451
-2572
-2607
-2552
-2484
-2467
-2374
-2165
-1935
-1703
-1550
-1387
-1128
-877
-694
-504
-405
-263
-115
-58
20
74
123
217
272
240
281
319
368
439
381
328
348
295
236
155
13
-57
-160
-373
-507
-659
-821
-878
-1057
-1209
-1276
-1375
-1397
-1407
-1462
-1450
-1393
-1368
-1297
-1262
-1212
-1088
-1013
-965
-899
-857
-753
-628
-606
-513
-470
-351
-240
-221
-120
-36
114
242
315
436
560
768
962
1080
1419
1559
1918
2194
2257
2692
2879
3165
3489
3443
3570
3728
3589
3643
3464
3248
3195
2924
2593
2309
2007
1744
1578
1272
930
763
539
360
265
-49
-118
-227
-425
-611
-846
-1034
-1140
-1345
-1668
-1842
-2078
-2190
-2285
-2475
-2517
-2515
-2515
-2398
-2359
-2225
-1989
-1792
-1554
-1390
-1235
-992
-776
-599
-464
-353
-239
-121
-46
-33
91
132
192
269
220
271
327
307
378
337
250
266
183
114
60
-101
-194
-298
-513
-651
-797
-961
-1057
-1195
-1347
-1396
-1496
-1533
-1516
-1544
-1523
-1488
-1454
-1404
-1345
-1301
-1185
-1093
-1054
-976
-891
-797
-646
-604
-502
-384
-327
-173
-140
-3
115
224
366
431
547
660
838
1006
1142
1453
1628
1942
2209
2291
2753
2965
3211
3525
3508
3683
3837
3668
3705
3574
3351
3315
3016
2671
2416
2111
1853
1673
1309
995
850
618
402
258
-2
-61
-172
-459
-635
-815
-1005
-1117
-1371
-1698
-1857
-2101
-2234
-2356
-2531
-2562
-2552
-2559
-2510
-2458
-2280
-2016
-1827
-1664
-1510
-1301
-1059
-859
-724
-563
-453
-307
-260
-145
-9
56
239
178
248
358
372
578
565
538
590
459
417
313
180
136
-12
-197
-421
-609
-714
-847
-978
-1141
-1285
-1323
-1449
-1500
-1532
-1540
-1479
-1525
-1535
-1526
-1478
-1409
-1369
-1343
-1322
-1236
-1171
-1060
-965
-885
-727
-641
-476
-399
-245
-93
25
187
237
406
519
632
740
900
1029
1212
1500
1631
2047
2225
2389
2842
3017
3390
3665
3663
3880
3979
3839
3843
3638
3435
3367
3013
2633
2324
1984
1724
1523
1144
801
673
406
254
98
-185
-182
-271
-523
-749
-943
-1106
-1150
-1452
-1813
-1985
-2204
-2290
-2467
-2664
-2661
-2609
-2560
-2521
-2484
-2263
-1937
-1676
-1498
-1318
-1082
-793
-559
-427
-273
-90
8
69
79
106
268
343
367
369
345
441
514
488
483
475
454
421
283
166
134
30
-121
-338
-562
-694
-847
-994
-1168
-1334
-1437
-1558
-1652
-1714
-1737
-1698
-1668
-1682
-1672
-1631
-1550
-1447
-1395
-1307
-1224
-1141
-1026
-978
-835
-743
-606
-472
-406
-239
-152
9
158
254
413
498
606
792
856
1097
1163
1351
1702
1775
2201
2316
2499
2979
3091
3393
3623
3618
3872
3853
3717
3726
3521
3412
3244
2890
2551
2243
1954
1687
1437
1079
766
623
347
154
-21
-228
-229
-373
-659
-860
-1009
-1155
-1278
-1576
-1862
-2010
-2220
-2380
-2502
-2626
-2627
-2603
-2602
-2555
-2428
-2225
-1951
-1708
-1588
-1399
-1162
-918
-704
-581
-459
-284
-181
-163
-49
65
202
359
302
371
484
562
749
727
708
732
642
554
475
329
281
149
-121
-312
-511
-658
-746
-948
-1145
-1271
-1409
-1480
-1566
-1649
-1639
-1607
-1630
-1670
-1688
-1625
-1497
-1461
-1505
-1434
-1386
-1281
-1180
-1174
-995
-873
-742
-631
-501
-353
-148
-18
83
236
328
530
673
817
892
1120
1210
1531
1765
1926
2383
2461
2811
3120
3324
3735
3900
3963
4145
4054
4022
3936
3708
3542
3289
2906
2487
2172
1840
1583
1299
902
595
470
168
51
-146
-338
-305
-516
-784
-941
-1148
-1245
-1383
-1785
-2014
-2234
-2405
-2533
-2746
-2866
-2819
-2812
-2786
-2752
-2609
-2331
-2021
-1793
-1665
-1374
-1107
-826
-591
-503
-300
-116
-69
53
35
155
325
333
385
346
412
555
587
577
571
598
636
549
455
391
367
246
22
-160
-326
-459
-637
-847
-1030
-1196
-1347
-1459
-1552
-1629
-1646
-1639
-1634
-1653
-1638
-1565
-1455
-1410
-1393
-1304
-1239
-1115
-1090
-1036
-874
-825
-696
-626
-559
-322
-264
-128
20
75
305
404
561
743
839
1120
1227
1549
1812
2000
2449
2486
2846
3171
3321
3747
3822
3861
4085
3936
3916
3827
3525
3508
3218
2855
2492
2167
1921
1660
1377
977
735
567
254
133
-113
-287
-288
-559
-795
-1009
-1212
-1289
-1461
-1845
-2094
-2291
-2436
-2566
-2750
-2848
-2789
-2771
-2787
-2721
-2616
-2330
-2049
-1874
-1720
-1502
-1242
-937
-737
-634
-443
-258
-144
-53
-53
78
268
313
325
329
411
544
617
584
572
599
585
535
437
312
291
184
5
-184
-407
-520
-634
-870
-1047
-1194
-1315
-1351
-1510
-1587
-1595
-1602
-1579
-1596
-1590
-1550
-1471
-1436
-1398
-1323
-1280
-1145
-1080
-1025
-897
-816
-666
-548
-455
-332
-206
-76
61
208
367
547
708
819
1065
1236
1485
1847
1974
2419
2600
2783
3252
3399
3764
4011
3985
4189
4183
4064
4101
3831
3670
3490
3123
2772
2422
2119
1854
1618
1215
845
670
412
189
46
-241
-291
-416
-759
-950
-1173
-1351
-1443
-1790
-2096
-2293
-2528
-2662
-2828
-2969
-2997
-2962
-2937
-2887
-2815
-2593
-2298
-2008
-1841
-1681
-1369
-1102
-837
-718
-623
-364
-255
-186
-158
-57
186
307
376
354
453
617
748
806
774
754
818
773
617
499
327
301
126
-217
-419
-597
-686
-829
-1104
-1254
-1339
-1387
-1487
-1598
-1648
-1613
-1573
-1626
-1711
-1704
-1596
-1538
-1533
-1608
-1520
-1390
-1319
-1258
-1265
-1098
-911
-836
-707
-623
-430
-179
-118
36
154
327
628
711
933
1079
1459
1807
2010
2427
2522
3001
3406
3577
3986
4144
4290
4555
4429
4393
4377
4125
4021
3737
3317
2990
2668
2325
2059
1734
1341
1096
880
555
441
163
-7
-73
-357
-589
-848
-1081
-1271
-1427
-1823
-2119
-2356
-2632
-2731
-2963
-3131
-3103
-3168
-3102
-3042
-2975
-2697
-2419
-2140
-1914
-1734
-1452
-1111
-882
-676
-570
-369
-154
-76
-7
42
219
340
355
357
375
499
566
545
557
507
544
548
412
354
250
140
99
-147
-386
-508
-684
-787
-1029
-1296
-1354
-1426
-1560
-1679
-1763
-1750
-1714
-1738
-1779
-1716
-1624
-1573
-1465
-1452
-1398
-1234
-1199
-1072
-1007
-988
-763
-675
-598
-486
-420
-201
-40
42
192
374
571
808
1020
1169
1604
1864
2206
2580
2669
3144
3472
3747
4065
4121
4237
4406
4298
4232
4143
3962
3834
3550
3170
2814
2564
2277
2020
1722
1307
1095
928
603
442
162
-12
-78
-416
-701
-901
-1115
-1283
-1527
-1915
-2164
-2366
-2592
-2730
-2894
-3020
-2988
-3002
-2997
-2913
-2794
-2528
-2252
-2077
-1881
-1641
-1361
-1085
-874
-696
-508
-309
-200
-93
10
90
237
323
343
426
443
526
606
548
565
533
521
470
357
263
162
81
-94
-283
-447
-644
-747
-931
-1126
-1260
-1431
-1503
-1594
-1681
-1747
-1779
-1764
-1753
-1740
-1730
-1666
-1561
-1475
-1413
-1392
-1264
-1120
-1059
-939
-923
-784
-612
-594
-477
-327
-236
-11
66
144
426
491
797
989
1176
1584
1787
2234
2495
2704
3132
3386
3786
3996
4000
4240
4322
4289
4244
4015
3965
3854
3516
3175
2819
2589
2335
2036
1711
1360
1175
922
695
484
197
105
-35
-316
-621
-868
-1046
-1169
-1497
-1894
-2108
-2317
-2474
-2714
-2934
-2954
-2967
-2978
-3000
-2974
-2762
-2548
-2291
-2104
-1938
-1613
-1373
-1057
-859
-733
-447
-278
-122
-40
-33
168
289
312
355
331
454
526
500
525
526
544
547
433
355
294
186
118
-74
-282
-415
-618
-767
-979
-1225
-1321
-1469
-1596
-1704
-1802
-1816
-1817
-1846
-1849
-1806
-1751
-1656
-1590
-1506
-1434
-1318
-1205
-1100
-972
-911
-754
-659
-590
-469
-405
-232
-92
6
182
305
461
719
860
1157
1517
1678
2120
2330
2575
3042
3206
3592
3880
3919
4096
4136
4082
4134
3976
3791
3667
3376
3045
2747
2442
2150
1920
1582
1238
1071
755
569
455
149
54
-142
-396
-526
-768
-986
-1110
-1357
-1662
-1888
-2144
-2294
-2396
-2626
-2702
-2712
-2751
-2697
-2639
-2522
-2276
-2056
-1900
-1636
-1445
-1169
-878
-753
-524
-369
-223
-34
7
68
188
242
320
353
322
396
465
460
481
453
420
463
390
251
211
80
-21
-117
-408
-552
-672
-880
-1014
-1236
-1432
-1482
-1617
-1739
-1777
-1856
-1833
-1817
-1828
-1780
-1707
-1635
-1546
-1422
-1387
-1247
-1134
-1057
-907
-866
-731
-586
-525
-432
-348
-204
-52
38
212
324
544
753
838
1244
1425
1707
2120
2159
2613
2911
3092
3550
3593
3730
3943
3856
3906
3842
3658
3618
3408
3093
2800
2537
2282
2028
1760
1393
1180
992
694
566
334
142
100
-145
-366
-525
-754
-844
-1018
-1343
-1563
-1768
-1926
-2088
-2262
-2410
-2436
-2455
-2521
-2466
-2410
-2258
-2027
-1889
-1710
-1484
-1272
-983
-789
-658
-430
-269
-111
6
21
148
255
278
323
325
348
400
400
381
409
397
387
381
268
174
137
14
-86
-221
-439
-560
-730
-933
-1082
-1243
-1389
-1485
-1625
-1748
-1785
-1841
-1836
-1810
-1813
-1771
-1687
-1627
-1531
-1416
-1342
-1205
-1118
-1055
-899
-848
-693
-582
-526
-345
-287
-150
-36
110
260
389
572
717
991
1277
1423
1818
1998
2216
2649
2776
3158
3410
3429
3687
3727
3657
3759
3569
3497
3375
3069
2833
2592
2343
2071
1885
1560
1253
1081
783
624
498
188
142
-42
-289
-414
-623
-773
-877
-1128
-1391
-1526
-1742
-1889
-2000
-2161
-2204
-2233
-2314
-2271
-2218
-2136
-1952
-1771
-1656
-1407
-1208
-1000
-692
-601
-369
-165
-66
89
132
177
301
304
324
347
322
355
368
343
316
319
296
293
254
146
95
49
-94
-162
-330
-491
-602
-825
-972
-1126
-1290
-1395
-1521
-1628
-1711
-1792
-1815
-1825
-1810
-1819
-1788
-1745
-1689
-1596
-1503
-1389
-1287
-1199
-1070
-942
-849
-710
-633
-471
-357
-284
-126
-30
140
277
400
624
748
1073
1291
1512
1852
1921
2339
2635
2838
3199
3300
3459
3679
3589
3636
3628
3482
3464
3226
2943
2696
2468
2210
1967
1667
1320
1113
912
621
497
270
113
69
-211
-360
-486
-651
-697
-877
-1151
-1287
-1473
-1603
-1749
-1940
-2024
-2043
-2094
-2155
-2140
-2065
-1892
-1726
-1615
-1453
-1211
-1036
-791
-627
-481
-234
-93
35
156
163
264
367
328
351
321
327
388
329
248
281
263
251
224
109
65
45
-105
-196
-298
-471
-526
-711
-908
-1025
-1209
-1307
-1391
-1587
-1667
-1732
-1783
-1781
-1835
-1841
-1787
-1734
-1748
-1701
-1614
-1527
-1361
-1343
-1237
-1085
-987
-818
-710
-596
-442
-259
-146
22
131
275
472
616
768
900
1235
1404
1689
1888
1958
2422
2629
2889
3207
3233
3443
3606
3526
3594
3517
3387
3384
3138
2822
2571
2342
2135
1905
1567
1211
1043
806
543
415
155
83
-23
-287
-433
-587
-704
-764
-934
-1201
-1347
-1479
-1606
-1701
-1863
-1947
-1909
-1972
-2013
-1966
-1899
-1718
-1558
-1495
-1330
-1115
-934
-706
-565
-438
-229
-114
-8
152
166
300
369
335
434
448
486
535
462
399
391
306
247
154
24
-46
-140
-339
-467
-573
-697
-783
-992
-1151
-1210
-1335
-1437
-1522
-1644
-1661
-1743
-1841
-1865
-1885
-1907
-1899
-1899
-1920
-1856
-1804
-1738
-1607
-1548
-1434
-1235
-1111
-942
-780
-630
-427
-235
-140
49
227
366
523
681
797
1010
1348
1439
1867
2015
2166
2673
2815
3206
3545
3547
3826
3950
3849
3983
3823
3715
3689
3374
3039
2756
2440
2219
1982
1585
1220
1034
757
528
360
50
41
-100
-360
-530
-709
-812
-830
-1072
-1357
-1494
-1687
-1758
-1885
-2081
-2105
-2073
-2141
-2133
-2123
-1986
-1706
-1557
-1463
-1265
-1075
-818
-591
-492
-321
-135
4
71
195
231
403
539
397
466
486
537
677
511
418
452
347
282
151
-45
-53
-164
-423
-571
-749
-839
-909
-1113
-1298
-1401
-1488
-1589
-1669
-1820
-1846
-1854
-1963
-2012
-2065
-2063
-1993
-2008
-2066
-1993
-1919
-1831
-1715
-1683
-1526
-1321
-1196
-1049
-870
-691
-473
-239
-116
78
307
451
640
781
917
1130
1454
1588
1884
2148
2243
2725
2931
3199
3644
3718
3911
4124
4020
4134
4091
3868
3848
3588
3249
2975
2623
2339
2105
1752
1323
1063
812
506
372
24
-126
-184
-462
-638
-813
-996
-1007
-1149
-1485
-1616
-1806
-1918
-1944
-2146
-2223
-2161
-2192
-2145
-2124
-2054
-1780
-1540
-1389
-1209
-1020
-751
-437
-324
-150
4
174
340
353
388
479
544
568
530
465
470
487
439
357
290
204
195
115
-49
-120
-230
-342
-423
-687
-830
-921
-1102
-1215
-1418
-1588
-1655
-1769
-1913
-1989
-2076
-2097
-2078
-2114
-2139
-2126
-2081
-2016
-1939
-1935
-1873
-1735
-1666
-1554
-1439
-1318
-1097
-934
-796
-607
-414
-229
-5
186
332
559
684
900
1118
1214
1619
1804
2110
2389
2448
2919
3188
3454
3790
3843
4052
4239
4140
4214
4100
3978
3905
3596
3308
2959
2712
2430
2090
1754
1307
1078
838
468
302
7
-151
-234
-541
-752
-877
-1039
-1108
-1277
-1591
-1721
-1850
-1982
-2071
-2223
-2291
-2250
-2269
-2286
-2238
-2078
-1865
-1646
-1483
-1332
-1064
-834
-594
-365
-195
-37
140
219
309
404
440
524
554
497
485
494
464
446
367
257
201
139
1
-53
-170
-312
-386
-552
-714
-838
-1041
-1168
-1262
-1457
-1594
-1746
-1856
-1923
-2016
-2121
-2158
-2149
-2157
-2161
-2187
-2159
-2057
-1975
-1930
-1884
-1781
-1622
-1504
-1362
-1270
-1081
-827
-713
-487
-345
-172
117
241
424
638
754
1051
1189
1414
1771
1970
2393
2504
2768
3174
3442
3860
3996
4090
4364
4365
4374
4334
4115
4118
3887
3557
3201
2839
2586
2286
1919
1513
1153
939
608
302
12
-232
-270
-489
-767
-1005
-1129
-1230
-1304
-1609
-1849
-1935
-2097
-2180
-2344
-2456
-2389
-2366
-2371
-2320
-2236
-1996
-1724
-1529
-1382
-1161
-895
-620
-418
-277
-104
125
271
270
409
496
629
746
615
696
743
760
839
707
631
598
453
353
185
-25
-76
-247
-461
-698
-895
-986
-1144
-1308
-1497
-1629
-1702
-1833
-1923
-2006
-2065
-2090
-2152
-2204
-2208
-2227
-2210
-2184
-2196
-2132
-2091
-1974
-1879
-1735
-1595
-1423
-1212
-1082
-817
-637
-453
-152
-67
195
406
487
746
860
1073
1341
1594
1775
2181
2383
2640
3059
3285
3720
4035
4118
4308
4490
4417
4509
4348
4159
4093
3752
3359
3055
2659
2343
2072
1616
1218
963
612
366
162
-217
-298
-445
-696
-924
-1149
-1307
-1328
-1565
-1917
-2050
-2220
-2298
-2403
-2601
-2593
-2496
-2493
-2399
-2334
-2144
-1804
-1543
-1351
-1132
-899
-579
-276
-118
23
238
424
533
575
562
706
771
738
703
650
661
690
596
526
468
357
332
188
26
-61
-232
-336
-481
-757
-893
-1049
-1223
-1362
-1559
-1731
-1792
-1918
-2037
-2065
-2169
-2156
-2113
-2171
-2167
-2137
-2109
-1978
-1935
-1934
-1808
-1693
-1579
-1451
-1343
-1209
-985
-801
-674
-474
-313
-129
187
290
424
665
767
1089
1200
1450
1770
2048
2357
2428
2799
3139
3478
3791
3843
4004
4218
4155
4221
4110
3932
3942
3636
3327
2997
2620
2442
2156
1758
1336
987
810
491
231
-82
-247
-344
-626
-919
-1118
-1221
-1322
-1486
-1811
-1973
-2095
-2202
-2268
-2423
-2467
-2395
-2365
-2308
-2277
-2115
-1817
-1566
-1373
-1213
-991
-673
-479
-308
-141
6
227
290
431
471
623
701
700
816
779
874
918
835
822
762
632
618
418
239
177
-57
-236
-388
-647
-780
-953
-1180
-1277
-1388
-1572
-1655
-1754
-1894
-1893
-2035
-2103
-2093
-2152
-2201
-2210
-2270
-2254
-2121
-2137
-2069
-1972
-1883
-1645
-1518
-1428
-1216
-989
-774
-615
-493
-298
-4
148
307
409
637
848
1070
1409
1538
1983
2164
2415
2881
3115
3600
3924
4009
4269
4343
4371
4476
4243
4152
4037
3719
3371
2974
2676
2444
2126
1663
1235
1023
734
492
219
-102
-148
-328
-607
-844
-1076
-1191
-1232
-1572
-1870
-2070
-2211
-2247
-2446
-2594
-2596
-2492
-2461
-2452
-2357
-2107
-1740
-1471
-1304
-1047
-754
-430
-170
-15
125
337
490
578
580
557
688
738
745
661
623
699
707
616
540
495
498
436
269
133
27
-57
-200
-379
-613
-807
-967
-1148
-1337
-1506
-1651
-1722
-1824
-1955
-2008
-2044
-2030
-2007
-2043
-2065
-2056
-2026
-1953
-1891
-1876
-1798
-1715
-1632
-1504
-1410
-1263
-1082
-885
-753
-580
-397
-209
53
186
354
517
653
875
1126
1406
1639
1929
2081
2344
2695
2958
3369
3606
3720
3906
3982
3992
4084
3947
3919
3814
3467
3184
2879
2625
2422
2120
1714
1377
1112
818
577
313
36
-48
-284
-560
-789
-969
-1074
-1164
-1413
-1699
-1848
-2020
-2097
-2207
-2342
-2353
-2304
-2353
-2313
-2218
-2041
-1737
-1548
-1363
-1120
-880
-633
-373
-224
-26
198
299
433
451
461
580
608
623
613
577
574
573
508
439
428
371
316
183
7
-62
-159
-302
-443
-655
-824
-978
-1180
-1319
-1439
-1575
-1687
-1800
-1906
-1968
-1987
-2000
-1982
-1974
-2024
-2012
-1999
-1976
-1883
-1841
-1786
-1700
-1650
-1490
-1367
-1228
-1063
-926
-699
-559
-390
-201
-14
215
366
448
646
825
1158
1443
1654
1926
2060
2471
2811
3146
3484
3658
3891
4057
4047
4113
4121
4085
4059
3794
3476
3201
2940
2725
2501
2106
1735
1430
1158
866
624
343
207
67
-248
-493
-704
-828
-902
-1106
-1426
-1591
-1795
-1926
-2027
-2202
-2248
-2243
-2285
-2287
-2253
-2133
-1876
-1644
-1479
-1319
-1048
-804
-543
-349
-237
24
199
242
346
317
389
506
411
435
419
389
420
331
247
245
201
145
66
-84
-190
-250
-381
-532
-670
-839
-958
-1136
-1381
-1506
-1597
-1689
-1794
-1948
-2000
-1996
-2013
-2074
-2067
-2037
-2010
-1994
-2025
-1935
-1855
-1758
-1674
-1651
-1520
-1401
-1239
-1029
-985
-777
-592
-399
-186
-126
105
356
518
641
745
1056
1484
1673
1950
2026
2347
2773
2991
3406
3557
3739
3983
4000
3997
3987
3918
4007
3881
3555
3197
2971
2816
2608
2292
1881
1622
1400
1082
815
571
346
307
1
-317
-556
-725
-759
-895
-1215
-1469
-1588
-1745
-1855
-2012
-2093
-2073
-2087
-2158
-2165
-2085
-1891
-1664
-1460
-1363
-1171
-920
-707
-457
-389
-215
19
140
240
298
367
485
496
518
583
602
575
501
412
326
231
124
24
-88
-263
-426
-543
-705
-796
-958
-1071
-1176
-1366
-1487
-1585
-1654
-1728
-1826
-1922
-1969
-2042
-2094
-2094
-2110
-2123
-2158
-2176
-2135
-2078
-2016
-1924
-1822
-1712
-1582
-1465
-1263
-1103
-932
-750
-595
-370
-182
-4
208
358
548
703
925
1249
1497
1840
1957
2237
2626
2952
3403
3620
3775
4053
4135
4187
4197
4060
4119
3996
3695
3319
2995
2803
2644
2372
1938
1606
1436
1193
969
701
468
498
303
-65
-333
-522
-560
-633
-1022
-1324
-1470
-1594
-1704
-1871
-2034
-2018
-1932
-1992
-2022
-1982
-1775
-1426
-1227
-1191
-1020
-709
-404
-212
-156
-74
220
343
321
324
302
446
478
341
219
196
210
227
97
-95
-144
-115
-192
-344
-517
-623
-621
-786
-1039
-1194
-1316
-1397
-1535
-1790
-1910
-1974
-2004
-2052
-2170
-2236
-2187
-2105
-2083
-2090
-2081
-1975
-1876
-1877
-1887
-1822
-1675
-1546
-1524
-1457
-1347
-1157
-957
-859
-681
-479
-251
-7
152
313
511
706
870
975
1230
1486
1783
2025
2033
2330
2635
2946
3320
3391
3569
3824
3838
3916
3867
3790
3867
3762
3482
3123
2890
2740
2600
2292
1800
1546
1359
1065
852
515
351
345
63
-215
-413
-551
-542
-649
-952
-1178
-1298
-1418
-1541
-1683
-1851
-1801
-1787
-1917
-1925
-1892
-1691
-1434
-1310
-1219
-1008
-761
-538
-300
-220
-38
204
257
322
311
333
456
438
327
270
231
219
183
57
-20
-33
-102
-199
-307
-458
-529
-609
-767
-884
-1059
-1182
-1259
-1418
-1555
-1660
-1728
-1773
-1848
-1950
-1995
-1986
-1986
-1974
-1977
-1975
-1917
-1872
-1861
-1796
-1771
-1706
-1581
-1560
-1443
-1332
-1219
-1001
-892
-739
-549
-380
-140
34
177
348
518
698
806
1042
1282
1557
1841
1847
2119
2439
2743
3157
3247
3392
3636
3684
3761
3728
3640
3700
3631
3358
3026
2765
2575
2462
2188
1714
1409
1206
969
782
447
225
234
51
-194
-418
-567
-519
-544
-830
-1091
-1216
-1317
-1386
-1539
-1719
-1683
-1674
-1741
-1759
-1770
-1606
-1344
-1154
-1068
-895
-657
-409
-128
-5
124
350
440
485
507
446
505
505
375
287
167
80
52
-59
-158
-245
-340
-400
-493
-587
-654
-730
-811
-939
-1085
-1208
-1331
-1423
-1552
-1670
-1753
-1842
-1886
-1948
-1994
-1968
-1958
-1896
-1863
-1855
-1776
-1737
-1639
-1564
-1542
-1445
-1367
-1281
-1153
-1103
-982
-803
-706
-548
-387
-233
-8
177
308
481
583
706
833
1025
1227
1447
1703
1726
1951
2198
2460
2901
3030
3117
3355
3366
3451
3489
3341
3452
3394
3128
2850
2550
2374
2271
2018
1616
1303
1104
846
688
445
188
216
61
-150
-316
-525
-509
-431
-658
-907
-1076
-1188
-1196
-1341
-1549
-1571
-1527
-1601
-1649
-1667
-1562
-1308
-1121
-1008
-843
-659
-457
-188
6
97
265
373
414
469
379
372
446
337
227
114
3
8
-69
-161
-223
-311
-407
-484
-539
-623
-714
-785
-891
-990
-1144
-1314
-1355
-1421
-1516
-1627
-1736
-1756
-1766
-1795
-1823
-1825
-1771
-1714
-1686
-1695
-1683
-1584
-1471
-1435
-1413
-1357
-1233
-1060
-1004
-931
-799
-651
-492
-370
-262
-77
147
284
388
473
593
763
945
1118
1282
1560
1697
1808
2066
2285
2703
2957
2988
3152
3267
3343
3408
3278
3246
3279
3097
2826
2503
2279
2145
1981
1642
1246
1021
815
637
435
130
61
50
-145
-341
-541
-588
-497
-632
-919
-1104
-1191
-1214
-1291
-1462
-1540
-1480
-1482
-1532
-1551
-1483
-1258
-1022
-889
-796
-633
-418
-200
-17
87
244
443
477
488
465
455
562
545
441
367
264
186
129
25
-81
-200
-299
-435
-531
-654
-792
-818
-904
-1038
-1179
-1356
-1427
-1416
-1501
-1602
-1692
-1743
-1759
-1787
-1871
-1878
-1806
-1779
-1769
-1805
-1819
-1710
-1574
-1517
-1475
-1427
-1308
-1117
-1015
-967
-802
-616
-420
-319
-267
-86
133
309
364
430
552
685
799
973
1142
1421
1649
1667
1903
2117
2436
2856
2961
3067
3220
3283
3405
3390
3260
3280
3237
2989
2645
2315
2107
1997
1759
1348
1039
872
632
485
247
39
96
-30
-222
-368
-522
-508
-475
-709
-932
-1070
-1187
-1221
-1328
-1493
-1524
-1508
-1558
-1582
-1526
-1387
-1133
-918
-837
-661
-462
-248
1
139
239
438
501
503
506
411
422
409
293
174
45
-85
-145
-222
-290
-369
-417
-484
-558
-595
-705
-762
-824
-935
-1020
-1170
-1312
-1341
-1409
-1505
-1627
-1745
-1767
-1759
-1803
-1843
-1815
-1732
-1693
-1701
-1695
-1634
-1484
-1405
-1383
-1353
-1276
-1141
-1006
-947
-908
-739
-562
-413
-330
-290
-98
154
267
331
435
571
796
868
925
1181
1408
1706
1796
1849
2132
2449
2843
3042
3092
3264
3430
3555
3532
3378
3410
3445
3290
2925
2507
2325
2209
1979
1607
1187
1011
828
586
336
81
94
92
-100
-334
-527
-532
-445
-600
-892
-1111
-1189
-1208
-1374
-1590
-1687
-1629
-1611
-1721
-1762
-1661
-1399
-1118
-1036
-936
-726
-478
-194
-51
24
215
340
372
343
234
271
316
235
85
-92
-190
-210
-244
-354
-428
-455
-505
-563
-643
-730
-713
-741
-884
-1010
-1178
-1279
-1285
-1408
-1550
-1654
-1761
-1774
-1826
-1925
-1880
-1831
-1818
-1787
-1808
-1768
-1638
-1529
-1452
-1397
-1353
-1235
-1061
-968
-917
-802
-609
-454
-304
-278
-162
107
214
342
409
478
691
822
868
942
1089
1364
1643
1828
1859
2087
2462
2774
3103
3192
3302
3611
3690
3660
3639
3501
3591
3520
3155
2783
2464
2276
2116
1812
1372
1096
931
692
484
257
86
181
76
-179
-336
-479
-459
-473
-756
-1029
-1166
-1293
-1408
-1594
-1788
-1806
-1757
-1845
-1889
-1872
-1747
-1466
-1253
-1176
-1039
-870
-663
-412
-326
-225
-62
30
38
12
-20
52
141
89
14
-36
-93
-81
-93
-166
-192
-273
-363
-405
-479
-551
-605
-710
-814
-959
-1108
-1195
-1267
-1371
-1512
-1638
-1715
-1790
-1878
-1905
-1905
-1906
-1934
-1957
-1920
-1850
-1802
-1719
-1631
-1557
-1472
-1365
-1220
-1075
-934
-790
-624
-468
-365
-248
-72
69
212
269
373
546
646
771
873
1050
1376
1617
1898
2107
2248
2635
2965
3336
3624
3720
3938
4105
4086
4035
3909
3862
3797
3507
3120
2735
2490
2248
1992
1666
1278
1044
838
590
434
205
118
112
-102
-308
-490
-615
-616
-765
-1075
-1286
-1488
-1612
-1739
-1896
-1978
-1970
-1967
-2005
-1961
-1844
-1614
-1336
-1184
-1085
-873
-701
-464
-276
-241
-105
-31
-52
-9
-86
-111
-56
-137
-185
-282
-374
-353
-327
-363
-421
-469
-492
-493
-476
-556
-609
-669
-815
-868
-1004
-1164
-1268
-1402
-1532
-1648
-1786
-1843
-1833
-1869
-1895
-1874
-1857
-1799
-1727
-1689
-1595
-1506
-1460
-1392
-1299
-1219
-1119
-1012
-897
-817
-712
-610
-447
-242
-169
-55
79
189
342
493
605
775
888
973
1133
1331
1614
1888
2188
2315
2467
2783
3062
3489
3710
3752
3946
3998
3980
3974
3793
3730
3708
3417
3037
2661
2369
2245
2058
1667
1288
1075
855
698
528
249
263
232
-21
-270
-514
-625
-567
-754
-1171
-1393
-1597
-1709
-1798
-2076
-2182
-2081
-2108
-2157
-2202
-2168
-1855
-1591
-1529
-1469
-1343
-1124
-900
-801
-796
-688
-503
-476
-445
-476
-458
-266
-248
-297
-266
-228
-109
-57
-145
-171
-162
-138
-166
-256
-349
-422
-479
-582
-742
-877
-1003
-1094
-1181
-1347
-1449
-1510
-1560
-1594
-1658
-1730
-1735
-1726
-1692
-1682
-1689
-1659
-1586
-1469
-1430
-1386
-1283
-1160
-1023
-954
-938
-756
-595
-463
-334
-309
-176
6
132
254
397
510
737
914
1002
1191
1518
1845
2218
2453
2521
2918
3272
3583
3923
3981
4114
4323
4214
4132
4040
3868
3822
3598
3123
2759
2496
2218
2071
1746
1343
1139
915
653
546
336
219
220
-67
-360
-565
-779
-838
-961
-1351
-1629
-1843
-2048
-2139
-2271
-2391
-2311
-2305
-2366
-2300
-2202
-1988
-1681
-1499
-1411
-1255
-1108
-905
-672
-626
-582
-422
-439
-437
-433
-463
-299
-246
-326
-317
-316
-275
-146
-133
-101
-74
-109
-109
-119
-169
-214
-260
-375
-553
-727
-889
-985
-1056
-1229
-1360
-1489
-1578
-1586
-1601
-1583
-1540
-1515
-1466
-1422
-1394
-1318
-1242
-1157
-1118
-1128
-1078
-1017
-959
-890
-875
-803
-706
-623
-499
-422
-299
-163
-12
163
293
496
683
870
1045
1152
1328
1634
1896
2182
2409
2448
2720
2978
3249
3564
3644
3736
3880
3883
3859
3777
3652
3638
3517
3198
2816
2539
2335
2171
1913
1507
1196
1008
724
537
316
95
76
-111
-420
-683
-891
-943
-976
-1309
-1649
-1821
-1943
-2040
-2194
-2395
-2392
-2319
-2413
-2458
-2439
-2269
-1982
-1825
-1814
-1709
-1502
-1258
-1017
-941
-882
-708
-572
-496
-467
-453
-306
-180
-192
-257
-265
-153
-19
31
-2
-19
33
76
77
33
-41
-59
-146
-301
-486
-638
-691
-750
-899
-1114
-1263
-1304
-1282
-1338
-1391
-1394
-1358
-1298
-1322
-1328
-1249
-1167
-1101
-1073
-1113
-1080
-1023
-983
-924
-943
-923
-824
-729
-626
-569
-458
-251
-82
74
227
432
720
915
1085
1259
1499
1867
2101
2379
2543
2639
2968
3197
3488
3682
3672
3834
3916
3837
3795
3625
3602
3571
3267
2950
2619
2415
2238
1991
1658
1291
1084
844
583
388
104
8
-101
-413
-676
-941
-1093
-1150
-1379
-1712
-1914
-2067
-2173
-2275
-2441
-2486
-2423
-2447
-2470
-2447
-2351
-2105
-1908
-1827
-1729
-1583
-1373
-1128
-1036
-928
-759
-603
-504
-488
-444
-296
-123
-96
-79
-57
9
152
180
140
174
135
151
144
3
-32
-69
-175
-284
-500
-667
-687
-762
-873
-1001
-1109
-1158
-1135
-1174
-1193
-1121
-1102
-1077
-1070
-1108
-1074
-1005
-1012
-991
-1034
-1084
-1068
-1056
-1053
-1030
-989
-913
-822
-760
-695
-552
-338
-186
-8
143
337
579
773
947
1116
1332
1646
1903
2161
2313
2449
2810
3047
3344
3557
3596
3789
3892
3836
3847
3712
3666
3657
3396
3058
2747
2538
2355
2131
1740
1387
1220
954
631
387
91
11
-108
-464
-720
-958
-1106
-1149
-1397
-1747
-1955
-2095
-2193
-2348
-2556
-2644
-2559
-2576
-2673
-2666
-2553
-2294
-2076
-2053
-1962
-1743
-1524
-1253
-1140
-1013
-813
-667
-505
-432
-352
-174
-38
68
83
93
224
346
434
423
390
408
412
359
284
224
171
41
-119
-302
-440
-523
-658
-754
-865
-996
-1065
-1089
-1116
-1110
-1123
-1134
-1095
-1103
-1152
-1145
-1121
-1113
-1110
-1178
-1217
-1189
-1196
-1174
-1133
-1127
-1019
-930
-850
-719
-609
-425
-222
-64
121
337
549
770
920
1093
1305
1619
1873
2112
2316
2425
2743
2999
3257
3548
3635
3762
3925
3875
3885
3842
3751
3758
3565
3239
2934
2648
2418
2228
1928
1524
1229
972
673
481
144
-46
-114
-411
-702
-976
-1202
-1247
-1418
-1789
-2049
-2236
-2344
-2450
-2616
-2777
-2737
-2682
-2755
-2767
-2733
-2535
-2234
-2137
-2105
-1949
-1765
-1485
-1298
-1232
-1071
-859
-706
-575
-417
-227
44
255
241
315
462
638
861
786
696
697
626
567
415
232
190
61
-170
-384
-534
-578
-609
-698
-843
-925
-950
-971
-953
-985
-1005
-979
-1044
-1103
-1173
-1224
-1198
-1249
-1354
-1416
-1447
-1450
-1438
-1420
-1366
-1253
-1173
-1074
-897
-752
-581
-394
-235
-41
125
286
485
643
792
918
1127
1443
1702
2022
2235
2389
2777
3067
3446
3808
3876
4082
4229
4209
4208
4085
4005
3986
3734
3333
2940
2675
2458
2235
1884
1438
1225
977
665
466
129
-5
-63
-431
-750
-1028
-1218
-1268
-1516
-1956
-2249
-2435
-2610
-2766
-2973
-3096
-3021
-3000
-3092
-3041
-2916
-2630
-2273
-2157
-2050
-1817
-1550
-1257
-1051
-936
-762
-514
-405
-331
-203
-70
158
297
307
382
482
602
764
779
736
744
706
662
591
439
335
234
43
-164
-349
-512
-596
-683
-820
-932
-1035
-1092
-1080
-1067
-1110
-1115
-1125
-1136
-1139
-1218
-1252
-1236
-1244
-1285
-1351
-1395
-1382
-1331
-1307
-1298
-1199
-1092
-940
-781
-700
-507
-308
-115
118
236
431
666
813
1007
1102
1236
1574
1800
2056
2257
2325
2672
2916
3182
3498
3614
3793
3926
3948
3981
3945
3869
3826
3671
3381
3016
2730
2493
2262
1949
1504
1192
956
634
400
117
-99
-180
-466
-785
-1014
-1233
-1344
-1490
-1834
-2114
-2338
-2508
-2607
-2769
-2929
-2943
-2926
-2994
-3050
-2980
-2762
-2478
-2335
-2327
-2098
-1809
-1549
-1254
-1124
-893
-609
-505
-334
-187
-31
228
345
354
379
414
515
597
584
529
511
504
422
402
356
282
250
76
-64
-127
-261
-309
-362
-492
-589
-715
-818
-822
-862
-931
-970
-1037
-1086
-1126
-1178
-1208
-1216
-1237
-1254
-1290
-1335
-1315
-1251
-1176
-1159
-1142
-1058
-896
-750
-651
-555
-371
-169
-25
130
296
547
751
892
1031
1215
1568
1865
2143
2382
2462
2797
3100
3361
3703
3768
3927
4103
4026
4009
3954
3871
3884
3658
3289
2950
2668
2412
2156
1858
1451
1151
859
520
323
5
-258
-369
-662
-957
-1252
-1538
-1629
-1764
-2110
-2389
-2605
-2776
-2861
-3011
-3124
-3079
-3056
-3083
-3034
-2948
-2733
-2420
-2215
-2078
-1853
-1610
-1319
-1007
-867
-677
-403
-252
-99
-26
13
253
385
403
406
361
479
597
553
517
489
508
530
414
308
248
210
112
-41
-208
-309
-318
-398
-541
-694
-813
-850
-869
-981
-1046
-1059
-1086
-1096
-1187
-1257
-1195
-1165
-1160
-1189
-1264
-1224
-1159
-1135
-1091
-1058
-971
-848
-772
-676
-571
-421
-232
-68
85
215
407
641
817
1016
1147
1394
1746
1956
2255
2378
2558
2908
3098
3431
3619
3667
3881
3930
3889
3880
3726
3691
3648
3354
3002
2660
2400
2185
1917
1509
1128
908
591
312
45
-279
-366
-538
-872
-1140
-1416
-1569
-1614
-1873
-2197
-2402
-2566
-2663
-2781
-2963
-2995
-2903
-2916
-2926
-2890
-2751
-2449
-2189
-2048
-1852
-1637
-1373
-1053
-875
-705
-484
-253
-84
-6
42
187
383
434
408
396
451
553
566
492
477
471
453
410
295
252
221
134
55
-115
-232
-280
-368
-448
-570
-707
-760
-781
-842
-896
-937
-956
-956
-1002
-1075
-1053
-1009
-1004
-1016
-1072
-1087
-1046
-1040
-1024
-952
-920
-884
-789
-742
-600
-486
-386
-177
-60
88
243
411
625
813
949
1133
1422
1670
1933
2145
2271
2559
2835
3062
3345
3436
3529
3695
3666
3641
3578
3448
3463
3295
2944
2625
2360
2137
1923
1592
1199
975
678
366
140
-180
-353
-466
-762
-1029
-1298
-1501
-1563
-1730
-2022
-2251
-2362
-2477
-2607
-2743
-2828
-2732
-2694
-2752
-2685
-2585
-2335
-2047
-1920
-1741
-1527
-1274
-981
-785
-632
-413
-156
-15
32
55
169
370
436
365
329
371
465
470
382
369
390
396
343
230
172
156
106
20
-137
-275
-327
-347
-453
-576
-692
-723
-726
-829
-904
-895
-839
-862
-920
-955
-934
-883
-894
-922
-914
-936
-925
-897
-909
-874
-835
-787
-720
-712
-651
-526
-414
-278
-192
-25
145
275
451
619
808
1078
1302
1548
1849
1956
2201
2484
2711
3042
3180
3255
3430
3468
3481
3504
3395
3356
3298
3064
2773
2511
2275
2106
1903
1516
1173
963
679
460
174
-146
-231
-419
-739
-1007
-1258
-1414
-1484
-1742
-2058
-2224
-2365
-2465
-2554
-2729
-2774
-2668
-2658
-2646
-2586
-2463
-2173
-1885
-1802
-1647
-1365
-1128
-813
-674
-590
-261
-90
-2
73
52
237
417
415
418
398
417
500
490
442
436
430
402
350
231
129
139
72
-58
-216
-394
-411
-464
-600
-695
-772
-805
-839
-913
-932
-881
-857
-861
-868
-903
-887
-836
-813
-784
-790
-821
-782
-764
-801
-756
-719
-653
-598
-630
-562
-449
-311
-187
-92
49
192
347
518
650
835
1108
1321
1623
1741
1811
2149
2385
2684
2870
2896
3101
3233
3223
3240
3192
3179
3185
3007
2727
2474
2278
2106
1939
1624
1218
1011
797
534
306
-15
-145
-232
-536
-837
-1062
-1216
-1265
-1440
-1757
-1955
-2095
-2206
-2293
-2433
-2536
-2485
-2440
-2464
-2439
-2360
-2156
-1865
-1692
-1587
-1372
-1158
-906
-645
-542
-323
-120
-40
67
102
174
323
376
376
366
332
340
394
410
374
362
307
264
248
139
91
65
-42
-125
-270
-410
-456
-539
-626
-683
-777
-831
-850
-881
-874
-861
-852
-819
-787
-795
-788
-748
-704
-667
-691
-710
-695
-668
-668
-687
-660
-613
-566
-566
-555
-476
-364
-236
-142
-28
99
260
413
572
835
1061
1362
1536
1608
1882
2133
2470
2727
2751
2914
3068
3115
3182
3078
3063
3135
2994
2755
2462
2270
2195
2052
1756
1368
1170
987
757
533
216
131
44
-251
-533
-798
-945
-969
-1182
-1515
-1743
-1923
-2004
-2125
-2333
-2433
-2400
-2374
-2426
-2470
-2384
-2144
-1886
-1786
-1700
-1464
-1213
-984
-792
-684
-454
-233
-172
-85
-61
41
232
271
244
213
232
327
370
318
285
325
342
246
150
71
84
77
-100
-231
-336
-424
-483
-619
-744
-799
-853
-887
-925
-995
-993
-915
-870
-853
-875
-860
-755
-689
-713
-738
-672
-617
-597
-615
-634
-554
-509
-501
-451
-439
-390
-279
-223
-114
-23
57
261
389
458
570
811
1051
1305
1461
1492
1799
2059
2278
2564
2642
2793
3012
2981
3017
3031
2955
3045
2946
2676
2459
2233
2086
1992
1737
1395
1208
1028
790
608
310
187
182
-69
-340
-558
-743
-770
-900
-1244
-1459
-1652
-1815
-1900
-2077
-2237
-2244
-2237
-2273
-2278
-2282
-2128
-1852
-1723
-1650
-1499
-1298
-1058
-838
-725
-552
-314
-254
-180
-129
-118
58
129
109
119
60
106
213
194
154
139
145
142
90
-12
-63
-46
-152
-304
-422
-551
-585
-646
-789
-871
-936
-966
-960
-992
-1013
-977
-920
-886
-891
-879
-799
-687
-650
-686
-690
-628
-556
-521
-544
-557
-475
-447
-421
-374
-373
-257
-142
-106
-4
37
161
378
449
547
735
957
1280
1424
1449
1726
2028
2339
2546
2596
2767
2989
3056
3063
3024
2990
3055
2993
2756
2480
2321
2221
2132
1875
1488
1316
1197
969
720
418
309
310
49
-260
-494
-640
-691
-853
-1197
-1453
-1587
-1724
-1853
-2038
-2223
-2200
-2182
-2289
-2329
-2336
-2166
-1909
-1828
-1791
-1633
-1444
-1202
-994
-920
-751
-472
-326
-203
-135
-112
129
290
318
362
338
365
456
385
309
287
226
206
119
-55
-166
-201
-278
-364
-512
-679
-707
-732
-857
-962
-1051
-1048
-1000
-1103
-1201
-1177
-1128
-1086
-1123
-1189
-1116
-1016
-957
-932
-929
-825
-705
-609
-547
-517
-381
-294
-220
-180
-188
-52
63
118
163
160
283
481
524
704
890
1171
1505
1511
1715
2042
2368
2754
2821
2897
3123
3177
3228
3167
3019
3046
2952
2713
2419
2114
1991
1893
1699
1365
1091
1003
818
676
453
278
313
119
-147
-344
-548
-593
-719
-1062
-1323
-1556
-1695
-1768
-1943
-2087
-2123
-2100
-2092
-2121
-2071
-1885
-1639
-1480
-1425
-1267
-1066
-838
-671
-579
-410
-277
-222
-177
-167
-99
-13
-5
25
28
37
98
113
136
154
128
141
103
7
-49
-102
-201
-322
-483
-613
-696
-852
-988
-1088
-1176
-1242
-1309
-1350
-1325
-1295
-1280
-1216
-1138
-1089
-1022
-960
-896
-786
-762
-751
-689
-641
-577
-515
-473
-421
-331
-243
-179
-79
-66
26
190
219
320
360
407
581
622
651
909
1059
1299
1471
1429
1737
1981
2223
2507
2571
2714
2905
2940
2982
2961
2923
2968
2892
2625
2302
2136
2017
1884
1661
1281
1103
985
709
565
333
232
262
33
-213
-406
-547
-559
-664
-969
-1205
-1365
-1487
-1622
-1795
-1961
-1973
-1936
-2063
-2106
-2071
-1932
-1649
-1594
-1602
-1415
-1248
-1018
-809
-750
-535
-368
-365
-251
-189
-74
87
101
92
101
110
168
238
221
191
180
123
52
35
-35
-47
-117
-312
-372
-485
-588
-629
-760
-824
-926
-1069
-1118
-1130
-1129
-1137
-1139
-1169
-1156
-1117
-1088
-1007
-940
-899
-845
-807
-766
-671
-571
-516
-444
-404
-350
-238
-214
-139
-65
12
118
152
208
302
406
509
588
764
970
1196
1448
1503
1736
2023
2273
2593
2643
2717
2913
2917
2929
2836
2707
2772
2623
2362
2064
1840
1733
1556
1332
1048
860
751
553
410
248
123
142
-12
-213
-389
-554
-599
-701
-984
-1239
-1393
-1508
-1617
-1795
-1914
-1901
-1861
-1909
-1932
-1835
-1645
-1428
-1302
-1234
-1064
-894
-750
-529
-389
-268
-133
-131
-64
36
52
168
214
201
214
198
221
283
301
281
253
195
121
94
46
-44
-117
-284
-400
-490
-655
-740
-829
-940
-1005
-1138
-1223
-1218
-1225
-1220
-1228
-1251
-1217
-1179
-1166
-1104
-1031
-959
-929
-901
-846
-767
-669
-600
-532
-472
-412
-300
-224
-165
-67
4
132
200
247
376
450
561
644
707
989
1167
1373
1568
1594
1868
2108
2343
2586
2614
2727
2856
2822
2815
2720
2689
2694
2475
2211
1903
1727
1621
1407
1183
885
680
566
343
211
60
-47
-59
-249
-453
-606
-739
-736
-861
-1145
-1329
-1481
-1541
-1642
-1809
-1868
-1840
-1820
-1873
-1874
-1746
-1560
-1334
-1209
-1111
-904
-769
-522
-322
-280
-136
-38
52
143
62
94
230
223
206
140
143
233
255
193
172
200
189
171
127
29
13
-63
-210
-288
-472
-597
-636
-761
-896
-1004
-1136
-1128
-1130
-1222
-1225
-1198
-1163
-1118
-1106
-1061
-956
-892
-871
-819
-751
-710
-636
-602
-553
-472
-444
-382
-277
-256
-165
-82
9
128
166
265
374
484
580
641
774
1005
1161
1405
1460
1555
1845
2011
2305
2444
2452
2623
2684
2645
2642
2498
2491
2456
2221
1932
1666
1507
1406
1255
957
670
562
416
281
165
-71
-14
-48
-289
-450
-665
-709
-640
-899
-1174
-1342
-1483
-1500
-1662
-1821
-1822
-1757
-1745
-1792
-1770
-1618
-1365
-1117
-1070
-943
-763
-572
-272
-228
-146
31
134
239
208
150
291
345
320
261
174
250
287
257
201
153
179
204
147
42
-39
-36
-97
-214
-384
-519
-550
-643
-816
-952
-1034
-1075
-1112
-1225
-1234
-1219
-1220
-1159
-1139
-1110
-1053
-1027
-937
-895
-884
-805
-733
-628
-626
-606
-529
-481
-391
-361
-311
-184
-130
-35
66
147
275
358
473
589
724
956
1141
1418
1556
1609
1886
2070
2368
2578
2540
2700
2792
2741
2750
2582
2519
2551
2291
1993
1733
1497
1421
1284
993
725
538
414
298
131
-98
-104
-88
-305
-528
-726
-818
-728
-932
-1279
-1394
-1549
-1579
-1664
-1905
-1908
-1838
-1827
-1794
-1836
-1732
-1457
-1206
-1096
-1042
-868
-660
-418
-281
-268
-55
167
213
317
210
280
541
508
543
484
428
577
515
365
319
261
301
252
52
-77
-96
-118
-238
-410
-567
-648
-633
-795
-990
-1057
-1135
-1100
-1239
-1442
-1437
-1388
-1342
-1354
-1449
-1435
-1307
-1220
-1187
-1139
-1050
-864
-725
-713
-675
-547
-365
-259
-227
-231
-105
68
103
133
221
302
495
574
616
931
1122
1441
1684
1704
2043
2336
2640
2953
2943
3052
3210
3180
3113
2917
2785
2771
2576
2212
1838
1630
1501
1324
1081
739
601
486
286
184
-34
-118
-110
-323
-546
-757
-924
-944
-1081
-1401
-1628
-1757
-1868
-1922
-2052
-2142
-2057
-2002
-1985
-1906
-1798
-1525
-1221
-1071
-918
-716
-488
-271
-117
-11
135
266
291
301
321
324
371
395
363
346
308
304
352
324
252
225
230
199
102
-9
-122
-177
-276
-460
-572
-698
-821
-899
-1047
-1161
-1195
-1259
-1286
-1314
-1392
-1372
-1319
-1296
-1231
-1219
-1182
-1083
-1018
-953
-923
-859
-763
-687
-658
-648
-566
-418
-332
-278
-193
-103
63
141
222
362
482
636
708
802
1028
1200
1485
1611
1663
1943
2131
2457
2708
2720
2875
2986
2972
3009
2831
2775
2823
2633
2377
2037
1802
1692
1530
1234
889
702
537
325
158
-94
-141
-150
-373
-580
-796
-912
-857
-1013
-1313
-1489
-1662
-1686
-1772
-1986
-2055
-2010
-1963
-1984
-2016
-1916
-1671
-1366
-1238
-1142
-904
-688
-369
-183
-124
102
235
303
371
269
357
489
432
401
299
263
342
324
266
226
196
210
165
103
10
-52
-73
-205
-356
-520
-671
-726
-867
-1065
-1184
-1301
-1349
-1391
-1481
-1498
-1467
-1451
-1428
-1397
-1374
-1290
-1203
-1120
-1049
-1031
-943
-817
-726
-665
-643
-547
-399
-331
-274
-195
-68
97
200
271
394
539
709
854
1030
1214
1445
1744
1803
2030
2253
2475
2889
2971
3036
3217
3186
3245
3193
2939
2956
2837
2572
2289
1931
1703
1601
1344
984
741
541
352
199
-68
-250
-239
-398
-553
-757
-989
-1013
-1047
-1314
-1549
-1753
-1878
-1836
-1996
-2169
-2133
-2102
-2047
-2020
-2051
-1835
-1505
-1305
-1127
-972
-778
-413
-183
-63
95
240
410
477
402
362
443
489
456
360
267
310
358
296
263
216
204
235
140
45
-9
-108
-135
-298
-553
-683
-828
-913
-1076
-1323
-1424
-1456
-1536
-1596
-1678
-1653
-1535
-1509
-1496
-1455
-1371
-1257
-1159
-1103
-1060
-934
-821
-740
-632
-644
-516
-380
-340
-229
-178
-62
112
194
284
413
541
706
815
1052
1230
1488
1778
1809
2087
2280
2499
2905
2946
3041
3239
3188
3284
3218
3024
3080
2937
2670
2432
2145
1930
1752
1482
1177
934
695
445
333
94
-91
-164
-372
-512
-710
-921
-967
-1016
-1276
-1490
-1672
-1837
-1880
-2050
-2182
-2159
-2215
-2215
-2187
-2150
-1923
-1731
-1498
-1305
-1144
-861
-625
-311
-115
-21
204
298
343
387
320
415
472
389
357
283
309
374
340
323
296
304
289
206
157
69
4
-65
-250
-404
-558
-736
-832
-995
-1195
-1297
-1404
-1470
-1512
-1608
-1623
-1557
-1535
-1514
-1485
-1443
-1350
-1248
-1203
-1116
-993
-920
-803
-719
-645
-530
-415
-341
-240
-155
-75
69
187
315
431
548
692
831
1014
1197
1408
1709
1793
1973
2215
2391
2743
2858
2910
3128
3129
3137
3163
2932
2943
2862
2598
2408
2080
1811
1680
1445
1114
828
600
407
257
-13
-266
-265
-419
-581
-743
-957
-999
-1007
-1207
-1422
-1597
-1772
-1791
-1899
-2130
-2170
-2139
-2154
-2067
-2122
-2015
-1670
-1501
-1323
-1119
-971
-638
-370
-237
-36
103
244
359
363
346
393
440
469
433
346
351
455
466
432
402
395
460
374
263
242
190
139
-1
-210
-313
-432
-593
-702
-862
-1028
-1112
-1245
-1322
-1370
-1455
-1398
-1351
-1382
-1381
-1350
-1272
-1154
-1108
-1084
-990
-917
-846
-762
-708
-646
-511
-431
-366
-259
-209
-55
96
152
281
388
522
666
781
963
1098
1351
1496
1631
1899
2037
2355
2620
2655
2827
2906
2944
3077
2891
2787
2769
2574
2415
2133
1811
1652
1467
1172
869
602
406
285
108
-172
-264
-341
-477
-597
-815
-945
-958
-1109
-1303
-1458
-1664
-1728
-1794
-1966
-2064
-2116
-2119
-2023
-2039
-1994
-1765
-1574
-1340
-1197
-1031
-704
-442
-228
-75
38
230
345
367
387
366
406
458
429
382
354
402
463
479
444
419
511
502
419
353
247
277
233
12
-115
-246
-361
-427
-643
-821
-897
-1014
-1108
-1208
-1327
-1331
-1273
-1293
-1311
-1319
-1312
-1212
-1137
-1158
-1106
-1017
-956
-856
-842
-803
-641
-521
-451
-381
-317
-195
-7
82
160
287
390
571
705
808
990
1203
1428
1568
1716
1883
2137
2399
2518
2616
2726
2797
2875
2852
2717
2669
2550
2375
2162
1854
1622
1468
1242
956
662
441
299
135
-92
-255
-326
-416
-524
-687
-830
-894
-936
-1072
-1251
-1421
-1556
-1607
-1726
-1876
-1933
-1959
-1941
-1907
-1898
-1755
-1560
-1356
-1144
-1005
-785
-533
-316
-121
-31
86
220
260
268
238
245
309
306
274
247
249
297
325
333
320
320
351
320
285
204
155
181
74
-71
-193
-312
-369
-460
-646
-756
-841
-937
-979
-1088
-1162
-1135
-1143
-1125
-1152
-1204
-1145
-1052
-996
-993
-968
-892
-792
-726
-713
-641
-526
-434
-352
-303
-239
-92
55
162
240
299
456
617
723
831
941
1181
1372
1474
1655
1844
2119
2356
2445
2566
2674
2743
2802
2731
2627
2556
2425
2258
2013
1742
1540
1383
1150
835
600
402
264
106
-146
-270
-343
-459
-569
-732
-870
-891
-969
-1142
-1307
-1479
-1549
-1587
-1756
-1894
-1910
-1902
-1869
-1864
-1839
-1637
-1432
-1298
-1106
-936
-733
-475
-322
-188
-74
1
123
195
155
147
196
233
251
155
120
212
238
215
221
215
283
306
228
233
198
150
124
15
-105
-216
-355
-420
-505
-681
-787
-851
-907
-974
-1100
-1152
-1103
-1110
-1147
-1168
-1153
-1073
-999
-990
-949
-871
-804
-696
-633
-572
-484
-363
-224
-138
-77
22
193
332
385
443
540
691
837
883
978
1151
1338
1505
1617
1757
1979
2204
2383
2481
2550
2677
2760
2776
2666
2562
2492
2364
2171
1876
1625
1444
1232
966
669
435
279
139
-35
-221
-342
-386
-437
-562
-705
-798
-805
-888
-1064
-1228
-1359
-1403
-1510
-1668
-1767
-1809
-1780
-1785
-1799
-1741
-1591
-1401
-1242
-1130
-993
-784
-581
-448
-390
-291
-176
-112
-124
-165
-137
-103
-87
-123
-175
-158
-118
-82
-73
-93
-63
-3
25
1
-34
-21
25
-23
-127
-215
-271
-293
-371
-505
-606
-657
-718
-768
-855
-941
-934
-921
-940
-992
-1042
-982
-895
-888
-890
-864
-766
-639
-609
-575
-474
-368
-242
-186
-113
-4
103
242
332
407
504
615
790
902
973
1093
1246
1475
1575
1691
1902
2108
2341
2450
2538
2725
2814
2865
2858
2752
2745
2626
2450
2275
2001
1782
1575
1323
1058
771
537
366
193
-38
-205
-294
-391
-472
-621
-731
-772
-843
-980
-1114
-1252
-1362
-1437
-1578
-1675
-1744
-1783
-1766
-1782
-1774
-1685
-1561
-1415
-1307
-1213
-1069
-908
-772
-683
-610
-507
-407
-358
-349
-346
-310
-278
-283
-319
-324
-316
-289
-249
-255
-233
-193
-153
-121
-124
-143
-111
-88
-138
-213
-293
-334
-352
-458
-576
-623
-691
-750
-821
-911
-914
-925
-959
-942
-960
-956
-894
-841
-769
-721
-698
-607
-489
-440
-394
-310
-201
-71
-14
46
185
296
397
487
558
657
773
869
950
1080
1186
1342
1547
1629
1791
2001
2159
2385
2482
2543
2730
2775
2795
2787
2660
2656
2563
2349
2172
1958
1759
1585
1324
1052
851
652
473
302
84
-60
-133
-268
-404
-534
-658
-707
-789
-977
-1094
-1191
-1283
-1352
-1522
-1634
-1638
-1675
-1704
-1743
-1759
-1653
-1567
-1524
-1448
-1377
-1228
-1079
-1005
-925
-831
-715
-628
-614
-610
-568
-511
-478
-496
-522
-501
-450
-418
-412
-408
-372
-311
-291
-309
-309
-272
-223
-226
-290
-311
-315
-339
-374
-469
-516
-540
-611
-664
-723
-762
-760
-769
-780
-781
-785
-749
-689
-653
-623
-573
-502
-416
-339
-290
-203
-95
-4
70
123
206
316
392
454
523
590
696
786
838
946
1066
1179
1372
1485
1601
1805
1932
2145
2309
2360
2517
2609
2650
2697
2603
2575
2548
2400
2255
2060
1886
1735
1545
1300
1086
924
737
566
374
189
97
-26
-185
-308
-435
-510
-568
-714
-844
-941
-1060
-1139
-1275
-1403
-1461
-1524
-1574
-1626
-1677
-1649
-1586
-1539
-1493
-1479
-1401
-1273
-1194
-1136
-1092
-1003
-894
-870
-882
-864
-803
-757
-772
-799
-786
-748
-723
-706
-677
-634
-591
-538
-514
-486
-452
-418
-365
-365
-384
-382
-386
-391
-420
-487
-524
-540
-583
-624
-665
-673
-645
-638
-659
-639
-591
-524
-465
-443
-363
-268
-200
-139
-78
21
105
154
220
281
358
422
468
562
614
667
756
828
933
1002
1077
1255
1380
1479
1615
1742
1935
2064
2125
2241
2344
2388
2416
2390
2367
2347
2243
2140
2013
1836
1677
1529
1352
1159
961
777
645
486
289
165
52
-55
-179
-336
-421
-482
-580
-686
-800
-880
-952
-1070
-1159
-1238
-1294
-1349
-1407
-1427
-1453
-1446
-1396
-1353
-1297
-1271
-1221
-1110
-1048
-1002
-950
-889
-817
-790
-798
-770
-744
-740
-742
-763
-757
-746
-729
-706
-684
-654
-621
-574
-539
-513
-483
-460
-426
-414
-415
-393
-398
-412
-431
-497
-551
-574
-592
-611
-660
-685
-666
-662
-651
-621
-573
-486
-404
-350
-294
-234
-162
-83
-29
9
90
172
244
299
330
395
481
539
579
648
722
802
882
949
1050
1198
1334
1467
1589
1693
1844
1971
2053
2137
2179
2231
2282
2244
2204
2168
2099
2015
1882
1727
1603
1457
1280
1121
933
756
610
460
327
188
46
-63
-173
-292
-411
-507
-585
-672
-777
-903
-982
-1041
-1111
-1190
-1278
-1313
-1316
-1342
-1347
-1334
-1307
-1248
-1193
-1139
-1077
-1011
-927
-861
-830
-811
-769
-712
-685
-702
-731
-719
-694
-716
-734
-733
-708
-672
-684
-696
-675
-633
-591
-589
-596
-578
-537
-519
-537
-566
-583
-577
-588
-631
-675
-685
-672
-673
-686
-702
-669
-603
-553
-526
-484
-410
-322
-249
-203
-138
-39
60
149
201
258
353
445
517
561
618
698
783
818
820
877
948
1019
1063
1080
1168
1255
1334
1422
1458
1549
1636
1673
1760
1782
1803
1879
1865
1850
1798
1723
1722
1660
1542
1424
1305
1217
1095
922
780
668
547
410
264
146
69
-5
-91
-198
-287
-348
-410
-475
-577
-671
-743
-811
-887
-986
-1047
-1066
-1114
-1171
-1225
-1242
-1194
-1173
-1172
-1156
-1119
-1049
-1000
-979
-942
-907
-883
-866
-859
-857
-839
-820
-824
-824
-840
-840
-802
-783
-773
-758
-731
-671
-628
-612
-581
-547
-514
-494
-498
-495
-478
-470
-480
-503
-518
-522
-513
-519
-540
-551
-536
-501
-471
-431
-391
-339
-266
-213
-160
-98
-22
63
117
158
232
325
422
477
526
597
666
727
769
807
862
912
936
970
994
1047
1113
1154
1185
1227
1289
1379
1452
1492
1547
1598
1648
1674
1677
1701
1712
1688
1631
1543
1477
1415
1325
1226
1101
986
886
766
669
560
453
368
265
172
88
18
-43
-122
-227
-328
-408
-488
-574
-674
-777
-861
-942
-1023
-1091
-1153
-1188
-1213
-1251
-1263
-1266
-1248
-1217
-1204
-1185
-1162
-1143
-1123
-1114
-1115
-1112
-1113
-1119
-1109
-1118
-1106
-1087
-1068
-1034
-1015
-972
-926
-881
-833
-779
-724
-659
-590
-540
-501
-469
-429
-397
-372
-366
-364
-350
-351
-353
-365
-359
-330
-319
-304
-286
-245
-195
-157
-101
-50
6
70
131
194
251
322
393
457
505
548
623
688
744
778
812
869
912
942
977
1013
1066
1105
1121
1154
1185
1221
1255
1271
1282
1288
1296
1295
1302
1301
1300
1303
1284
1269
1245
1223
1212
1158
1110
1063
992
965
890
828
785
692
644
561
471
413
325
255
165
58
-19
-100
-172
-249
-333
-409
-492
-567
-637
-699
-757
-823
-867
-921
-955
-986
-1019
-1029
-1087
-1126
-1158
-1185
-1188
-1242
-1281
-1303
-1330
-1339
-1364
-1376
-1373
-1373
-1373
-1356
-1331
-1293
-1231
-1196
-1158
-1118
-1069
-975
-907
-866
-814
-759
-677
-613
-573
-511
-451
-402
-376
-351
-298
-241
-196
-171
-144
-106
-59
-9
32
67
100
143
186
218
249
284
337
376
396
440
491
551
591
607
658
712
761
812
853
918
980
1040
1091
1131
1168
1206
1250
1289
1311
1331
1343
1341
1332
1312
1311
1296
1258
1211
1149
1106
1065
1017
964
907
846
800
768
729
701
664
628
602
557
525
497
460
415
339
270
218
155
92
15
-60
-123
-189
-255
-321
-381
-439
-498
-561
-630
-694
-754
-817
-882
-950
-1011
-1057
-1090
-1140
-1195
-1239
-1262
-1273
-1300
-1322
-1329
-1328
-1320
-1331
-1324
-1284
-1258
-1220
-1193
-1169
-1107
-1063
-1015
-970
-945
-900
-851
-810
-771
-734
-684
-632
-590
-558
-519
-452
-394
-344
-298
-259
-192
-136
-96
-41
11
77
138
175
223
276
338
393
420
444
475
513
540
555
572
594
619
631
629
642
662
693
716
729
746
774
820
852
880
904
932
971
998
1007
1019
1036
1050
1046
1027
1023
1033
1029
1001
985
969
963
945
906
890
860
836
803
748
714
671
625
584
523
470
413
357
311
240
174
121
66
27
-30
-85
-117
-152
-190
-238
-281
-308
-348
-408
-461
-511
-553
-598
-657
-709
-766
-817
-863
-913
-955
-1005
-1044
-1063
-1087
-1108
-1125
-1122
-1106
-1115
-1122
-1117
-1093
-1068
-1064
-1059
-1051
-1028
-1013
-993
-972
-955
-928
-911
-887
-859
-838
-792
-745
-704
-661
-619
-549
-478
-420
-361
-299
-220
-152
-90
-24
41
114
164
212
261
308
365
400
433
465
498
533
563
587
609
644
685
715
740
761
790
836
869
893
915
924
934
936
941
943
940
938
928
927
913
904
907
891
878
861
842
835
822
810
806
786
759
740
716
691
666
630
597
547
492
450
410
359
307
255
197
146
80
25
-16
-70
-114
-174
-225
-267
-311
-344
-400
-447
-491
-538
-574
-626
-666
-694
-726
-763
-798
-812
-810
-811
-833
-856
-859
-848
-833
-827
-829
-816
-797
-775
-777
-775
-746
-728
-713
-716
-722
-695
-682
-680
-684
-694
-679
-652
-632
-607
-591
-562
-515
-480
-434
-395
-343
-283
-238
-187
-148
-94
-33
7
45
80
124
161
185
208
230
267
299
324
354
381
412
444
463
493
521
545
576
591
612
634
657
673
675
686
689
702
700
681
686
679
678
672
654
658
657
645
625
604
593
589
567
540
502
481
473
446
425
396
376
356
318
289
254
237
216
180
141
97
78
58
34
0
-35
-59
-90
-130
-165
-196
-224
-251
-287
-320
-343
-362
-379
-401
-430
-447
-459
-472
-491
-508
-520
-515
-518
-532
-535
-527
-512
-509
-506
-510
-511
-507
-512
-502
-499
-495
-483
-480
-480
-482
-472
-460
-445
-436
-428
-399
-375
-348
-319
-287
-251
-213
-186
-150
-112
-74
-38
-19
7
27
59
94
109
125
129
152
183
196
211
218
237
253
261
269
278
295
305
309
312
315
320
319
315
310
313
323
325
323
319
312
321
331
334
348
359
370
370
357
359
360
367
366
352
352
341
337
331
308
291
275
261
247
227
213
212
194
168
136
109
96
69
41
4
-35
-62
-98
-125
-154
-182
-203
-224
-249
-277
-302
-309
-315
-337
-344
-348
-343
-332
-335
-324
-316
-299
-288
-291
-278
-269
-251
-235
-231
-234
-233
-220
-205
-194
-189
-178
-174
-175
-183
-185
-173
-167
-166
-184
-183
-169
-154
-147
-153
-143
-127
-110
-99
-90
-72
-49
-38
-30
-15
-1
23
31
35
41
42
70
83
91
106
118
140
152
158
167
180
197
203
203
208
221
229
222
207
212
211
215
211
200
198
196
192
181
178
175
173
182
175
172
175
176
184
175
164
162
158
165
156
141
132
123
124
111
101
98
89
88
69
53
52
40
22
1
-19
-31
-56
-75
-96
-115
-130
-155
-163
-184
-208
-225
-241
-242
-247
-254
-252
-247
-249
-257
-254
-245
-233
-219
-215
-207
-192
-182
-173
-166
-158
-147
-141
-142
-139
-128
-128
-125
-124
-123
-116
-116
-106
-96
-92
-79
-69
-51
-32
-19
3
29
43
47
52
74
92
94
89
90
105
108
104
94
99
113
118
121
126
128
140
142
145
150
144
153
158
159
149
137
138
131
122
111
108
109
106
96
98
107
111
113
108
114
117
118
121
115
117
109
103
101
90
85
76
72
63
48
38
30
28
24
19
13
13
12
11
5
-1
-9
-16
-23
-45
-57
-71
-85
-90
-105
-110
-111
-117
-124
-130
-140
-147
-151
-160
-161
-166
-164
-164
-171
-172
-175
-175
-167
-165
-159
-153
-147
-143
-138
-130
-127
-117
-113
-100
-89
-83
-69
-66
-62
-62
-63
-54
-48
-38
-38
-26
-14
-15
-12
-6
3
13
10
13
27
37
51
53
58
73
78
84
83
82
87
93
102
104
104
107
114
118
110
108
116
119
114
100
91
98
102
103
92
85
85
72
71
67
58
70
70
71
67
60
70
69
70
76
79
89
97
94
96
89
85
75
68
69
64
67
62
50
39
26
25
18
8
2
-3
-5
-16
-26
-38
-46
-53
-66
-73
-83
-91
-94
-99
-108
-106
-114
-113
-110
-120
-110
-111
-113
-107
-107
-105
-101
-98
-99
-90
-92
-85
-76
-76
-68
-65
-58
-57
-60
-62
-62
-56
-67
-69
-71
-76
-75
-77
-81
-84
-80
-77
-70
-66
-69
-54
-51
-50
-39
-35
-19
-15
-7
4
8
21
26
33
42
46
53
65
83
95
106
115
121
119
114
115
121
130
124
119
116
107
100
86
77
75
68
63
61
62
64
56
53
53
42
38
33
31
34
26
25
24
24
20
15
17
18
20
25
33
45
51
55
54
58
63
58
56
57
60
51
43
35
24
7
-5
-14
-32
-41
-53
-60
-62
-74
-80
-80
-78
-81
-88
-88
-85
-86
-86
-87
-84
-81
-79
-79
-79
-77
-71
-64
-61
-52
-47
-38
-32
-35
-37
-41
-34
-34
-35
-31
-37
-40
-41
-43
-49
-48
-39
-33
-31
-31
-27
-27
-28
-38
-42
-37
-37
-33
-35
-33
-36
-37
-29
-28
-25
-15
-7
8
14
21
35
47
59
62
67
77
83
90
95
97
99
101
102
103
108
115
113
119
122
116
121
120
126
120
109
103
91
90
77
61
54
41
22
1
-11
-19
-30
-48
-62
-67
-69
-71
-70
-63
-63
-61
-62
-57
-52
-52
-51
-50
-47
-50
-55
-54
-53
-56
-57
-58
-53
-50
-50
-50
-43
-34
-32
-29
-22
-20
-15
-13
-11
-9
-7
-10
-11
-8
-10
-7
-9
-4
-2
-5
-2
-5
-8
-7
-6
-5
-7
-11
-18
-25
-29
-31
-35
-37
-42
-40
-38
-42
-37
-31
-19
-11
-8
1
10
14
21
31
39
37
33
36
40
44
44
40
43
44
43
47
52
57
57
61
65
63
61
62
65
60
56
49
47
45
41
40
37
38
38
45
50
50
50
52
54
50
47
49
50
46
39
34
25
9
-2
-9
-17
-22
-30
-32
-36
-46
-50
-51
-56
-63
-70
-64
-63
-65
-67
-70
-70
-67
-71
-72
-75
-84
-88
-87
-85
-90
-93
-91
-89
-86
-84
-81
-76
-71
-69
-61
-47
-38
-33
-24
-14
-5
2
7
15
21
22
21
26
28
28
32
35
38
33
29
30
29
19
16
13
12
12
9
4
0
-6
-8
-8
-7
-4
-3
0
4
3
6
10
19
21
24
25
27
33
39
46
54
59
66
73
77
78
82
90
98
101
107
113
118
121
120
121
116
113
108
103
100
92
84
79
69
55
45
34
24
8
-4
-7
-16
-25
-28
-34
-40
-42
-47
-53
-59
-66
-70
-67
-72
-76
-75
-73
-74
-84
-88
-88
-90
-90
-91
-92
-91
-97
-101
-100
-95
-99
-104
-100
-99
-102
-98
-91
-85
-82
-82
-75
-69
-63
-62
-57
-46
-44
-41
-35
-25
-19
-17
-11
-4
1
6
13
20
26
28
29
34
39
39
37
41
42
41
44
40
34
30
34
32
28
27
24
20
20
19
18
17
16
17
20
22
25
28
31
30
31
35
38
41
42
46
55
57
58
55
58
64
66
69
75
79
87
88
94
101
104
111
113
112
110
112
112
110
102
96
85
74
68
56
45
35
28
18
11
3
-5
-10
-16
-24
-33
-38
-42
-47
-50
-56
-58
-64
-71
-78
-86
-90
-96
-96
-97
-103
-106
-106
-110
-108
-109
-106
-103
-107
-107
-110
-105
-99
-94
-88
-85
-77
-74
-74
-71
-71
-68
-64
-64
-61
-58
-58
-53
-52
-56
-55
-52
-44
-38
-31
-28
-19
-9
-5
4
9
17
21
23
25
29
32
29
31
29
28
25
25
28
26
27
32
34
38
37
35
38
42
39
41
42
45
51
55
58
60
63
66
70
74
77
80
82
84
86
87
94
93
95
100
97
97
94
94
95
91
93
91
85
84
80
74
66
58
54
47
40
32
26
23
12
3
-3
-12
-16
-23
-29
-35
-38
-43
-48
-50
-54
-61
-64
-66
-70
-72
-76
-76
-75
-76
-79
-77
-74
-74
-70
-70
-70
-66
-63
-59
-56
-51
-44
-45
-45
-44
-45
-48
-48
-50
-51
-53
-55
-54
-53
-51
-56
-55
-54
-59
-63
-61
-57
-54
-51
-45
-41
-38
-39
-37
-29
-28
-24
-22
-15
-8
-7
-1
3
7
7
10
12
13
16
20
28
39
41
46
52
58
56
57
61
60
60
59
58
59
56
56
58
58
57
55
56
56
54
58
62
66
67
64
67
69
66
68
68
69
65
64
61
59
59
55
56
53
43
37
32
28
22
14
12
8
1
-5
-14
-19
-23
-29
-34
-34
-35
-37
-42
-46
-48
-47
-48
-53
-52
-50
-53
-53
-53
-52
-51
-48
-46
-45
-42
-41
-44
-42
-39
-37
-29
-25
-18
-15
-15
-12
-13
-12
-12
-13
-10
-12
-10
-15
-19
-17
-20
-22
-24
-29
-27
-29
-29
-30
-34
-33
-34
-37
-38
-39
-37
-38
-43
-39
-38
-31
-25
-22
-14
-5
1
9
10
12
18
24
30
34
40
47
54
54
53
60
63
62
57
57
58
59
56
56
61
65
60
57
58
55
50
44
41
41
36
33
25
22
17
5
1
-1
-3
-9
-13
-12
-16
-22
-29
-30
-28
-37
-39
-36
-40
-43
-51
-48
-45
-47
-47
-44
-42
-36
-36
-32
-27
-25
-19
-19
-13
-10
-3
5
7
11
16
23
28
31
33
34
34
37
38
37
34
36
34
32
28
25
27
27
19
16
13
10
4
-7
-6
-5
-8
-11
-17
-14
-17
-26
-25
-32
-36
-35
-42
-41
-43
-48
-46
-50
-52
-53
-54
-48
-44
-44
-38
-35
-31
-27
-26
-21
-16
-13
-7
-2
9
14
16
20
23
30
36
40
44
49
52
58
60
65
66
66
72
74
75
73
74
77
75
71
66
60
54
46
42
39
34
24
16
10
1
-8
-16
-23
-31
-39
-51
-56
-59
-67
-72
-76
-80
-80
-85
-87
-88
-88
-89
-94
-89
-89
-89
-87
-86
-81
-72
-67
-58
-50
-43
-34
-23
-15
-9
-2
10
21
29
35
39
50
52
56
60
67
74
74
74
77
79
79
77
76
75
75
74
69
62
56
51
45
38
33
27
22
14
3
-3
-11
-16
-20
-28
-34
-39
-41
-41
-43
-48
-46
-46
-46
-47
-45
-43
-42
-38
-37
-34
-29
-28
-23
-18
-17
-11
-4
3
8
11
15
23
29
34
38
44
52
56
60
62
69
75
74
73
72
73
73
67
62
59
53
45
42
35
27
22
16
7
-3
-11
-17
-21
-33
-42
-49
-53
-59
-71
-75
-83
-89
-90
-96
-94
-95
-99
-98
-100
-102
-101
-99
-97
-94
-90
-84
-77
-72
-63
-60
-51
-43
-35
-28
-24
-12
-3
3
8
14
24
34
38
43
51
58
61
63
67
70
72
75
76
77
76
73
73
73
68
65
66
62
58
56
51
51
46
38
36
31
26
22
18
14
9
2
-7
-13
-18
-21
-23
-24
-29
-27
-26
-27
-25
-24
-22
-22
-17
-12
-9
-4
0
3
6
8
16
19
20
24
26
31
33
37
39
44
46
41
42
42
43
43
38
39
37
32
28
22
20
17
10
3
-3
-6
-11
-19
-24
-29
-37
-39
-45
-51
-54
-61
-66
-70
-75
-77
-80
-81
-88
-92
-89
-93
-92
-95
-95
-90
-93
-92
-89
-82
-78
-78
-72
-64
-59
-56
-48
-41
-33
-28
-23
-11
-2
5
13
25
36
45
50
54
63
67
66
72
78
83
87
91
95
96
94
93
92
92
90
83
82
81
78
73
69
66
61
53
46
43
39
32
26
22
15
11
4
0
-3
-13
-18
-20
-21
-22
-26
-26
-22
-28
-28
-28
-27
-25
-28
-27
-24
-23
-20
-20
-15
-13
-13
-9
-9
-5
-5
-3
0
3
3
5
6
9
7
6
7
8
10
10
9
8
9
8
6
5
4
1
-1
-5
-7
-8
-13
-14
-20
-26
-30
-33
-39
-45
-48
-49
-56
-59
-63
-66
-65
-69
-71
-69
-69
-70
-68
-66
-64
-63
-61
-55
-50
-46
-41
-31
-23
-21
-15
-9
0
6
9
17
25
29
32
38
45
49
52
58
66
68
68
73
76
75
74
75
77
77
72
70
71
69
60
56
59
53
44
40
34
32
28
19
17
16
11
9
8
8
5
2
3
0
-2
-3
-4
-7
-12
-12
-14
-15
-15
-17
-17
-15
-15
-14
-14
-15
-13
-9
-10
-13
-10
-9
-10
-12
-11
-9
-5
-8
-9
-7
-7
-10
-11
-8
-8
-8
-9
-10
-9
-15
-18
-20
-22
-22
-25
-25
-24
-28
-31
-33
-34
-35
-40
-43
-43
-43
-46
-49
-49
-50
-52
-53
-53
-53
-50
-54
-54
-46
-46
-45
-41
-38
-35
-32
-30
-24
-18
-12
-9
-2
10
12
18
23
29
36
39
43
52
59
63
63
69
72
71
75
78
78
78
75
79
81
79
80
79
79
76
70
68
66
61
62
61
60
56
49
49
45
36
32
27
22
15
6
4
2
-3
-6
-8
-11
-17
-23
-24
-28
-32
-40
-43
-41
-45
-47
-46
-49
-49
-57
-55
-52
-55
-56
-59
-59
-59
-60
-59
-57
-57
-56
-55
-54
-51
-52
-51
-47
-45
-45
-42
-38
-36
-34
-36
-33
-29
-28
-28
-26
-25
-25
-28
-25
-20
-21
-18
-17
-18
-17
-19
-17
-14
-11
-11
-11
-8
-5
1
5
7
11
12
13
16
18
21
24
28
32
33
37
42
47
51
52
54
59
59
59
60
62
61
60
64
64
64
64
63
61
59
57
57
58
54
54
51
49
49
48
48
46
45
42
36
34
34
33
31
27
24
25
23
18
18
16
14
10
9
9
6
0
-2
-4
-11
-16
-15
-17
-22
-28
-31
-30
-33
-38
-37
-36
-36
-38
-41
-44
-49
-53
-57
-59
-62
-67
-71
-72
-76
-78
-78
-78
-81
-82
-81
-81
-81
-82
-81
-78
-77
-81
-79
-79
-80
-80
-82
-80
-81
-76
-68
-66
-62
-57
-50
-45
-43
-33
-24
-18
-13
-7
2
6
10
18
26
32
33
38
44
51
54
59
67
72
73
74
78
81
80
80
79
81
77
76
81
81
79
74
74
77
80
78
77
80
80
75
72
76
76
73
70
71
72
69
64
64
64
63
63
61
59
57
55
53
50
47
44
38
37
30
23
19
15
10
4
-2
-5
-6
-12
-21
-24
-25
-27
-29
-33
-37
-40
-41
-44
-48
-50
-50
-52
-57
-60
-61
-66
-71
-72
-76
-80
-85
-85
-86
-90
-93
-97
-99
-102
-104
-103
-103
-103
-105
-103
-104
-103
-103
-103
-99
-97
-97
-97
-95
-95
-91
-85
-80
-75
-70
-65
-58
-51
-46
-37
-27
-19
-8
1
10
19
26
34
44
49
55
61
65
64
65
68
71
75
78
79
80
77
77
81
84
87
93
95
99
99
99
102
105
105
103
103
102
99
95
90
88
84
82
77
78
78
74
71
72
73
72
72
72
74
72
68
68
67
63
61
56
54
45
37
35
31
26
21
19
16
9
1
-4
-6
-12
-19
-22
-27
-32
-42
-49
-52
-58
-65
-69
-74
-79
-84
-88
-92
-93
-96
-101
-102
-106
-110
-113
-116
-118
-121
-127
-126
-124
-123
-125
-127
-127
-127
-127
-124
-122
-119
-118
-115
-113
-107
-102
-97
-90
-86
-81
-74
-69
-65
-59
-52
-46
-43
-38
-32
-22
-16
-8
2
12
20
27
35
42
48
55
59
67
71
77
84
90
93
99
106
109
114
118
118
121
120
120
121
124
125
124
123
122
121
122
119
116
115
113
110
106
100
98
95
88
84
80
74
68
59
55
53
48
46
43
38
34
29
27
25
23
21
16
13
5
-1
-5
-12
-15
-17
-19
-25
-29
-30
-36
-42
-44
-45
-45
-47
-49
-46
-49
-55
-57
-56
-55
-58
-63
-67
-69
-76
-83
-82
-85
-90
-95
-98
-97
-100
-102
-101
-96
-97
-97
-94
-93
-92
-93
-92
-91
-92
-90
-85
-83
-82
-82
-80
-75
-72
-67
-62
-60
-54
-50
-45
-37
-30
-22
-14
-8
1
9
15
19
27
34
40
46
48
54
58
60
64
63
64
68
69
69
69
70
70
74
70
72
74
71
68
68
70
72
70
70
68
65
64
64
67
67
67
69
68
66
63
66
68
69
67
67
71
70
68
67
68
68
66
63
62
61
58
51
44
39
36
29
24
20
13
8
2
-4
-9
-14
-19
-24
-27
-34
-37
-40
-45
-51
-58
-64
-68
-68
-73
-76
-78
-83
-86
-87
-86
-87
-90
-93
-93
-89
-88
-89
-86
-84
-83
-82
-82
-78
-79
-76
-73
-73
-74
-77
-74
-69
-69
-65
-60
-54
-53
-56
-54
-51
-49
-47
-43
-34
-28
-24
-18
-8
-3
-2
6
11
17
21
21
28
33
35
38
43
49
51
52
55
61
65
65
70
72
74
76
76
80
81
83
85
83
83
84
80
78
77
75
76
73
72
73
71
69
65
63
64
60
56
54
52
46
41
41
40
38
31
29
28
24
17
14
15
9
4
0
1
-3
-10
-14
-17
-20
-26
-28
-28
-32
-38
-44
-46
-44
-47
-50
-52
-53
-54
-59
-57
-55
-56
-56
-57
-57
-57
-58
-60
-61
-59
-59
-59
-58
-61
-59
-57
-54
-51
-47
-43
-44
-43
-40
-39
-35
-28
-27
-25
-24
-23
-21
-19
-17
-14
-13
-9
-6
-4
-2
-2
1
1
3
4
7
8
10
13
13
14
16
20
19
19
19
18
18
18
20
21
20
18
18
20
22
22
25
26
28
30
33
36
33
34
38
41
43
42
44
45
44
45
44
45
45
43
42
45
42
40
40
42
44
42
41
40
37
34
26
23
21
17
14
13
11
4
2
1
0
-2
-6
-8
-9
-12
-15
-14
-15
-19
-23
-23
-21
-24
-26
-27
-27
-30
-32
-32
-33
-36
-41
-41
-41
-43
-46
-47
-45
-48
-51
-51
-49
-49
-49
-49
-47
-45
-49
-46
-41
-43
-43
-42
-38
-31
-33
-32
-30
-30
-27
-25
-22
-19
-18
-19
-15
-12
-15
-14
-11
-7
-8
-5
-2
2
6
7
10
13
16
16
21
28
32
35
37
41
45
47
48
53
57
56
59
61
64
63
63
67
70
71
68
68
66
64
59
59
63
65
61
59
58
55
50
44
43
40
36
32
28
25
20
13
8
2
-4
-7
-9
-11
-18
-26
-33
-35
-35
-39
-41
-43
-48
-52
-54
-54
-54
-57
-58
-59
-59
-62
-65
-65
-62
-57
-56
-56
-53
-51
-52
-52
-48
-45
-42
-36
-31
-29
-27
-31
-30
-22
-19
-14
-13
-9
-6
-4
-1
-1
6
11
10
14
16
16
12
9
12
15
16
13
12
15
12
8
5
6
5
1
-1
0
-2
-5
-6
-3
-1
-5
-8
-6
-4
-5
-4
0
3
4
3
6
8
6
8
12
16
21
22
24
27
25
26
31
32
39
42
45
50
50
48
48
48
51
51
52
50
52
53
50
49
41
38
35
34
31
28
25
21
18
15
12
9
9
5
2
-1
-3
-4
-7
-7
-10
-14
-13
-13
-12
-14
-16
-19
-25
-29
-32
-35
-33
-38
-41
-42
-44
-46
-48
-49
-51
-54
-55
-52
-51
-52
-55
-57
-55
-60
-59
-56
-51
-48
-49
-51
-52
-51
-50
-48
-47
-43
-39
-34
-28
-24
-25
-23
-18
-17
-12
-8
-4
0
2
1
1
4
9
13
16
20
23
25
26
30
33
35
35
41
45
46
46
44
46
46
41
46
49
48
48
47
49
48
45
47
50
51
49
50
51
53
52
46
48
49
46
44
42
44
45
42
37
38
35
30
31
27
24
18
17
16
12
5
2
0
-4
-7
-15
-17
-16
-20
-20
-24
-25
-26
-28
-27
-29
-30
-30
-31
-31
-32
-34
-35
-39
-40
-41
-44
-47
-48
-49
-47
-47
-45
-42
-43
-42
-39
-34
-32
-33
-35
-30
-27
-28
-26
-24
-20
-22
-24
-24
-21
-19
-23
-23
-24
-26
-25
-23
-23
-24
-26
-25
-24
-23
-24
-21
-20
-22
-20
-19
-19
-17
-16
-15
-11
-11
-9
-4
-5
-5
-1
2
7
8
9
15
19
23
26
29
33
35
40
42
47
51
56
60
61
63
66
67
68
70
70
74
75
73
72
68
66
66
66
68
67
64
63
59
55
53
48
46
41
33
29
25
18
12
8
5
3
-2
-5
-9
-13
-19
-22
-24
-27
-29
-30
-30
-32
-38
-42
-45
-45
-44
-46
-47
-48
-50
-52
-52
-51
-51
-50
-50
-47
-45
-47
-44
-43
-45
-43
-44
-41
-38
-39
-36
-34
-32
-30
-30
-29
-27
-29
-30
-27
-26
-25
-27
-28
-27
-28
-27
-27
-27
-24
-20
-20
-18
-19
-18
-16
-15
-14
-11
-10
-10
-11
-8
-4
-1
3
4
5
6
8
11
12
15
19
23
26
28
30
35
37
40
44
46
47
48
47
47
47
47
49
49
48
48
48
48
46
44
44
43
43
44
44
43
43
42
42
43
39
40
38
34
33
32
30
30
25
22
21
14
11
8
7
5
-1
1
4
2
-3
-4
-2
-3
-7
-9
-6
-4
-9
-10
-10
-13
-18
-24
-25
-26
-32
-36
-33
-32
-34
-39
-37
-34
-40
-43
-42
-41
-42
-45
-44
-40
-40
-45
-45
-43
-46
-47
-48
-47
-44
-49
-51
-50
-51
-54
-54
-53
-50
-51
-51
-48
-46
-45
-42
-42
-39
-33
-30
-26
-23
-19
-14
-12
-8
-1
4
9
12
