SAMPLES:	20016
BITSPERSAMPLE:	16
CHANNELS:	1
SAMPLERATE:	16000
NORMALIZED:	FALSE
0
0
0
0
0
0
0
-1
0
0
0
0
0
0
0
0
0
0
0
0
0
1
0
0
0
0
0
0
0
1
0
0
0
1
1
0
0
0
-1
1
1
0
0
0
0
0
0
0
1
0
0
0
1
0
0
0
0
0
-1
0
0
0
0
0
0
0
0
0
0
-1
-1
-1
0
0
0
0
-1
0
0
0
0
0
0
0
0
0
1
0
1
0
0
0
0
0
0
1
-1
0
1
-1
0
0
0
0
0
0
0
-1
0
0
0
-1
0
-1
0
0
0
0
0
-1
0
0
1
0
1
0
-1
1
1
1
1
1
0
2
3
2
2
1
1
2
3
3
3
1
1
3
3
1
-1
0
0
0
0
-1
-2
-2
-2
-2
-1
-3
-3
-3
-3
-2
-4
-3
-4
-4
-3
-4
-4
-3
-2
-2
-3
-2
-2
-1
0
-1
-1
0
0
0
0
1
1
0
0
0
-1
-2
-2
-3
-2
-4
-5
-8
-10
-10
-10
-8
-11
-15
-18
-16
-12
-10
-12
-16
-18
-14
-8
-4
-5
-7
-5
1
7
12
13
11
15
23
29
32
33
32
38
44
49
47
44
47
50
53
52
45
43
44
42
44
38
34
20
-2
19
30
25
2
-32
-33
-15
7
5
-30
-66
-60
-40
-20
-23
-43
-67
-79
-54
-22
-21
-45
-62
-58
-32
-9
-9
-22
-31
-23
-3
11
16
7
3
9
19
29
33
27
18
19
27
34
27
20
15
8
6
7
5
-3
-15
-19
-21
-26
-25
-33
-41
-42
-44
-36
-39
-39
-32
-34
-23
-5
16
31
15
25
54
93
125
128
104
111
144
208
252
232
204
168
211
285
309
278
214
167
189
245
258
206
105
55
71
86
71
-10
-97
-149
-164
-140
-182
-271
-334
-378
-379
-369
-415
-483
-529
-516
-479
-509
-529
-548
-544
-477
-450
-458
-435
-451
-385
-340
-209
20
-189
-314
-260
10
365
388
177
-56
-47
336
740
687
466
215
239
481
766
925
628
223
212
508
762
705
384
100
97
281
422
308
42
-147
-211
-72
-25
-155
-319
-466
-529
-458
-401
-461
-633
-751
-652
-606
-663
-670
-658
-620
-645
-634
-555
-536
-406
-366
-396
-326
-184
39
-12
-93
47
237
414
528
490
431
509
688
919
965
922
808
765
971
1114
1112
968
836
845
910
945
896
716
543
535
562
509
356
198
87
5
3
-56
-234
-367
-435
-489
-532
-600
-686
-762
-830
-812
-846
-873
-863
-912
-873
-828
-827
-796
-807
-725
-637
-592
-359
-378
-486
-431
-239
87
201
93
-3
14
234
578
616
520
404
393
569
690
841
764
499
417
541
690
685
513
265
194
279
363
293
79
-107
-204
-156
-117
-201
-358
-503
-578
-570
-552
-586
-685
-794
-793
-757
-764
-765
-786
-805
-823
-754
-574
-604
-615
-541
-487
-425
-363
-121
-20
31
41
26
137
417
719
743
617
528
735
980
1132
1190
1097
1044
1019
1122
1286
1347
1281
1067
902
978
1101
1050
908
717
573
494
480
485
336
143
-28
-161
-170
-186
-285
-479
-665
-737
-721
-733
-798
-920
-1061
-1057
-1054
-1028
-1033
-1085
-1069
-1124
-1040
-919
-858
-838
-814
-806
-639
-573
-264
3
-464
-383
-191
236
601
469
245
108
344
839
1094
855
645
501
692
906
1075
1100
650
310
502
831
873
527
186
25
102
257
232
-51
-349
-484
-445
-293
-444
-633
-738
-880
-870
-763
-787
-937
-1076
-1014
-879
-921
-953
-907
-928
-826
-847
-713
-511
-579
-498
-405
-390
-259
24
222
355
139
121
343
757
1214
1053
795
681
993
1447
1612
1507
1311
1190
1267
1457
1663
1625
1331
1066
1030
1194
1310
1127
752
532
519
537
427
298
74
-143
-290
-331
-357
-485
-645
-814
-945
-991
-1005
-995
-1067
-1208
-1290
-1293
-1279
-1214
-1108
-1111
-1214
-1265
-1159
-957
-764
-707
-755
-783
-681
-414
-224
110
66
-212
-64
211
642
839
663
411
456
798
1197
1208
938
715
703
954
1106
1161
934
466
369
631
803
619
261
-37
-139
-4
75
-108
-405
-651
-730
-651
-599
-708
-906
-1055
-1152
-1038
-922
-945
-1087
-1213
-1140
-1044
-934
-855
-895
-879
-878
-771
-579
-446
-302
-275
-265
-253
-224
165
580
722
510
162
320
887
1447
1485
1113
775
939
1349
1718
1853
1537
1269
1097
1241
1685
1855
1539
972
717
1005
1308
1240
874
433
261
314
387
443
156
-246
-477
-534
-364
-332
-537
-862
-1105
-1071
-929
-923
-977
-1178
-1327
-1306
-1285
-1115
-971
-1050
-1198
-1280
-1137
-891
-734
-654
-737
-813
-625
-382
-175
-151
-184
39
131
278
337
443
559
593
705
726
783
841
892
834
851
862
866
806
714
714
690
553
388
302
306
256
52
-131
-245
-313
-365
-463
-560
-710
-859
-882
-915
-942
-1023
-1044
-1102
-1179
-1122
-1062
-1050
-1112
-1033
-925
-907
-840
-810
-711
-625
-490
-404
-403
-202
20
115
36
-34
301
783
1021
832
461
545
1080
1611
1683
1400
1074
1109
1422
1870
2094
1768
1277
1094
1370
1811
1969
1513
916
716
1022
1312
1159
758
327
144
251
354
270
-94
-494
-619
-573
-455
-542
-852
-1057
-1160
-1090
-1000
-1106
-1161
-1258
-1347
-1249
-1195
-1127
-1103
-1168
-1136
-1116
-951
-758
-774
-750
-696
-599
-456
-319
-191
-95
-115
-13
116
130
348
520
611
446
339
512
699
876
850
611
398
474
708
834
675
415
260
168
284
383
241
10
-254
-298
-273
-263
-325
-526
-723
-817
-793
-737
-703
-838
-1009
-1075
-1005
-863
-848
-892
-941
-950
-854
-742
-647
-608
-571
-519
-470
-363
-137
-17
-18
19
125
359
402
492
680
868
1038
845
768
1006
1464
1675
1472
1173
1157
1429
1681
1799
1631
1402
1202
1221
1428
1604
1515
1058
674
733
1042
1063
689
295
84
112
134
97
-116
-473
-640
-667
-563
-594
-823
-1030
-1149
-1078
-970
-1027
-1163
-1278
-1282
-1165
-1066
-1052
-1140
-1182
-1054
-930
-840
-777
-746
-728
-638
-486
-336
-304
-216
-217
117
73
-20
311
328
524
457
420
353
544
737
815
642
409
484
530
662
616
611
390
72
111
355
383
92
-205
-365
-374
-273
-282
-427
-730
-854
-825
-786
-742
-863
-940
-1002
-1066
-975
-882
-813
-879
-983
-947
-801
-700
-610
-608
-595
-501
-454
-200
-146
-115
44
112
253
355
432
613
701
1008
1092
906
897
1086
1600
1816
1504
1243
1315
1564
1909
1853
1751
1496
1267
1372
1595
1837
1545
984
709
946
1217
1099
623
203
130
211
253
115
-212
-540
-702
-603
-486
-610
-924
-1162
-1174
-1035
-954
-1142
-1277
-1287
-1265
-1240
-1246
-1165
-1162
-1207
-1155
-1065
-986
-900
-786
-736
-711
-671
-541
-358
-320
168
-57
-453
-125
248
709
467
180
4
192
643
1055
785
161
67
364
828
769
627
258
-192
5
473
620
119
-423
-482
-371
-122
-120
-382
-799
-937
-770
-583
-548
-833
-1036
-1055
-884
-789
-788
-880
-969
-920
-809
-643
-703
-670
-530
-427
-423
-490
-145
29
31
59
149
381
357
510
725
929
1127
1003
887
969
1380
1822
1837
1455
1251
1452
1754
1981
1938
1819
1513
1296
1436
1785
1992
1530
920
739
1106
1374
1091
585
201
139
211
279
166
-240
-667
-844
-664
-476
-582
-1001
-1378
-1401
-1192
-1004
-1133
-1354
-1549
-1592
-1422
-1242
-1107
-1241
-1442
-1422
-1198
-916
-848
-904
-881
-882
-759
-574
-257
-231
-104
-31
-378
-79
223
648
637
326
93
163
582
991
999
403
108
206
732
825
730
470
-39
-83
239
585
350
-205
-412
-485
-336
-171
-197
-588
-1016
-992
-742
-533
-704
-941
-1097
-1093
-987
-822
-719
-809
-1022
-1052
-822
-582
-443
-536
-637
-590
-401
-68
152
16
-60
104
436
595
565
690
808
1124
1196
1129
1081
1213
1652
1966
1807
1388
1416
1651
2032
2100
1967
1664
1323
1432
1773
2060
1760
1094
733
990
1334
1271
827
265
47
121
237
269
-91
-590
-911
-859
-583
-574
-932
-1341
-1499
-1378
-1157
-1188
-1343
-1577
-1694
-1586
-1405
-1220
-1249
-1455
-1531
-1369
-1111
-947
-930
-914
-867
-893
-678
-379
-217
-202
-374
-236
116
312
367
244
188
341
500
632
672
608
474
413
468
654
698
580
362
232
299
321
291
152
-13
-140
-217
-308
-330
-343
-500
-701
-823
-782
-700
-766
-896
-1009
-1002
-954
-880
-847
-844
-935
-990
-832
-626
-467
-536
-635
-570
-301
-80
27
15
70
222
417
551
594
747
887
1335
1316
1070
1087
1287
1859
2037
1888
1550
1388
1646
2103
2243
2043
1654
1405
1491
1723
2056
1833
1201
762
879
1255
1231
863
361
-1
-8
124
219
-118
-602
-952
-961
-752
-756
-956
-1347
-1528
-1527
-1458
-1389
-1380
-1476
-1734
-1843
-1656
-1378
-1302
-1411
-1513
-1513
-1335
-1060
-873
-841
-929
-944
-754
-483
57
55
-343
-528
-163
666
846
423
18
72
488
1012
1066
742
307
208
561
929
1009
690
150
-41
318
650
569
-10
-368
-227
-110
-130
-277
-487
-619
-827
-750
-606
-686
-876
-1069
-992
-869
-907
-964
-952
-948
-887
-876
-908
-746
-642
-543
-586
-638
-363
-227
-19
-52
29
207
285
384
538
763
1045
1291
936
926
1060
1616
2073
1914
1598
1402
1612
2023
2345
2221
1954
1601
1580
1813
2154
2244
1670
1018
1004
1403
1631
1249
711
415
307
323
337
244
-121
-545
-872
-795
-643
-704
-1024
-1470
-1587
-1504
-1450
-1410
-1530
-1727
-1887
-1929
-1716
-1538
-1544
-1618
-1780
-1724
-1476
-1245
-1049
-1091
-1168
-1174
-885
-499
-57
-159
-579
-472
-9
569
642
387
142
233
547
923
999
818
607
499
679
898
1028
907
506
333
491
654
535
205
75
39
-65
-231
-288
-313
-369
-641
-756
-751
-775
-780
-880
-922
-1017
-1073
-1029
-959
-974
-979
-1033
-1055
-931
-821
-634
-732
-828
-611
-395
-176
-150
-93
36
120
225
564
769
1134
1065
770
947
1236
1925
2124
1782
1405
1521
1918
2355
2387
2170
1909
1639
1831
2135
2376
2132
1423
1104
1357
1666
1592
1079
677
506
419
349
368
175
-208
-658
-861
-665
-631
-851
-1198
-1466
-1498
-1477
-1542
-1491
-1598
-1753
-1896
-1988
-1720
-1606
-1605
-1678
-1846
-1709
-1505
-1238
-1050
-1110
-1165
-1151
-841
-458
22
-220
-604
-420
69
760
636
342
73
228
699
1141
1125
641
413
514
936
1078
976
689
328
360
641
749
443
33
-54
21
-11
-132
-274
-520
-603
-658
-645
-719
-927
-981
-1009
-989
-1043
-1089
-1109
-1085
-1123
-1173
-1085
-998
-942
-953
-905
-800
-775
-581
-413
-313
-209
-77
119
20
233
590
1223
1236
632
682
1111
1952
2260
1951
1477
1420
1859
2493
2675
2402
2127
1768
1891
2303
2691
2598
1787
1239
1460
1943
2026
1455
894
696
671
619
539
372
85
-393
-737
-674
-636
-689
-1048
-1400
-1539
-1659
-1599
-1548
-1605
-1841
-2100
-2102
-1948
-1811
-1768
-1860
-1964
-1954
-1836
-1540
-1290
-1257
-1359
-1399
-1191
-551
-189
-521
-772
-608
120
644
425
75
-45
305
856
1075
914
491
394
680
1008
1189
982
552
324
558
975
965
408
-51
-44
290
379
57
-338
-600
-559
-392
-364
-577
-915
-1060
-950
-818
-881
-1072
-1149
-1066
-1040
-1015
-1100
-1079
-950
-864
-800
-938
-872
-636
-323
-310
-349
-206
4
70
227
549
977
1169
731
733
1027
1744
2299
2048
1583
1513
1861
2479
2677
2506
2346
1924
1900
2199
2675
2744
2020
1308
1405
1880
2009
1543
932
743
675
533
443
297
69
-368
-808
-783
-730
-822
-1137
-1527
-1592
-1640
-1778
-1772
-1801
-1851
-2071
-2281
-2096
-1891
-1832
-1934
-2069
-1957
-1767
-1627
-1439
-1323
-1265
-1258
-1183
-843
-358
-255
-475
-532
-84
364
500
419
300
446
615
900
1074
961
756
694
849
1136
1154
950
635
522
762
882
652
267
108
207
220
26
-173
-368
-467
-535
-517
-561
-758
-999
-990
-859
-880
-1077
-1220
-1064
-1002
-1032
-1130
-1160
-1041
-940
-839
-863
-896
-799
-475
-306
-335
-333
-72
142
192
372
692
1169
958
798
899
1376
1997
2084
1874
1550
1641
2089
2515
2559
2466
2148
1863
1880
2348
2801
2448
1573
1152
1552
1984
1786
1155
675
576
562
465
345
37
-268
-652
-796
-771
-851
-1088
-1423
-1512
-1580
-1722
-1845
-1830
-1797
-1915
-2095
-2163
-2036
-1875
-1847
-1907
-1950
-1855
-1694
-1507
-1312
-1218
-1174
-1168
-907
-633
-61
-24
-459
-300
46
740
865
663
438
310
623
1257
1499
1088
586
464
982
1256
1330
1029
416
217
567
980
768
119
-203
-140
-59
-24
-133
-509
-858
-907
-684
-535
-868
-1173
-1181
-1141
-1049
-1116
-1097
-1093
-1205
-1257
-1156
-955
-905
-874
-934
-829
-857
-578
-299
-261
-235
-196
74
132
308
648
1261
1021
657
804
1409
2138
2120
1884
1614
1711
2047
2551
2675
2497
2206
1915
1978
2318
2699
2525
1684
1261
1513
1890
1775
1169
798
652
585
406
246
41
-162
-535
-788
-810
-937
-1031
-1326
-1482
-1520
-1740
-1829
-1782
-1744
-1834
-2043
-2111
-1998
-1871
-1769
-1800
-1899
-1793
-1615
-1462
-1312
-1199
-1041
-1020
-907
-626
-88
-98
-258
-188
27
539
658
796
618
476
514
881
1245
1215
887
556
661
894
1146
1014
596
261
284
513
512
254
-127
-292
-318
-342
-296
-498
-763
-979
-948
-805
-945
-1047
-1106
-1158
-1208
-1286
-1131
-960
-1050
-1219
-1273
-1094
-848
-744
-765
-841
-845
-590
-224
-46
-120
-92
20
250
526
873
1417
1045
686
876
1637
2393
2229
1780
1546
1913
2315
2709
2585
2325
2233
2098
2178
2355
2584
2403
1706
1383
1661
1892
1695
1115
756
756
653
450
252
-46
-228
-544
-728
-750
-908
-1135
-1483
-1567
-1490
-1636
-1848
-1919
-1940
-1926
-2009
-2091
-2019
-1997
-1923
-1937
-1972
-1822
-1686
-1550
-1424
-1393
-1213
-1138
-920
-705
-313
-49
-391
-318
-12
519
751
711
525
436
568
969
1351
1167
864
590
785
1045
1161
1095
707
301
348
656
649
349
-57
-246
-257
-270
-189
-421
-754
-941
-960
-756
-887
-1099
-1133
-1164
-1214
-1272
-1189
-1032
-1068
-1224
-1268
-1149
-952
-797
-769
-767
-898
-724
-293
-91
-42
-149
80
189
419
745
1197
1405
864
875
1298
2061
2392
2172
1848
1780
2045
2544
2826
2570
2452
2189
2086
2138
2470
2736
2187
1444
1305
1648
1839
1429
921
602
483
354
235
113
-193
-547
-956
-958
-890
-1007
-1390
-1728
-1679
-1697
-1842
-1969
-1983
-1982
-2086
-2198
-2145
-2015
-1915
-1924
-2040
-1948
-1682
-1479
-1412
-1395
-1187
-1049
-936
-689
-446
133
-7
-318
-61
319
851
999
892
656
541
721
1337
1562
1242
801
602
947
1146
1268
1072
466
190
378
654
558
130
-277
-482
-488
-336
-336
-746
-1147
-1298
-1060
-945
-1231
-1434
-1456
-1441
-1483
-1486
-1386
-1252
-1436
-1551
-1364
-1201
-1005
-1026
-1003
-866
-878
-569
-215
-145
-133
79
292
358
584
1054
1812
1496
1009
1202
1902
2757
2743
2449
2178
2205
2547
3161
3274
3096
2757
2376
2420
2708
3223
3031
2127
1622
1789
2126
2028
1503
1068
759
464
305
320
88
-296
-878
-1187
-1092
-1138
-1358
-1778
-1963
-1971
-2182
-2366
-2255
-2203
-2353
-2617
-2723
-2505
-2265
-2214
-2322
-2420
-2239
-1968
-1790
-1602
-1469
-1352
-1273
-1215
-443
-34
-343
-471
-277
554
869
791
575
599
917
1186
1357
1290
1214
1089
1060
1175
1373
1318
908
587
702
878
712
325
42
-73
-53
-195
-358
-600
-830
-940
-1050
-1054
-1138
-1342
-1519
-1548
-1457
-1492
-1650
-1644
-1502
-1458
-1564
-1586
-1398
-1195
-1074
-1084
-1131
-978
-709
-403
-251
-213
-106
195
231
516
884
1269
1729
1275
1221
1472
2106
2886
2798
2389
2134
2289
2833
3327
3319
3101
2563
2301
2617
3046
3253
2763
1833
1555
1892
2238
2010
1227
784
581
402
373
296
28
-553
-1163
-1121
-967
-1105
-1474
-1856
-1983
-1973
-2103
-2202
-2186
-2187
-2314
-2642
-2553
-2186
-2089
-2202
-2416
-2241
-1949
-1869
-1661
-1506
-1384
-1264
-1289
-923
-613
-153
191
-455
-316
188
640
951
877
776
552
516
1054
1675
1462
940
593
831
1136
1219
1270
836
266
223
521
607
312
-56
-348
-555
-567
-442
-504
-899
-1264
-1249
-1084
-1194
-1383
-1315
-1383
-1596
-1620
-1488
-1245
-1325
-1507
-1478
-1349
-1127
-1011
-976
-898
-918
-668
-291
-173
-152
-3
305
380
476
880
1740
1651
1034
1057
1745
2824
2833
2490
2138
2164
2597
3156
3444
3138
2728
2442
2475
2817
3298
3159
2176
1508
1863
2366
2161
1419
961
827
652
384
330
145
-270
-786
-1052
-1001
-1087
-1347
-1731
-1833
-1844
-2114
-2420
-2298
-2043
-2216
-2625
-2755
-2448
-2205
-2194
-2349
-2434
-2246
-2022
-1799
-1660
-1569
-1376
-1460
-1114
-548
-407
-422
-687
-99
604
560
325
317
680
1125
1128
999
1019
1020
1235
1246
1265
1264
986
837
944
1104
1026
575
218
252
370
324
34
-388
-612
-642
-542
-616
-901
-1102
-1287
-1379
-1223
-1131
-1255
-1545
-1670
-1384
-1242
-1369
-1469
-1420
-1246
-1070
-1156
-1151
-1014
-891
-536
-481
-436
-294
-66
148
172
503
832
1410
1260
964
1100
1631
2539
2649
2287
1892
2019
2469
3174
3264
2929
2462
2169
2563
2959
3220
2838
1967
1584
1924
2388
2248
1445
912
807
755
691
573
216
-280
-784
-789
-659
-833
-1148
-1604
-1723
-1725
-1823
-1945
-2035
-2089
-2178
-2400
-2452
-2214
-2167
-2246
-2335
-2230
-2123
-2159
-1858
-1573
-1462
-1575
-1606
-1249
-797
-695
-131
-222
-662
-285
-1
741
944
784
366
98
532
1509
1787
1116
491
433
999
1191
1435
1291
481
20
296
899
934
274
-198
-445
-325
-104
-76
-469
-949
-1089
-952
-797
-994
-1064
-1144
-1367
-1421
-1274
-1101
-1059
-1373
-1490
-1186
-1059
-943
-1114
-1085
-738
-823
-628
-459
-255
-110
21
82
132
362
966
1728
1175
789
850
1780
2737
2563
2220
1759
1837
2483
3220
3236
2771
2298
2210
2462
2878
3253
2742
1759
1531
1957
2376
2042
1304
972
760
628
551
507
188
-267
-742
-866
-856
-935
-1084
-1491
-1679
-1887
-2093
-2043
-1869
-1875
-2269
-2641
-2536
-2243
-2098
-2134
-2267
-2344
-2300
-2051
-1722
-1552
-1503
-1611
-1574
-1239
-718
-503
-469
-217
-441
-302
16
566
1052
846
339
94
571
1307
1816
1265
556
388
823
1380
1540
1309
593
33
299
951
1083
474
-209
-433
-323
-77
90
-258
-924
-1136
-994
-712
-771
-1038
-1188
-1384
-1436
-1165
-971
-1107
-1432
-1493
-1131
-973
-972
-1081
-1041
-762
-737
-612
-401
-245
-60
21
29
193
482
1057
1592
1102
780
942
1761
2702
2541
1976
1659
1834
2544
3206
3037
2621
2118
2152
2472
2793
3085
2575
1726
1476
1869
2308
1983
1203
886
690
569
530
418
191
-324
-848
-887
-845
-866
-1077
-1530
-1793
-1869
-1903
-1881
-1891
-2027
-2313
-2644
-2451
-2097
-2033
-2125
-2328
-2328
-2188
-1951
-1550
-1485
-1626
-1624
-1455
-698
-667
-760
-674
-568
121
301
175
63
373
705
951
743
659
902
1047
1128
994
1079
1025
825
881
1096
1071
718
394
393
532
486
271
16
-301
-436
-373
-229
-378
-831
-1062
-999
-935
-838
-931
-1211
-1330
-1340
-1098
-1055
-1256
-1278
-1191
-986
-1071
-1142
-859
-732
-735
-598
-457
-231
-98
13
114
238
437
939
1514
1103
775
806
1669
2557
2514
1900
1448
1736
2407
3085
2939
2536
1976
1917
2323
2889
3126
2439
1508
1255
1906
2413
2061
1170
644
637
695
708
549
114
-416
-900
-844
-618
-674
-1084
-1622
-1876
-1756
-1656
-1738
-1847
-2089
-2270
-2390
-2258
-1989
-1962
-2093
-2237
-2289
-2071
-1778
-1496
-1400
-1601
-1628
-1394
-932
-579
-366
-423
-680
-468
-12
482
663
536
317
231
473
1019
1409
1194
692
417
807
1229
1391
1204
698
425
525
816
873
549
207
-19
-116
-87
-40
-168
-475
-760
-802
-713
-827
-915
-974
-1062
-1186
-1309
-1202
-1087
-1133
-1293
-1375
-1235
-1122
-1088
-1026
-950
-954
-816
-733
-470
-286
-112
-133
-165
152
607
1461
1030
531
603
1372
2446
2470
1938
1491
1640
2323
3080
3056
2695
2168
2044
2418
2954
3268
2721
1767
1553
2093
2523
2214
1422
1025
969
896
749
605
326
-10
-529
-753
-750
-750
-901
-1399
-1671
-1837
-1915
-1886
-1858
-1954
-2246
-2588
-2550
-2223
-2071
-2088
-2326
-2411
-2341
-2067
-1661
-1517
-1644
-1721
-1530
-1062
-698
-650
-678
-483
-66
100
171
272
502
713
829
750
824
976
1143
1266
1086
1000
988
1072
1147
1180
1007
722
525
556
623
468
337
75
-240
-361
-338
-228
-445
-817
-1012
-1012
-994
-995
-1060
-1232
-1375
-1448
-1315
-1226
-1300
-1368
-1304
-1332
-1250
-1141
-1043
-933
-843
-779
-685
-474
-190
-55
-86
32
518
1245
1012
655
693
1399
2340
2436
1962
1569
1837
2442
3018
3006
2806
2443
2170
2379
2958
3345
2863
1864
1553
2144
2604
2297
1426
954
993
1038
834
557
259
-79
-532
-721
-643
-775
-1096
-1572
-1748
-1676
-1824
-1991
-2133
-2166
-2216
-2472
-2525
-2394
-2241
-2209
-2331
-2423
-2292
-2081
-1850
-1637
-1589
-1638
-1528
-1299
-415
-258
-870
-741
-404
516
694
499
364
330
662
1070
1445
1280
1076
940
994
1217
1560
1611
1023
605
851
1152
1116
723
411
222
200
206
233
-41
-511
-690
-667
-443
-590
-950
-1248
-1367
-1157
-1088
-1282
-1362
-1448
-1532
-1497
-1510
-1314
-1200
-1316
-1336
-1496
-1184
-740
-648
-771
-915
-531
-216
52
186
451
855
586
619
969
1606
2154
2048
1713
1654
2081
2566
2897
2707
2694
2533
2351
2496
2826
3235
2774
1984
1729
2186
2550
2213
1503
1023
1057
1034
902
677
314
-53
-536
-616
-525
-694
-1076
-1541
-1641
-1609
-1744
-1900
-2039
-2175
-2280
-2430
-2386
-2201
-2189
-2320
-2460
-2389
-2109
-1895
-1831
-1767
-1679
-1461
-1323
-1026
-644
-632
-547
-435
-84
386
424
365
576
761
922
913
1055
1320
1242
1235
1134
1224
1276
1205
1193
1104
978
783
739
754
675
454
136
-85
-51
26
-195
-602
-849
-822
-735
-829
-1147
-1354
-1292
-1381
-1405
-1379
-1332
-1432
-1722
-1646
-1405
-1169
-1243
-1483
-1479
-1183
-887
-688
-754
-781
-519
-360
-10
146
569
1006
607
449
854
1698
2434
2117
1482
1581
2149
2794
2942
2642
2637
2548
2408
2571
2919
3189
2788
1965
1763
2224
2521
2238
1493
1000
1043
1029
933
647
252
-92
-606
-648
-499
-715
-1093
-1646
-1788
-1607
-1758
-1916
-2115
-2237
-2293
-2473
-2372
-2229
-2260
-2295
-2412
-2348
-2168
-2002
-1746
-1612
-1645
-1601
-1468
-1050
-664
-280
-45
-714
-529
148
756
1160
848
639
475
649
1401
1976
1673
982
595
1051
1588
1770
1609
888
339
565
1103
1257
754
118
-214
-284
51
320
-39
-865
-1292
-1062
-519
-595
-1145
-1423
-1588
-1581
-1353
-1241
-1229
-1493
-1876
-1763
-1442
-1113
-1190
-1446
-1476
-1176
-952
-737
-637
-717
-504
-409
-80
92
585
1091
724
364
561
1661
2517
2187
1499
1485
2045
2683
2929
2711
2486
2379
2478
2551
2799
3005
2688
2011
1760
2247
2468
1975
1358
1190
1308
1047
663
478
330
41
-416
-601
-678
-787
-1061
-1423
-1528
-1587
-1800
-1996
-1997
-1909
-2105
-2438
-2421
-2199
-2059
-2083
-2229
-2258
-2170
-1905
-1588
-1445
-1523
-1463
-1294
-949
-566
-448
-405
-480
-101
408
528
466
531
785
963
936
1064
1172
1237
1161
1044
1218
1217
1134
1031
977
894
764
618
537
539
392
135
-176
-302
-185
-228
-520
-867
-1010
-880
-919
-1096
-1206
-1254
-1347
-1523
-1452
-1175
-1233
-1494
-1616
-1385
-1072
-1119
-1164
-1217
-1006
-882
-702
-520
-477
-295
-301
-118
102
740
1216
719
321
584
1676
2539
2231
1513
1234
1860
2683
3024
2701
2258
2144
2225
2482
2827
2981
2390
1555
1558
2259
2459
1835
1045
841
1091
1004
747
411
77
-178
-540
-598
-561
-728
-1120
-1568
-1624
-1439
-1559
-1862
-1968
-1950
-1988
-2132
-2188
-2042
-1932
-1961
-2049
-2102
-1983
-1721
-1491
-1380
-1435
-1467
-1309
-935
-549
-496
21
-167
-420
-101
243
1010
1145
900
401
299
872
1707
1864
1200
512
602
1162
1460
1547
1114
418
112
565
976
804
251
-300
-503
-378
-39
68
-554
-1139
-1266
-871
-639
-991
-1143
-1272
-1452
-1462
-1261
-1018
-1093
-1435
-1551
-1319
-1036
-905
-1061
-1113
-895
-831
-659
-564
-411
-179
-333
-130
88
590
1119
729
405
531
1405
2371
2192
1381
1235
1804
2540
2792
2505
2275
2031
2094
2395
2727
2825
2328
1609
1531
2126
2327
1804
1027
869
1187
1017
581
272
125
-44
-434
-538
-551
-789
-1142
-1444
-1378
-1246
-1539
-1921
-1927
-1755
-1718
-2020
-2237
-2037
-1861
-1788
-1903
-2022
-1891
-1717
-1440
-1231
-1398
-1361
-1251
-738
-64
-587
-636
-578
27
818
594
345
143
440
957
1326
1153
896
738
859
1088
1265
1382
947
393
506
941
1058
576
50
61
165
84
-98
-246
-459
-649
-756
-625
-729
-977
-1056
-1186
-1134
-1054
-1146
-1238
-1294
-1210
-1045
-1197
-1280
-1133
-936
-759
-1005
-1010
-676
-539
-422
-446
-244
-120
-182
54
471
1030
899
408
467
1118
1909
2206
1758
1212
1417
2038
2665
2577
2269
2109
1896
1936
2254
2785
2612
1728
1119
1474
2130
1986
1359
762
628
700
628
544
217
-113
-487
-739
-616
-594
-798
-1180
-1566
-1540
-1419
-1484
-1577
-1759
-1836
-1953
-1970
-1786
-1703
-1719
-1815
-1864
-1768
-1586
-1407
-1198
-1137
-1256
-1064
-842
-445
-289
-404
-277
69
524
393
275
428
842
1097
984
894
940
996
1078
1197
1197
1000
793
825
800
789
676
426
215
97
120
123
-195
-515
-536
-464
-551
-825
-976
-1013
-1003
-1074
-1184
-1186
-1226
-1299
-1301
-1222
-1159
-1196
-1297
-1184
-1000
-866
-902
-1011
-828
-583
-396
-380
-376
-207
-95
81
282
760
1125
685
418
720
1602
2334
2020
1339
1245
1750
2455
2727
2405
2099
1824
1932
2170
2574
2714
2046
1299
1214
1892
2192
1648
869
525
720
805
657
370
-108
-429
-628
-608
-516
-740
-1145
-1551
-1601
-1356
-1360
-1561
-1746
-1871
-1893
-1946
-1793
-1660
-1751
-1866
-1863
-1696
-1598
-1494
-1330
-1128
-1079
-1190
-1080
-708
-263
359
-132
-647
-262
427
1130
1019
651
364
427
734
1629
1723
1094
533
391
1115
1460
1541
1058
120
-37
581
1052
748
-32
-478
-467
-403
-207
-69
-590
-1169
-1405
-999
-599
-946
-1267
-1452
-1479
-1377
-1294
-1198
-1139
-1381
-1445
-1452
-1300
-865
-896
-942
-949
-860
-548
-421
-335
-44
-128
-26
113
536
1347
1000
501
508
1231
2434
2495
1622
1250
1606
2387
2923
2710
2426
1967
1856
2253
2573
2843
2384
1481
1255
1733
2184
1876
973
584
729
819
570
257
54
-294
-672
-712
-559
-746
-1175
-1544
-1554
-1317
-1533
-1863
-1841
-1761
-1756
-2072
-2153
-1822
-1718
-1741
-1901
-1893
-1630
-1563
-1402
-1172
-1065
-887
-1001
-804
-455
-54
68
-199
126
483
712
541
636
860
1097
1040
945
1212
1161
1143
1026
988
1060
1033
924
797
560
454
356
222
223
25
-267
-492
-645
-505
-508
-778
-1027
-1227
-1200
-1127
-1182
-1203
-1304
-1433
-1466
-1486
-1271
-1085
-1229
-1411
-1390
-1131
-849
-851
-787
-686
-638
-564
-443
-14
185
86
64
238
1023
1407
897
570
806
1919
2626
2093
1387
1321
1952
2724
2842
2580
2178
1734
1888
2351
2877
2742
1750
997
1342
2077
2176
1404
595
479
613
678
542
278
-181
-758
-910
-610
-509
-878
-1394
-1728
-1577
-1424
-1653
-1759
-1812
-1807
-1957
-2179
-1918
-1673
-1648
-1767
-1931
-1716
-1507
-1431
-1178
-1073
-970
-1108
-764
-290
-222
-111
-397
-43
616
876
576
247
401
1061
1396
1089
921
872
1027
1021
1202
1290
948
611
629
847
742
449
79
-3
88
-12
-191
-620
-735
-617
-639
-804
-1200
-1159
-1050
-1184
-1302
-1310
-1307
-1364
-1483
-1415
-1147
-1204
-1231
-1315
-1155
-845
-911
-864
-651
-455
-357
-401
-245
75
128
285
482
880
1194
817
717
1008
1713
2473
2165
1416
1277
1884
2726
2798
2403
2172
1873
1835
2148
2722
2812
1906
971
1107
1893
2119
1493
658
345
503
616
532
220
-221
-669
-938
-728
-521
-725
-1241
-1729
-1748
-1468
-1421
-1571
-1740
-1841
-1952
-2048
-1804
-1570
-1555
-1724
-1910
-1740
-1448
-1232
-1162
-1069
-978
-1007
-940
-563
-158
509
-9
-589
-85
459
1208
1065
644
370
465
852
1541
1555
1089
616
428
963
1255
1451
955
173
-19
402
758
492
-2
-329
-496
-619
-508
-256
-483
-1022
-1450
-1250
-740
-886
-1204
-1412
-1511
-1410
-1287
-1181
-1117
-1328
-1384
-1307
-1182
-856
-876
-833
-803
-678
-369
-298
-282
-95
27
275
421
739
1169
819
627
817
1642
2451
2195
1412
1240
1747
2581
2925
2490
2115
1755
1869
2268
2651
2691
1995
1179
1155
1840
2154
1603
694
424
677
791
578
143
-110
-410
-762
-706
-615
-791
-1186
-1630
-1590
-1319
-1503
-1789
-1845
-1718
-1681
-1978
-1935
-1687
-1619
-1617
-1770
-1688
-1447
-1396
-1278
-1181
-966
-731
-879
-771
-499
-82
153
-81
-18
381
562
625
651
648
895
841
925
1064
1018
977
756
817
1002
938
754
503
370
449
391
147
-1
-152
-251
-419
-638
-547
-584
-754
-948
-1121
-1035
-957
-1136
-1126
-1168
-1288
-1219
-1330
-1097
-923
-1061
-1078
-1148
-902
-634
-731
-551
-442
-423
-292
-248
102
220
258
359
693
1176
926
666
768
1378
2207
2285
1564
1107
1456
2267
2832
2521
2065
1701
1653
1986
2437
2624
2020
1127
925
1538
1960
1639
843
287
350
531
541
352
-33
-467
-893
-848
-508
-537
-967
-1502
-1673
-1363
-1315
-1502
-1588
-1683
-1681
-1864
-1863
-1559
-1479
-1520
-1730
-1778
-1436
-1230
-1213
-1207
-1075
-944
-826
-784
-394
235
-49
-480
-309
382
953
864
485
229
429
826
1254
1225
886
644
556
708
1010
1349
1013
180
-57
408
710
400
-63
-299
-426
-572
-449
-284
-499
-906
-1193
-1033
-748
-801
-971
-1228
-1283
-1121
-1031
-1013
-1068
-1071
-1113
-1123
-945
-721
-704
-706
-662
-435
-255
-175
-156
-52
-4
269
553
801
1214
732
511
694
1517
2431
2163
1286
1007
1572
2384
2817
2416
1971
1559
1700
2154
2456
2489
1887
1130
998
1539
1972
1557
673
283
474
561
358
175
-16
-359
-894
-920
-653
-653
-925
-1423
-1641
-1462
-1464
-1501
-1468
-1576
-1660
-1974
-1959
-1502
-1297
-1364
-1757
-1858
-1450
-1088
-943
-1053
-1149
-963
-781
-515
-397
34
310
-310
-283
185
871
1036
656
367
438
722
1009
1323
1020
653
450
618
839
1021
986
445
-137
-62
461
459
-21
-451
-565
-583
-733
-553
-444
-800
-1247
-1487
-1037
-727
-890
-1146
-1379
-1407
-1128
-1009
-870
-888
-1191
-1166
-1063
-635
-453
-596
-621
-497
-288
-17
132
172
71
229
592
1114
1483
955
692
729
1647
2627
2505
1560
1042
1625
2542
2958
2560
2192
1727
1694
2051
2532
2670
1895
1020
918
1552
1967
1424
554
181
438
557
263
-52
-251
-345
-793
-997
-914
-913
-1054
-1406
-1648
-1562
-1635
-1802
-1709
-1590
-1602
-2029
-2172
-1741
-1382
-1358
-1722
-1940
-1586
-1182
-936
-1039
-1111
-1017
-786
-436
-249
-131
-59
44
119
478
558
604
664
632
813
854
826
809
881
893
794
659
665
753
704
535
276
85
153
116
-29
-272
-461
-571
-677
-662
-638
-678
-993
-1199
-1116
-848
-877
-1095
-1195
-1259
-1044
-1024
-960
-942
-1001
-941
-927
-667
-502
-551
-560
-283
-38
63
-58
121
311
487
724
1047
1456
978
654
870
1764
2583
2424
1538
1096
1610
2542
2984
2475
1966
1679
1697
1970
2462
2599
1867
792
725
1607
2087
1413
365
1
340
577
348
-30
-415
-589
-853
-974
-828
-811
-1150
-1610
-1740
-1472
-1409
-1667
-1833
-1754
-1620
-1839
-1985
-1753
-1488
-1436
-1661
-1775
-1553
-1180
-923
-991
-1131
-1016
-791
-183
188
-271
-442
-272
413
1074
833
292
139
476
1161
1417
966
568
450
835
1065
999
915
472
175
391
629
535
29
-322
-292
-225
-268
-465
-761
-942
-962
-819
-790
-1200
-1326
-1158
-1086
-1183
-1245
-1258
-1198
-1184
-1180
-946
-1034
-1054
-1000
-814
-473
-580
-655
-393
-93
108
97
105
305
551
781
1376
1536
996
697
1114
2302
2795
2352
1509
1273
1986
2898
3202
2632
1984
1797
2002
2284
2743
2734
1846
893
937
1854
2166
1299
380
167
440
479
204
-97
-344
-650
-1055
-1132
-1003
-926
-1290
-1788
-1889
-1706
-1666
-1852
-1895
-1864
-1953
-2166
-2128
-1758
-1570
-1688
-1910
-1931
-1653
-1238
-960
-1014
-1059
-1105
-751
-334
-105
81
18
22
194
566
801
809
761
831
897
942
1008
1106
1119
889
792
815
847
821
653
484
293
130
79
31
-133
-392
-566
-698
-813
-844
-892
-938
-1151
-1387
-1388
-1192
-1123
-1326
-1427
-1467
-1382
-1265
-1230
-1097
-1147
-1199
-1069
-835
-573
-569
-465
-331
-180
-53
198
344
409
638
918
1564
1421
1008
1040
1643
2586
2870
2327
1647
1690
2505
3362
3164
2586
2108
2020
2303
2578
2972
2598
1442
919
1504
2252
1985
899
190
251
541
556
124
-404
-678
-907
-982
-1049
-1109
-1259
-1733
-1971
-1821
-1661
-1818
-2134
-2175
-2062
-2095
-2187
-2113
-1920
-1806
-1878
-1990
-1874
-1636
-1282
-1060
-1031
-1187
-1235
-820
-151
596
22
-602
-384
405
1395
1362
746
248
361
970
1761
1673
1017
481
507
941
1217
1395
956
78
-217
238
664
429
-176
-620
-762
-797
-699
-534
-843
-1280
-1509
-1321
-1136
-1273
-1332
-1400
-1471
-1479
-1452
-1273
-1147
-1162
-1177
-1202
-1081
-842
-658
-493
-443
-394
-277
-101
185
414
455
658
730
1279
1704
1343
1200
1294
2254
3032
2697
1868
1714
2337
3141
3295
2831
2517
2169
2281
2529
2816
2852
2050
1206
1195
1820
2082
1423
483
162
423
516
203
-273
-582
-746
-1014
-1154
-1288
-1378
-1546
-1883
-2000
-1900
-1990
-2141
-2136
-2071
-2118
-2377
-2326
-2011
-1839
-1770
-1925
-2000
-1844
-1591
-1161
-825
-907
-1158
-1084
-628
250
395
-2
-143
158
873
1130
997
815
848
1064
1291
1315
1243
1119
985
938
973
1141
962
480
350
395
361
39
-274
-233
-358
-665
-974
-1041
-989
-1025
-1190
-1393
-1537
-1649
-1445
-1398
-1471
-1619
-1707
-1565
-1408
-1261
-1246
-1325
-1350
-1044
-804
-546
-534
-504
-252
-180
49
287
412
690
759
1139
1648
1382
1236
1246
2020
2983
2870
2191
1839
2242
3038
3428
3105
2728
2441
2431
2566
2866
3056
2525
1631
1206
1719
2230
1800
853
273
376
473
299
-9
-445
-786
-1093
-1121
-1078
-1287
-1624
-1942
-2010
-1870
-1932
-2219
-2266
-2150
-2078
-2307
-2437
-2122
-1860
-1874
-2002
-2006
-1793
-1623
-1470
-1173
-934
-1015
-1112
-1031
-248
692
202
-376
-402
456
1376
1312
867
518
564
1011
1626
1636
1311
761
639
880
1186
1501
954
96
-95
237
532
188
-283
-542
-785
-973
-904
-765
-946
-1284
-1644
-1559
-1455
-1441
-1366
-1503
-1729
-1702
-1618
-1337
-1193
-1341
-1331
-1380
-1077
-865
-703
-600
-460
-340
-232
-86
221
495
551
796
936
1574
1575
1364
1310
1744
2817
3126
2540
1855
2118
2919
3496
3262
2886
2616
2501
2545
2799
3145
2795
1905
1318
1561
2190
2053
1128
334
231
534
416
47
-441
-772
-1033
-1196
-1142
-1201
-1511
-2012
-2186
-1949
-1769
-2057
-2380
-2327
-2148
-2203
-2454
-2290
-1942
-1852
-1986
-2113
-1903
-1594
-1447
-1276
-1115
-1025
-1024
-883
-174
8
77
-133
-178
620
1192
1162
665
465
814
1554
1659
1341
877
816
972
1251
1446
1046
473
128
380
618
479
-108
-656
-682
-516
-460
-722
-1258
-1458
-1382
-1156
-1252
-1633
-1830
-1715
-1505
-1500
-1645
-1772
-1626
-1510
-1316
-1276
-1279
-1211
-1132
-756
-630
-461
-300
-213
-114
44
439
679
792
852
1418
1767
1479
1352
1599
2584
3189
2896
2248
2018
2680
3440
3637
3105
2714
2684
2685
2753
3023
3152
2436
1540
1410
2001
2239
1530
678
278
383
386
134
-202
-606
-927
-1259
-1318
-1238
-1351
-1778
-2224
-2199
-1938
-2048
-2372
-2397
-2227
-2220
-2494
-2525
-2148
-1847
-1908
-2157
-2131
-1834
-1489
-1289
-1244
-1055
-1052
-921
-780
-368
189
198
13
-16
544
970
1038
838
738
917
1202
1411
1318
1070
868
891
1040
1115
971
653
312
173
305
264
-91
-422
-641
-641
-755
-937
-1092
-1261
-1256
-1357
-1514
-1557
-1604
-1496
-1536
-1675
-1632
-1561
-1413
-1298
-1332
-1211
-1221
-1039
-783
-662
-537
-510
-234
-62
22
219
512
569
803
1031
1715
1887
1395
1337
1751
2856
3311
2860
2091
2061
2802
3698
3613
3028
2684
2550
2687
2814
3185
3066
2114
1268
1429
2130
2157
1290
408
139
346
354
116
-352
-767
-1096
-1361
-1320
-1276
-1398
-1901
-2361
-2251
-1946
-2028
-2312
-2398
-2285
-2339
-2517
-2399
-2048
-1866
-2079
-2249
-2106
-1758
-1427
-1325
-1331
-1246
-1183
-632
-346
-344
-53
-171
43
470
871
930
644
495
920
1438
1406
1179
909
931
1025
1220
1311
930
562
458
488
561
419
12
-419
-550
-399
-346
-750
-1175
-1334
-1227
-1058
-1286
-1488
-1631
-1681
-1555
-1470
-1481
-1551
-1605
-1655
-1394
-1190
-1099
-1179
-1248
-842
-678
-576
-346
-132
26
-58
153
556
806
956
1203
1742
1643
1297
1443
2135
3018
3246
2697
2032
2216
3049
3814
3505
2949
2728
2588
2635
2842
3299
3036
1931
1178
1639
2317
2032
1097
344
291
454
371
53
-451
-811
-1085
-1280
-1288
-1310
-1530
-1989
-2270
-2162
-2003
-2222
-2431
-2399
-2285
-2378
-2610
-2390
-2071
-1956
-2086
-2295
-2166
-1753
-1385
-1286
-1273
-1241
-1144
-934
-664
262
347
-296
-400
11
1092
1405
980
454
470
890
1500
1702
1223
811
650
901
1104
1350
1194
351
-146
171
643
393
-296
-674
-645
-673
-934
-882
-968
-1250
-1592
-1687
-1416
-1417
-1513
-1698
-1808
-1725
-1583
-1533
-1496
-1413
-1306
-1305
-1344
-1069
-754
-591
-615
-524
-175
52
176
394
571
813
947
1429
2020
1801
1443
1400
2248
3405
3541
2581
1941
2410
3428
4018
3560
2986
2680
2659
2788
3177
3437
2793
1671
1236
1914
2427
1986
886
179
378
563
359
-137
-629
-855
-1175
-1363
-1354
-1424
-1729
-2216
-2383
-2069
-2045
-2434
-2560
-2436
-2296
-2490
-2657
-2352
-2068
-2024
-2188
-2332
-2018
-1663
-1428
-1326
-1313
-989
-950
-964
-546
-11
340
90
-163
278
872
1071
957
775
849
1042
1193
1257
1202
1092
927
776
849
1068
850
434
139
100
220
-73
-308
-392
-608
-901
-1180
-1100
-986
-1155
-1465
-1727
-1732
-1589
-1558
-1634
-1672
-1760
-1766
-1723
-1629
-1221
-1152
-1361
-1373
-1140
-654
-447
-485
-282
-95
-27
129
499
924
1031
1006
1264
1928
2101
1773
1658
2187
3216
3532
2886
2274
2493
3322
3930
3642
3181
2874
2705
2760
3043
3421
2984
1860
1281
1769
2351
2025
935
292
345
474
271
-215
-603
-784
-1096
-1453
-1493
-1511
-1698
-2129
-2354
-2158
-2164
-2475
-2615
-2433
-2259
-2452
-2705
-2511
-2117
-1959
-2087
-2254
-2060
-1715
-1532
-1316
-1094
-1022
-1061
-1007
-551
101
154
-196
-163
360
867
874
627
614
881
1065
1121
1083
1038
942
806
812
862
906
690
248
82
192
135
-143
-411
-515
-631
-952
-1122
-1002
-1001
-1260
-1584
-1630
-1529
-1528
-1578
-1693
-1643
-1621
-1601
-1567
-1445
-1166
-1186
-1222
-1194
-869
-486
-451
-387
-142
54
169
345
638
884
998
1136
1674
2171
1854
1562
1745
2689
3583
3365
2509
2132
2718
3708
3993
3462
2986
2673
2722
2934
3305
3393
2592
1510
1340
1982
2369
1757
660
202
284
411
169
-280
-631
-986
-1350
-1493
-1447
-1489
-1837
-2278
-2397
-2228
-2271
-2481
-2490
-2423
-2434
-2590
-2574
-2238
-2049
-2125
-2250
-2192
-1873
-1629
-1416
-1261
-1121
-1092
-1078
-775
-272
170
-12
-303
4
622
963
776
499
676
1037
1179
1172
1116
970
823
846
965
1002
729
390
234
227
222
-16
-342
-493
-577
-717
-950
-1220
-1230
-1194
-1378
-1551
-1729
-1781
-1707
-1669
-1641
-1668
-1821
-1804
-1567
-1362
-1146
-1271
-1338
-1157
-893
-550
-433
-264
-99
-29
109
507
870
976
999
1279
2024
2143
1797
1683
2195
3234
3607
3079
2408
2518
3300
3966
3826
3384
3097
2827
2828
3152
3591
3314
2201
1460
1797
2432
2244
1253
464
351
507
394
6
-436
-803
-1107
-1325
-1369
-1482
-1741
-2112
-2283
-2178
-2209
-2478
-2696
-2543
-2343
-2510
-2753
-2627
-2252
-2120
-2251
-2337
-2140
-1889
-1719
-1445
-1256
-1192
-1308
-1164
-662
-73
20
-341
-325
221
771
803
566
511
832
1024
1139
1137
988
882
796
917
1036
936
667
330
193
244
196
-60
-372
-514
-590
-785
-1027
-1109
-1122
-1273
-1460
-1532
-1597
-1647
-1669
-1607
-1545
-1616
-1713
-1640
-1477
-1271
-1169
-1207
-1143
-982
-722
-537
-409
-162
23
42
197
546
846
1020
1073
1491
2058
1881
1579
1708
2543
3453
3331
2586
2211
2714
3533
3861
3485
3108
2887
2768
2895
3213
3476
2910
1791
1420
2010
2479
1998
948
344
404
557
387
-13
-466
-863
-1180
-1279
-1226
-1335
-1692
-2150
-2260
-2021
-2041
-2325
-2451
-2393
-2326
-2460
-2490
-2226
-2055
-2080
-2196
-2156
-1907
-1724
-1508
-1312
-1218
-1319
-1296
-1051
-196
441
-342
-794
-693
391
1403
1060
325
-131
207
1047
1692
1413
753
143
320
911
1327
1351
402
-383
-242
369
659
50
-671
-949
-881
-768
-716
-823
-1252
-1579
-1614
-1290
-1256
-1477
-1581
-1695
-1617
-1503
-1497
-1399
-1368
-1354
-1175
-1174
-1017
-818
-689
-471
-366
-140
-11
16
258
632
815
906
1006
1534
1957
1711
1475
1725
2681
3361
2986
2241
2218
2895
3608
3609
3189
2912
2775
2782
2914
3273
3232
2493
1679
1676
2265
2368
1633
736
490
732
702
273
-221
-533
-665
-871
-1073
-1249
-1433
-1694
-1902
-1855
-1816
-2091
-2404
-2346
-2074
-2052
-2390
-2530
-2280
-1977
-1920
-2106
-2141
-1985
-1783
-1455
-1245
-1102
-1275
-1458
-1035
-377
88
-122
-600
-489
277
718
698
418
255
540
818
1045
1009
777
537
534
731
915
753
308
25
-47
215
194
-266
-567
-705
-668
-784
-994
-1033
-1168
-1374
-1423
-1367
-1322
-1465
-1651
-1546
-1452
-1445
-1464
-1385
-1249
-1133
-1157
-1046
-911
-734
-514
-476
-287
-113
53
173
371
641
755
798
1045
1541
2058
1750
1314
1571
2473
3346
3135
2355
2008
2571
3412
3767
3327
2873
2562
2545
2874
3231
3320
2564
1537
1390
2136
2524
1845
741
334
596
771
456
-67
-447
-658
-884
-1025
-1050
-1217
-1523
-1830
-1902
-1739
-1854
-2137
-2223
-2101
-1971
-2208
-2361
-2179
-1940
-1849
-2056
-2124
-1893
-1657
-1451
-1371
-1262
-1171
-1244
-1096
-583
-177
-223
-497
-415
82
398
425
349
391
483
506
624
825
828
656
447
379
535
661
515
195
7
-71
-146
-235
-257
-387
-681
-1030
-1115
-901
-852
-1101
-1429
-1482
-1422
-1318
-1347
-1445
-1398
-1430
-1454
-1401
-1223
-952
-953
-1065
-1051
-802
-447
-343
-299
-139
30
140
301
522
802
845
969
1306
1864
1902
1461
1456
1989
3018
3227
2613
1989
2149
2976
3617
3475
2892
2488
2448
2765
3080
3288
2826
1861
1394
1840
2480
2199
1141
502
611
893
632
138
-163
-352
-597
-918
-999
-1022
-1190
-1553
-1871
-1825
-1741
-1902
-2085
-2145
-2087
-2190
-2355
-2228
-1983
-1885
-2082
-2211
-2044
-1781
-1536
-1469
-1398
-1392
-1332
-1112
-802
-478
-489
-564
-440
-59
201
179
187
361
531
478
402
606
785
764
564
364
455
484
486
414
204
41
-131
-238
-140
-155
-419
-863
-1103
-861
-684
-867
-1298
-1471
-1329
-1221
-1234
-1330
-1368
-1445
-1428
-1322
-1095
-1000
-1081
-1098
-1038
-741
-484
-394
-458
-344
-30
264
375
327
532
744
988
1262
1548
1905
1575
1370
1709
2463
3197
2930
2206
1883
2436
3316
3693
3166
2547
2291
2506
2903
3068
3013
2332
1594
1492
1998
2273
1722
867
447
582
689
414
25
-294
-515
-798
-1037
-1055
-1055
-1231
-1686
-1973
-1841
-1739
-1918
-2116
-2154
-2076
-2140
-2266
-2128
-1931
-1884
-2014
-2043
-1881
-1626
-1485
-1391
-1324
-1309
-1073
-902
-712
-544
-421
-265
-134
-34
45
195
390
545
531
387
406
667
881
813
437
298
424
560
606
382
96
-112
-210
-91
-39
-286
-653
-967
-908
-725
-767
-1018
-1424
-1501
-1292
-1184
-1230
-1423
-1572
-1516
-1399
-1252
-1112
-1140
-1161
-1167
-1022
-694
-458
-484
-533
-336
15
315
267
353
602
811
1088
1240
1610
1890
1621
1549
1849
2594
3242
2870
2169
2075
2723
3522
3596
2975
2598
2531
2708
2930
3020
2962
2347
1654
1659
2147
2255
1624
789
543
740
747
418
-26
-403
-641
-868
-955
-941
-1099
-1486
-1982
-2011
-1735
-1784
-2086
-2327
-2248
-2096
-2276
-2389
-2279
-2080
-2036
-2221
-2156
-1888
-1709
-1651
-1645
-1402
-1251
-1199
-1183
-587
-16
-470
-755
-645
156
759
668
258
3
116
556
1143
1132
749
244
122
419
1008
1232
544
-380
-413
279
563
129
-440
-763
-836
-797
-548
-480
-979
-1501
-1646
-1204
-927
-1103
-1441
-1687
-1577
-1283
-1213
-1268
-1241
-1204
-1156
-1195
-960
-609
-556
-574
-514
-228
148
183
177
407
679
919
1131
1381
1790
1721
1452
1636
2396
3250
2984
2237
2043
2665
3464
3638
3194
2742
2650
2800
3023
3141
3035
2546
1944
1780
2176
2418
1851
939
597
859
999
570
43
-310
-554
-696
-772
-834
-1119
-1528
-1821
-1834
-1668
-1782
-2118
-2271
-2235
-2140
-2231
-2383
-2272
-2083
-2067
-2233
-2201
-1947
-1779
-1752
-1694
-1388
-1265
-1283
-1245
-920
-323
-317
-530
-531
-211
244
395
370
317
349
375
502
786
970
767
345
229
604
925
668
160
-100
50
145
2
-104
-358
-665
-846
-842
-636
-719
-1103
-1431
-1486
-1253
-1153
-1262
-1488
-1556
-1467
-1406
-1343
-1181
-1050
-1125
-1229
-1122
-705
-477
-487
-501
-310
-19
125
184
404
725
857
976
1194
1751
1909
1522
1501
2051
3004
3252
2599
2085
2278
3090
3664
3522
3013
2632
2643
2883
3105
3256
2950
2077
1607
1978
2482
2233
1271
656
710
892
728
309
-70
-500
-772
-810
-797
-905
-1308
-1748
-1954
-1840
-1711
-1932
-2192
-2267
-2276
-2344
-2469
-2340
-2104
-2126
-2373
-2425
-2099
-1822
-1857
-1876
-1688
-1229
-1126
-1453
-1323
-845
-268
-206
-417
-394
-178
91
420
669
586
392
231
582
977
1074
829
304
240
671
979
709
177
-40
49
80
-12
-43
-271
-763
-1016
-807
-488
-740
-1248
-1417
-1301
-1112
-1200
-1379
-1413
-1373
-1347
-1349
-1307
-1146
-1087
-1140
-1068
-939
-687
-638
-588
-304
-89
69
34
65
509
803
997
1133
1366
1744
1498
1394
1807
2648
3119
2675
2054
2150
2835
3449
3592
3064
2666
2498
2746
3139
3279
3023
2274
1649
1777
2361
2442
1696
793
549
830
900
633
197
-320
-632
-782
-671
-652
-1010
-1525
-1876
-1826
-1576
-1655
-1996
-2190
-2254
-2186
-2266
-2287
-2122
-2100
-2239
-2337
-2199
-1927
-1868
-1895
-1672
-1500
-1340
-1383
-1262
-937
-598
-483
-577
-405
-180
138
238
279
326
415
422
534
760
862
661
359
440
630
735
516
191
72
87
75
-16
-168
-329
-571
-769
-793
-642
-686
-1017
-1305
-1296
-1030
-1054
-1248
-1354
-1342
-1244
-1175
-1201
-1107
-1074
-1080
-976
-933
-694
-595
-577
-372
-138
18
31
7
368
724
900
1082
1248
1554
1455
1416
1785
2400
2818
2668
2197
2076
2602
3229
3503
3105
2689
2557
2656
2898
3147
3097
2504
1763
1657
2223
2412
1883
1070
632
733
875
742
380
-140
-519
-715
-733
-708
-881
-1322
-1758
-1835
-1643
-1611
-1963
-2160
-2162
-2147
-2248
-2334
-2158
-2079
-2219
-2354
-2253
-1959
-1820
-1917
-1841
-1619
-1243
-1196
-1263
-1147
-886
-487
-349
-209
-178
-91
5
321
536
625
498
376
581
791
946
750
527
453
537
628
574
370
157
-56
-118
-38
-40
-312
-719
-925
-755
-566
-757
-1125
-1329
-1262
-1114
-1098
-1225
-1314
-1352
-1335
-1264
-1189
-1073
-1081
-1087
-1039
-906
-682
-640
-531
-334
-82
-59
-107
100
449
786
959
1104
1343
1323
1263
1599
2157
2704
2655
2183
1977
2354
3002
3427
3183
2705
2458
2518
2840
3095
3129
2682
1968
1644
2039
2434
2179
1369
768
751
921
893
570
120
-309
-584
-629
-541
-631
-999
-1468
-1730
-1606
-1483
-1728
-1986
-2103
-2075
-2104
-2231
-2112
-2035
-2130
-2287
-2281
-1995
-1789
-1812
-1847
-1719
-1444
-1372
-1317
-1239
-569
-154
-698
-867
-687
211
724
545
123
-77
118
617
1188
1079
664
105
155
541
1035
1136
388
-330
-276
281
480
80
-400
-681
-773
-805
-510
-435
-912
-1344
-1490
-1090
-958
-1090
-1276
-1450
-1431
-1318
-1218
-1224
-1095
-1066
-1058
-1164
-1038
-654
-510
-435
-461
-287
-78
28
172
450
651
853
1049
1327
1420
1311
1480
1903
2600
2772
2328
1920
2200
2889
3409
3235
2774
2483
2524
2826
3046
3152
2702
2063
1733
2042
2420
2200
1451
793
768
1025
980
546
32
-268
-438
-542
-590
-750
-1046
-1452
-1680
-1541
-1426
-1714
-1997
-2094
-2022
-2037
-2210
-2157
-2033
-1991
-2134
-2265
-2073
-1771
-1706
-1787
-1803
-1512
-1025
-1080
-1324
-1187
-652
-165
-156
-316
-363
-186
190
633
737
448
129
253
777
1105
992
540
129
263
721
918
582
19
-188
-134
-1
101
-80
-534
-965
-986
-586
-442
-851
-1293
-1493
-1305
-1099
-1104
-1220
-1454
-1499
-1445
-1324
-1118
-1043
-1112
-1169
-1138
-819
-581
-564
-483
-328
-198
-80
0
269
642
739
874
1089
1511
1529
1325
1480
2107
2886
2824
2198
1865
2338
3142
3494
3162
2648
2414
2565
2871
3151
3160
2578
1792
1585
2187
2565
2034
1097
616
803
1020
802
402
-34
-428
-649
-651
-574
-708
-1142
-1664
-1821
-1615
-1550
-1773
-2062
-2118
-2093
-2204
-2246
-2108
-1963
-2049
-2291
-2229
-1894
-1688
-1729
-1818
-1680
-1388
-1259
-1292
-1079
-799
20
-357
-884
-603
-164
880
876
429
-71
-122
313
1298
1586
970
105
-195
536
1102
1418
802
-233
-561
-25
622
518
-196
-792
-1054
-891
-520
-230
-782
-1511
-1729
-1307
-797
-1120
-1374
-1528
-1558
-1418
-1323
-1167
-1096
-1175
-1243
-1228
-1017
-660
-619
-584
-398
-301
-130
-106
131
595
673
780
1029
1423
1580
1330
1408
1897
2661
2929
2442
1882
2166
2988
3578
3350
2736
2561
2559
2884
3175
3273
2790
1951
1678
2120
2557
2172
1335
714
748
1044
953
463
-126
-438
-532
-645
-674
-859
-1207
-1628
-1863
-1675
-1592
-1893
-2231
-2210
-2103
-2181
-2390
-2345
-2151
-2096
-2177
-2246
-2121
-1943
-1888
-1745
-1620
-1252
-1211
-1343
-1161
-875
-300
-252
-252
-328
-83
197
540
756
649
545
393
727
1008
1320
1003
442
379
760
1144
898
459
160
76
126
123
177
-102
-622
-924
-825
-520
-598
-1004
-1441
-1498
-1262
-1113
-1266
-1410
-1576
-1573
-1429
-1386
-1199
-1267
-1342
-1342
-1146
-807
-750
-808
-708
-396
-172
-148
-124
204
514
693
907
1219
1516
1309
1240
1664
2378
2965
2704
2092
1984
2540
3369
3666
3142
2645
2498
2763
3113
3238
3101
2488
1782
1796
2314
2506
1891
909
624
849
1007
747
221
-222
-512
-687
-700
-741
-969
-1385
-1803
-1888
-1712
-1765
-2048
-2227
-2257
-2198
-2375
-2438
-2236
-2145
-2183
-2348
-2283
-1973
-1817
-1827
-1794
-1595
-1327
-1330
-1262
-877
-140
-86
-800
-738
-87
859
1098
593
124
147
588
1341
1676
1162
521
160
587
1216
1556
1141
51
-442
159
750
612
-115
-631
-714
-784
-697
-406
-537
-1227
-1712
-1575
-1006
-964
-1324
-1597
-1692
-1544
-1397
-1344
-1267
-1245
-1357
-1366
-1310
-914
-646
-647
-666
-607
-342
-165
-9
284
493
580
801
1145
1584
1433
1236
1466
2205
2997
2841
2131
1889
2531
3380
3665
3122
2651
2509
2718
3095
3292
3132
2483
1864
1871
2347
2470
1927
1053
701
912
1070
792
208
-232
-461
-600
-702
-824
-1038
-1386
-1723
-1795
-1693
-1811
-2115
-2259
-2238
-2187
-2406
-2561
-2352
-2203
-2197
-2374
-2454
-2106
-1918
-1832
-1809
-1611
-1130
-1318
-1248
-1013
-517
-24
-255
-310
-122
250
550
810
755
723
627
697
1098
1345
1353
799
384
722
1251
1232
697
240
205
273
232
201
3
-452
-762
-872
-609
-526
-835
-1246
-1615
-1440
-1096
-1095
-1459
-1732
-1729
-1549
-1500
-1401
-1284
-1420
-1511
-1523
-1178
-791
-759
-856
-755
-519
-221
-95
-68
190
428
794
1081
1384
1399
1119
1358
2097
2922
3010
2326
1878
2287
3157
3788
3487
2798
2467
2643
3131
3381
3293
2758
1974
1682
2233
2695
2290
1255
652
853
1114
946
485
-52
-411
-635
-660
-600
-850
-1250
-1670
-1876
-1724
-1666
-1901
-2163
-2355
-2250
-2271
-2450
-2328
-2182
-2132
-2359
-2479
-2099
-1766
-1752
-1876
-1790
-1327
-926
-1279
-1188
-829
-396
-40
-311
-165
29
248
545
758
737
635
569
801
1133
1179
979
568
453
851
1081
755
315
74
195
175
57
11
-212
-650
-925
-786
-462
-625
-1162
-1433
-1467
-1165
-1064
-1277
-1423
-1554
-1519
-1399
-1343
-1178
-1125
-1221
-1246
-1191
-884
-602
-620
-521
-452
-320
-91
-2
354
565
729
1001
1257
1331
1268
1383
2003
2712
2729
2210
1766
2272
3080
3500
3197
2612
2430
2540
2894
3188
3205
2639
1856
1668
2157
2563
2111
1197
664
813
1062
847
424
-10
-302
-592
-760
-656
-683
-1022
-1586
-1857
-1649
-1575
-1821
-2095
-2153
-2081
-2222
-2389
-2241
-2006
-1997
-2282
-2408
-2079
-1721
-1659
-1803
-1773
-1363
-1045
-1114
-1051
-879
-417
-155
-233
-80
104
332
439
532
674
834
756
743
838
980
1028
758
638
704
802
704
403
242
235
146
-40
-212
-283
-413
-686
-835
-729
-770
-1007
-1308
-1395
-1182
-1139
-1288
-1434
-1504
-1418
-1322
-1292
-1247
-1257
-1202
-1168
-1039
-814
-737
-648
-539
-371
-168
-77
31
205
424
786
1123
1360
1119
913
1320
2111
2785
2607
1984
1650
2190
3076
3509
3171
2538
2270
2475
2907
3213
3187
2540
1787
1624
2177
2589
2066
1175
681
785
1011
849
466
56
-300
-583
-694
-630
-670
-1046
-1587
-1809
-1640
-1502
-1784
-2091
-2122
-2097
-2168
-2303
-2167
-1919
-1973
-2254
-2369
-2043
-1555
-1447
-1664
-1771
-1544
-1234
-994
-933
-332
-221
-751
-700
-309
674
981
572
51
-44
435
1170
1498
1067
499
235
530
890
1319
1210
298
-347
-49
665
753
34
-556
-738
-640
-509
-400
-577
-1062
-1352
-1328
-1099
-1088
-1132
-1287
-1502
-1549
-1391
-1223
-1221
-1232
-1208
-1197
-1212
-991
-745
-627
-599
-537
-375
-268
-140
186
397
499
608
925
1338
1127
1070
1327
2020
2670
2417
1795
1698
2325
3153
3327
2847
2493
2350
2632
2912
3140
3069
2348
1712
1840
2420
2502
1816
986
754
1042
1185
764
221
-63
-203
-376
-612
-748
-812
-1128
-1543
-1665
-1505
-1515
-1947
-2166
-1990
-1888
-2076
-2290
-2237
-1941
-1861
-2112
-2246
-2058
-1660
-1435
-1622
-1698
-1613
-1005
-650
-920
-845
-847
-357
211
295
188
-85
-19
534
1005
1004
751
489
540
789
1058
1193
782
379
390
621
723
434
111
-76
-144
-196
-269
-426
-657
-874
-958
-884
-931
-1111
-1270
-1413
-1304
-1170
-1275
-1383
-1430
-1346
-1241
-1203
-1131
-1085
-1038
-897
-845
-746
-546
-365
-225
-182
-152
113
377
463
692
965
1280
1178
971
1182
1774
2546
2606
1992
1586
1927
2790
3357
3043
2473
2241
2319
2633
2977
3053
2637
1788
1416
1926
2474
2231
1239
591
673
945
837
465
109
-207
-575
-836
-723
-601
-792
-1346
-1822
-1706
-1469
-1510
-1771
-2030
-1998
-2056
-2133
-1971
-1787
-1722
-2023
-2265
-2014
-1515
-1270
-1436
-1677
-1562
-1229
-908
-718
-618
-105
-532
-714
-263
175
882
745
328
67
219
679
1334
1274
790
345
254
719
1041
1250
774
-153
-338
172
586
383
-345
-844
-909
-712
-460
-486
-1015
-1439
-1531
-1189
-967
-1230
-1372
-1553
-1558
-1361
-1286
-1285
-1332
-1276
-1142
-1050
-1024
-881
-804
-673
-369
-329
-165
-219
-37
343
412
683
851
1221
1367
1162
1230
1570
2304
2860
2397
1784
1865
2602
3421
3312
2796
2428
2359
2705
3012
3159
2826
2054
1656
1889
2389
2339
1542
774
717
1054
1028
466
-16
-162
-359
-579
-796
-870
-973
-1331
-1638
-1683
-1572
-1691
-1960
-2077
-1999
-1956
-2170
-2285
-2134
-1859
-1861
-2145
-2242
-1917
-1579
-1426
-1627
-1521
-1176
-1205
-941
-817
-390
-344
-402
-246
4
335
480
622
491
495
523
876
1013
1029
936
579
408
756
1128
870
301
26
181
312
108
-78
-321
-674
-735
-668
-552
-828
-1227
-1268
-1237
-1244
-1209
-1300
-1332
-1480
-1529
-1358
-1264
-1152
-1174
-1270
-1176
-1023
-772
-652
-724
-584
-440
-208
-75
39
171
348
482
806
1138
1434
1542
1115
1276
1861
2712
2895
2216
1793
1994
2857
3482
3244
2598
2244
2451
2909
3032
2899
2549
1935
1567
1868
2275
2054
1173
571
625
842
701
214
-132
-398
-584
-814
-955
-976
-1154
-1485
-1809
-1779
-1662
-1792
-2109
-2201
-1980
-1972
-2190
-2310
-2070
-1823
-1988
-2187
-2020
-1622
-1444
-1546
-1550
-1279
-937
-905
-932
-765
-404
-22
135
-25
-144
154
557
942
892
599
448
597
993
1254
1136
627
392
574
913
938
560
131
-63
36
148
30
-279
-643
-837
-863
-755
-704
-977
-1300
-1476
-1336
-1222
-1256
-1375
-1439
-1489
-1504
-1363
-1220
-1112
-1190
-1165
-1115
-950
-752
-589
-450
-394
-268
-123
15
283
588
714
878
1047
1448
1450
1307
1579
2196
2791
2515
2013
1923
2468
3175
3327
2833
2396
2374
2663
2893
2889
2721
2217
1695
1638
2066
2241
1655
820
544
706
851
572
159
-258
-631
-718
-759
-710
-914
-1418
-1817
-1861
-1590
-1533
-1900
-2231
-2219
-2046
-2093
-2222
-2112
-2001
-2081
-2196
-2034
-1765
-1594
-1616
-1581
-1387
-1135
-1070
-954
-875
-286
237
-325
-472
-372
444
1174
969
559
180
173
851
1589
1603
1028
154
173
748
1372
1522
555
-410
-314
403
753
264
-421
-744
-856
-769
-407
-400
-1019
-1631
-1624
-1013
-880
-1277
-1571
-1715
-1589
-1351
-1284
-1251
-1374
-1400
-1277
-1192
-966
-794
-831
-781
-563
-251
-45
-179
-31
342
610
873
1058
1295
1350
1132
1433
2029
2659
2778
2102
1853
2237
3051
3522
3098
2558
2390
2603
2978
3044
2920
2500
1882
1732
2060
2353
2026
1167
597
683
969
855
306
-242
-569
-644
-652
-724
-943
-1313
-1722
-1862
-1631
-1543
-1881
-2276
-2312
-2096
-2041
-2221
-2279
-2168
-2065
-2095
-2080
-1893
-1709
-1636
-1623
-1518
-1180
-915
-1009
-949
-708
-257
-69
-144
-103
143
391
578
688
683
689
584
833
1064
1121
899
594
651
892
939
732
404
234
231
166
89
-29
-253
-576
-765
-746
-573
-692
-1098
-1362
-1368
-1174
-1087
-1273
-1478
-1606
-1509
-1362
-1298
-1178
-1202
-1265
-1270
-1112
-754
-601
-657
-582
-429
-231
-71
67
314
452
496
802
1150
1526
1467
1135
1396
2001
2735
2759
2121
1788
2163
2977
3369
3018
2489
2261
2439
2774
2895
2896
2422
1689
1519
1870
2227
1841
997
581
601
810
630
201
-157
-541
-697
-730
-771
-962
-1328
-1639
-1767
-1685
-1711
-1879
-2044
-2117
-2097
-2179
-2189
-2082
-1983
-1943
-2081
-2010
-1766
-1660
-1677
-1527
-1243
-883
-1029
-1306
-802
-454
-82
-126
-270
-47
64
324
673
787
587
429
437
896
1146
1066
675
274
562
919
920
503
178
156
113
109
87
-2
-367
-771
-752
-533
-475
-831
-1161
-1219
-1140
-968
-1036
-1280
-1355
-1310
-1229
-1212
-1175
-1056
-1049
-1094
-1088
-875
-636
-615
-609
-448
-245
-23
-17
-18
261
538
791
962
1150
1357
1199
1159
1610
2265
2668
2268
1733
1827
2415
3114
3184
2587
2170
2152
2523
2821
2815
2530
1917
1477
1617
2103
2099
1363
545
456
819
880
494
-116
-548
-537
-476
-563
-819
-1225
-1445
-1580
-1580
-1504
-1643
-1875
-2089
-2043
-1857
-1936
-2076
-2067
-1975
-1916
-1897
-1837
-1745
-1711
-1620
-1418
-1231
-1247
-952
-774
-613
-703
-644
-65
200
390
14
-60
281
799
969
725
462
581
924
896
847
792
701
460
400
601
605
277
-44
-161
-24
-64
-278
-647
-787
-695
-616
-784
-1131
-1202
-1097
-989
-1125
-1206
-1263
-1330
-1246
-1099
-992
-1084
-1164
-1092
-935
-659
-532
-618
-666
-439
-40
181
65
-37
254
604
917
1161
1284
1195
1013
1280
1896
2525
2623
2084
1603
1866
2701
3318
3059
2347
2120
2225
2602
2844
2829
2455
1613
1322
1684
2134
1961
1086
435
384
713
789
373
-214
-603
-634
-637
-663
-814
-1169
-1525
-1748
-1601
-1433
-1631
-1993
-2144
-2034
-1958
-1987
-1998
-1999
-2034
-2031
-1880
-1760
-1735
-1730
-1599
-1345
-1177
-1250
-1220
-962
-656
113
-270
-792
-484
58
919
817
377
148
135
461
1214
1392
980
336
111
712
1039
1274
897
-59
-286
222
703
462
-176
-469
-644
-703
-423
-107
-488
-1290
-1536
-952
-485
-847
-1208
-1320
-1330
-1186
-1070
-966
-966
-1075
-1122
-1096
-904
-517
-478
-594
-586
-329
17
-1
20
230
421
610
862
1139
1304
1126
1053
1377
2039
2663
2408
1694
1565
2213
3022
3132
2619
2225
2058
2303
2671
2809
2590
1939
1471
1550
1945
2060
1558
738
391
654
922
618
-13
-461
-580
-537
-569
-718
-1034
-1335
-1513
-1534
-1467
-1602
-1835
-1987
-2016
-1948
-2019
-2040
-2080
-2057
-1887
-1910
-1894
-1886
-1782
-1519
-1396
-1335
-1127
-1101
-1082
-757
-561
-233
-204
-197
54
132
319
550
662
707
567
604
892
1027
1018
719
502
670
851
781
573
302
210
124
56
147
79
-279
-696
-739
-515
-422
-720
-1087
-1211
-1080
-864
-964
-1173
-1329
-1331
-1211
-1176
-1021
-975
-1114
-1214
-1148
-736
-507
-673
-757
-551
-212
6
-13
3
156
364
707
949
1185
1392
1211
1063
1376
2102
2832
2497
1714
1599
2238
3096
3191
2661
2207
2133
2434
2693
2741
2635
2050
1470
1443
1921
2177
1462
575
374
741
973
471
-134
-412
-496
-483
-662
-878
-1082
-1353
-1598
-1622
-1531
-1557
-1852
-2163
-2117
-1969
-1974
-2103
-2167
-2040
-1958
-2016
-1985
-1883
-1768
-1623
-1482
-1316
-1198
-1140
-1069
-791
-557
-411
-165
-57
66
34
220
572
774
765
518
574
866
1123
1104
795
587
688
866
896
692
499
297
165
223
290
135
-286
-630
-564
-349
-403
-764
-1104
-1050
-916
-899
-1088
-1242
-1259
-1270
-1265
-1233
-1094
-1066
-1174
-1228
-1067
-767
-684
-731
-732
-494
-160
-24
-84
-94
250
544
730
896
1149
1388
1187
1061
1490
2259
2713
2299
1694
1719
2345
3088
3138
2545
2184
2213
2491
2695
2753
2612
1999
1467
1534
2081
2172
1365
551
469
856
928
450
-167
-489
-504
-564
-701
-913
-1158
-1434
-1781
-1792
-1600
-1607
-1979
-2352
-2265
-2019
-2020
-2247
-2330
-2145
-2009
-1981
-2021
-1984
-1785
-1558
-1431
-1335
-1385
-1000
-654
-775
-603
-511
-81
162
159
235
285
459
747
927
800
730
832
1055
991
920
1016
904
655
677
816
726
382
178
228
200
14
-118
-302
-539
-596
-608
-739
-954
-999
-941
-1096
-1302
-1255
-1171
-1233
-1366
-1303
-1178
-1206
-1219
-1152
-1017
-857
-797
-797
-750
-436
-104
-83
-145
-64
322
639
758
992
1240
1293
1150
1214
1728
2401
2647
2184
1649
1820
2639
3166
2996
2491
2204
2291
2430
2675
2859
2580
1866
1410
1638
2138
2052
1273
591
464
806
820
302
-214
-493
-545
-714
-874
-929
-1197
-1609
-1948
-1871
-1633
-1798
-2180
-2379
-2251
-2123
-2227
-2342
-2277
-2126
-2077
-2100
-2087
-1928
-1685
-1547
-1398
-1337
-1253
-1011
-809
-633
-427
-213
-107
62
162
343
523
657
851
885
825
820
1009
1205
1164
970
896
875
893
934
895
622
340
273
370
363
93
-217
-398
-433
-386
-507
-814
-1024
-1017
-898
-1006
-1249
-1351
-1293
-1231
-1269
-1256
-1225
-1262
-1279
-1233
-967
-773
-827
-948
-829
-406
-131
-138
-229
-93
180
510
742
992
1208
1112
993
1165
1780
2488
2522
1912
1538
1905
2764
3112
2857
2440
2148
2260
2526
2805
2912
2424
1726
1422
1746
2242
2021
1217
540
554
909
831
273
-257
-481
-530
-638
-792
-936
-1223
-1633
-1851
-1765
-1596
-1761
-2194
-2334
-2220
-2066
-2120
-2319
-2259
-2106
-2041
-2077
-2164
-1959
-1684
-1494
-1400
-1475
-1268
-1041
-837
-605
-505
-332
-157
-36
109
295
528
713
729
677
653
871
1096
1159
1024
867
800
870
969
943
785
485
327
320
402
365
51
-281
-430
-408
-305
-481
-792
-963
-950
-909
-1003
-1107
-1187
-1191
-1239
-1205
-1093
-1041
-1115
-1237
-1113
-870
-648
-720
-802
-650
-327
-121
-170
-77
93
319
423
652
981
1289
1243
933
1103
1694
2411
2522
1969
1567
1836
2550
3003
2859
2397
2060
2127
2495
2765
2696
2267
1700
1480
1770
2093
1823
1104
627
658
857
625
127
-235
-381
-444
-627
-843
-1081
-1306
-1505
-1642
-1650
-1671
-1879
-2139
-2197
-2078
-2018
-2177
-2299
-2204
-2031
-1956
-2061
-2091
-1912
-1683
-1528
-1457
-1333
-1076
-1107
-1042
-723
-406
-63
-103
-219
-116
109
530
863
766
530
458
706
1028
1178
1105
820
543
662
1023
1027
731
322
236
393
365
280
63
-273
-445
-412
-290
-396
-744
-906
-932
-910
-877
-1010
-1106
-1186
-1249
-1118
-1018
-1016
-1036
-1177
-1075
-834
-706
-658
-740
-618
-327
-188
-100
-8
113
322
462
782
1097
1239
1114
917
1272
1971
2467
2292
1717
1526
2042
2774
3045
2678
2132
1970
2252
2672
2826
2548
1977
1527
1557
1994
2148
1623
804
452
730
1001
708
30
-441
-497
-390
-472
-754
-1105
-1402
-1590
-1575
-1487
-1574
-1898
-2195
-2189
-2008
-1963
-2157
-2270
-2159
-1991
-1999
-2123
-2054
-1799
-1538
-1427
-1470
-1467
-1271
-978
-624
-527
-576
-431
-236
68
242
347
454
492
510
586
782
979
990
787
612
652
903
979
786
494
337
327
364
407
267
-57
-310
-375
-267
-216
-427
-690
-867
-897
-786
-737
-840
-1068
-1186
-1124
-1017
-909
-934
-1029
-1085
-1062
-907
-679
-632
-617
-645
-494
-243
-113
33
39
175
377
621
930
1187
1164
936
992
1517
2197
2451
2032
1516
1614
2275
2906
2927
2377
1950
2001
2348
2696
2727
2388
1744
1373
1642
2090
2037
1337
658
567
862
925
561
-22
-404
-447
-410
-487
-750
-1099
-1404
-1589
-1566
-1432
-1591
-1940
-2145
-2128
-1993
-2046
-2161
-2116
-2086
-2064
-2090
-2064
-1884
-1739
-1623
-1523
-1538
-1271
-948
-878
-793
-928
-620
-97
198
197
-155
-161
309
838
969
705
404
478
737
1016
1089
797
494
414
575
756
656
346
59
-24
96
150
-68
-384
-525
-494
-443
-586
-728
-815
-884
-875
-904
-959
-1007
-1074
-1020
-949
-931
-938
-987
-935
-795
-633
-534
-607
-583
-351
-98
60
31
51
251
570
877
1140
1162
925
895
1362
2120
2475
2095
1503
1494
2173
2875
3026
2518
1989
1895
2206
2696
2856
2531
1811
1340
1567
2086
2160
1502
731
509
765
917
680
181
-274
-491
-535
-505
-598
-895
-1293
-1629
-1683
-1541
-1548
-1782
-2036
-2160
-2145
-2147
-2122
-2028
-2024
-2101
-2185
-2124
-1925
-1678
-1542
-1417
-1521
-1573
-1235
-821
-512
-540
-675
-603
-209
152
297
270
245
383
587
658
710
860
857
677
614
762
905
808
607
496
455
405
307
290
204
9
-189
-317
-323
-273
-315
-543
-849
-927
-788
-698
-773
-979
-1130
-1117
-1052
-902
-850
-919
-992
-1067
-878
-640
-524
-531
-649
-529
-186
31
71
36
111
384
721
1016
1188
1063
825
1017
1621
2284
2369
1806
1367
1650
2410
2944
2802
2196
1853
1931
2329
2710
2712
2180
1461
1237
1710
2126
1829
1041
436
526
841
810
397
-153
-507
-585
-534
-513
-719
-1129
-1534
-1674
-1519
-1385
-1590
-1932
-2096
-2075
-1975
-2020
-2012
-1921
-1941
-2032
-2064
-1917
-1658
-1479
-1453
-1462
-1428
-1224
-938
-636
-561
-578
-533
-302
68
249
230
166
321
567
763
742
712
733
783
817
794
826
820
708
613
555
486
408
283
220
146
-35
-247
-428
-442
-379
-469
-697
-931
-938
-853
-822
-930
-1104
-1176
-1156
-1054
-967
-896
-985
-1067
-1043
-909
-576
-511
-582
-631
-457
-158
-14
-5
45
245
492
780
966
1141
955
893
1254
1885
2379
2175
1638
1459
1975
2693
2989
2626
2111
1935
2179
2582
2801
2626
2037
1415
1425
1947
2204
1709
846
428
656
958
801
277
-308
-588
-593
-492
-522
-862
-1314
-1656
-1685
-1502
-1502
-1758
-2045
-2166
-2092
-2056
-2103
-2067
-2020
-2068
-2126
-2066
-1855
-1671
-1616
-1568
-1548
-1346
-1226
-670
-461
-731
-759
-730
-11
470
472
97
-29
199
798
1133
911
733
622
758
816
961
1087
867
470
416
609
680
429
126
-15
-43
-196
-265
-374
-501
-608
-748
-840
-1007
-963
-927
-1070
-1197
-1200
-1185
-1132
-1182
-1107
-985
-1029
-1039
-1002
-793
-572
-549
-574
-476
-229
20
55
36
221
444
749
986
1183
1216
990
1155
1664
2244
2469
2083
1633
1744
2393
3020
2999
2466
2068
2107
2406
2718
2851
2521
1825
1304
1605
2129
2066
1337
550
396
673
828
557
-62
-583
-724
-696
-635
-757
-1113
-1523
-1836
-1809
-1566
-1618
-1928
-2204
-2234
-2106
-2148
-2156
-2089
-2043
-2026
-2126
-2033
-1856
-1626
-1463
-1441
-1431
-1301
-1094
-831
-474
-530
-484
-372
-114
308
373
334
384
520
678
851
908
898
860
825
829
830
936
947
710
551
454
478
421
238
158
38
-186
-383
-373
-344
-487
-786
-952
-924
-875
-887
-1068
-1188
-1207
-1153
-1103
-1095
-1084
-1094
-1087
-1046
-862
-700
-634
-711
-694
-470
-163
-10
-54
-20
136
385
634
863
1090
1255
1068
1003
1401
2058
2501
2237
1708
1613
2163
2839
3018
2643
2196
2045
2266
2574
2734
2575
2019
1432
1384
1860
2060
1561
749
398
633
850
556
3
-437
-589
-553
-627
-819
-1109
-1456
-1714
-1738
-1593
-1571
-1895
-2223
-2245
-2053
-1986
-2139
-2206
-2117
-1996
-2001
-2026
-1879
-1699
-1549
-1458
-1335
-1067
-924
-960
-855
-582
-214
100
39
-69
-25
195
654
939
799
499
433
711
1081
1169
947
602
466
648
885
895
578
194
40
143
263
209
-143
-558
-634
-439
-324
-576
-972
-1080
-954
-870
-969
-1133
-1189
-1219
-1194
-1097
-973
-1004
-1086
-1126
-909
-635
-573
-602
-657
-449
-111
35
21
61
210
511
624
868
1182
1385
1274
995
1307
1984
2545
2356
1791
1616
2056
2680
2943
2689
2259
2034
2122
2446
2689
2634
2068
1435
1330
1809
2084
1587
754
387
606
811
549
12
-375
-550
-593
-666
-794
-1045
-1350
-1640
-1707
-1580
-1584
-1862
-2160
-2167
-2009
-1977
-2151
-2216
-2068
-1926
-1975
-2090
-1997
-1700
-1377
-1303
-1420
-1447
-1217
-834
-534
-372
-494
-517
-336
73
467
479
354
274
395
666
930
1030
836
568
540
770
967
917
691
410
325
371
473
385
112
-110
-240
-287
-337
-337
-441
-699
-922
-901
-821
-834
-988
-1109
-1089
-1122
-1110
-1097
-1021
-945
-988
-1036
-976
-742
-504
-480
-587
-538
-282
-15
114
188
280
349
453
714
1102
1472
1458
1040
980
1504
2289
2636
2140
1578
1641
2208
2756
2852
2529
2140
1910
2069
2447
2663
2440
1779
1261
1398
1811
1831
1289
669
553
652
529
188
-55
-185
-425
-740
-907
-941
-1020
-1274
-1576
-1649
-1637
-1714
-1897
-2013
-1954
-1932
-2101
-2217
-2039
-1787
-1820
-2066
-2091
-1742
-1441
-1429
-1535
-1434
-1063
-888
-815
-819
-705
-423
-199
4
20
9
52
271
518
664
600
485
489
630
850
803
647
511
502
590
629
550
354
142
55
113
129
-23
-271
-421
-435
-442
-520
-651
-766
-809
-844
-898
-930
-965
-997
-983
-935
-904
-934
-1009
-893
-629
-484
-528
-673
-563
-244
35
150
98
89
228
453
682
914
1131
1293
1228
1028
1179
1670
2225
2351
1938
1577
1651
2177
2671
2711
2374
2020
1889
2021
2312
2541
2379
1706
1171
1281
1715
1806
1277
639
398
414
404
276
45
-264
-644
-904
-922
-861
-955
-1332
-1657
-1679
-1602
-1672
-1911
-2001
-1919
-1916
-2058
-2099
-1926
-1790
-1886
-1982
-1825
-1577
-1518
-1505
-1377
-1119
-1041
-1089
-914
-563
-293
-361
-439
-250
111
282
276
254
352
444
470
564
734
798
601
398
484
752
780
543
310
322
365
244
100
106
76
-149
-366
-407
-319
-378
-572
-709
-756
-763
-809
-876
-886
-900
-931
-935
-933
-881
-850
-824
-717
-617
-585
-614
-542
-345
-148
-99
-44
59
190
366
447
569
682
941
1291
1452
1169
965
1238
1915
2501
2290
1664
1315
1729
2477
2872
2566
2018
1676
1732
2135
2575
2602
1886
1064
1006
1642
2041
1629
782
315
336
537
563
314
-164
-618
-853
-810
-654
-776
-1158
-1615
-1762
-1578
-1493
-1697
-1909
-1944
-1890
-1990
-2113
-1993
-1849
-1818
-1881
-1893
-1789
-1727
-1577
-1311
-1226
-1257
-1349
-1107
-682
-509
-478
-586
-521
-255
43
265
332
265
131
208
491
828
884
588
311
387
719
862
737
533
372
270
261
306
376
256
-99
-349
-314
-158
-152
-395
-624
-727
-747
-704
-686
-675
-748
-950
-1046
-943
-751
-639
-763
-841
-804
-611
-472
-456
-414
-309
-145
-19
133
205
324
318
467
701
1028
1335
1327
1149
967
1293
1895
2402
2271
1709
1361
1681
2402
2848
2645
2013
1673
1796
2203
2489
2449
1925
1304
1113
1472
1860
1615
871
313
268
494
537
224
-276
-690
-838
-844
-796
-918
-1206
-1613
-1861
-1747
-1568
-1633
-1942
-2124
-2095
-2050
-2054
-1998
-1900
-1926
-2032
-2028
-1812
-1562
-1460
-1486
-1492
-1337
-1069
-726
-652
-696
-727
-548
-89
225
316
99
-13
198
598
833
804
647
549
608
723
877
918
787
624
539
590
631
498
341
283
320
215
-47
-250
-206
-140
-257
-475
-656
-709
-752
-731
-699
-778
-980
-1145
-1054
-821
-761
-905
-1066
-969
-757
-618
-618
-665
-573
-404
-223
-95
38
82
124
185
462
873
1152
1241
973
841
1143
1727
2324
2306
1737
1361
1612
2372
2907
2680
2109
1822
1927
2271
2525
2560
2182
1537
1251
1567
1973
1782
1066
459
436
673
693
337
-208
-579
-741
-746
-696
-803
-1152
-1692
-1987
-1757
-1474
-1585
-2043
-2339
-2250
-2082
-2051
-2065
-2072
-2106
-2181
-2127
-1864
-1609
-1589
-1594
-1407
-1391
-1117
-1035
-773
-408
-491
-464
-406
-10
280
434
308
322
481
615
811
889
1015
827
570
614
967
1190
963
544
454
619
625
524
486
372
122
-227
-222
-21
-27
-253
-669
-771
-727
-692
-706
-791
-930
-1064
-1182
-1151
-925
-859
-933
-1154
-1142
-903
-723
-631
-685
-681
-585
-365
-109
58
83
52
173
475
888
1209
1288
1018
821
1162
1831
2447
2336
1721
1405
1746
2516
2912
2731
2245
1964
1997
2246
2634
2757
2321
1543
1229
1622
2061
1868
1130
542
473
596
547
276
-127
-523
-853
-994
-887
-880
-1234
-1792
-2085
-1902
-1677
-1836
-2158
-2343
-2324
-2274
-2287
-2188
-2095
-2125
-2233
-2189
-1923
-1673
-1599
-1600
-1532
-1236
-898
-836
-886
-861
-477
43
220
103
-86
-6
445
902
984
717
466
587
997
1211
1139
901
682
736
942
1124
989
557
303
388
627
676
305
-203
-374
-174
87
-79
-549
-862
-875
-698
-682
-776
-962
-1175
-1228
-1107
-929
-942
-1090
-1237
-1113
-826
-685
-779
-914
-793
-488
-185
-193
-197
-49
61
239
510
876
1217
1042
660
840
1484
2274
2339
1742
1359
1581
2287
2820
2760
2363
2017
1913
2250
2686
2861
2484
1702
1350
1733
2205
2063
1309
702
634
766
718
413
61
-313
-689
-858
-785
-778
-1092
-1617
-1911
-1803
-1669
-1835
-2152
-2271
-2186
-2155
-2303
-2387
-2246
-2043
-2084
-2223
-2118
-1906
-1623
-1597
-1528
-1351
-1166
-1062
-1022
-682
-400
-170
-174
-165
17
295
546
685
711
638
670
853
1097
1197
1062
820
775
985
1210
1134
862
621
544
583
642
594
371
-10
-288
-208
-10
-49
-402
-771
-873
-745
-686
-812
-1019
-1116
-1109
-1105
-1093
-1087
-1106
-1110
-1105
-1010
-865
-860
-865
-780
-591
-371
-344
-312
-117
49
202
313
614
1072
1133
784
736
1272
2082
2359
1851
1419
1539
2155
2741
2813
2470
2105
1908
2143
2623
2922
2656
1812
1273
1624
2217
2165
1417
701
647
813
739
417
66
-197
-488
-750
-838
-885
-1060
-1424
-1760
-1727
-1681
-1886
-2173
-2219
-2011
-1975
-2288
-2493
-2327
-2010
-1909
-2014
-2027
-2010
-1837
-1623
-1393
-1128
-1183
-1299
-1083
-662
-214
-131
-296
-311
-36
331
569
622
564
567
595
804
995
1093
997
739
745
945
1057
920
712
622
609
519
405
373
284
116
-63
-140
-198
-343
-408
-429
-514
-697
-891
-953
-857
-775
-859
-1038
-1173
-1104
-994
-916
-930
-914
-906
-959
-846
-634
-439
-473
-541
-332
-71
107
158
290
696
933
737
590
927
1640
2177
1904
1387
1342
1872
2520
2747
2547
2202
1983
2019
2453
2914
2909
2207
1452
1542
2201
2480
1898
996
704
948
1090
825
307
-98
-311
-438
-540
-642
-897
-1257
-1577
-1622
-1500
-1621
-1987
-2269
-2180
-1999
-2068
-2327
-2418
-2306
-2106
-2021
-2111
-2030
-2061
-1747
-1504
-1414
-1295
-1439
-1176
-812
-430
-301
-409
-442
-167
233
520
619
471
397
510
890
1187
1086
776
638
769
1091
1171
912
585
466
645
823
637
321
73
-3
118
141
77
-273
-616
-605
-389
-291
-518
-881
-1010
-885
-781
-733
-880
-1002
-1018
-1046
-959
-876
-738
-715
-865
-848
-685
-459
-380
-370
-316
-189
-15
251
603
727
564
384
748
1440
1974
1799
1211
1107
1678
2453
2663
2329
1949
1915
2155
2479
2727
2614
2088
1583
1653
2149
2260
1771
1062
797
1035
1147
904
369
-37
-181
-209
-250
-460
-799
-1180
-1462
-1400
-1254
-1400
-1785
-2106
-2103
-1940
-1895
-2014
-2129
-2137
-2113
-2052
-1975
-1875
-1858
-1779
-1644
-1403
-922
-1244
-1290
-1104
-759
-67
-65
-176
-258
-186
127
710
846
759
495
391
716
1082
1368
1034
512
503
893
1097
892
544
394
333
306
354
382
17
-329
-350
-134
-101
-448
-705
-831
-750
-578
-643
-921
-1083
-1063
-929
-907
-959
-944
-998
-1073
-1060
-858
-674
-733
-782
-707
-538
-423
-246
-192
-207
-2
267
711
818
491
315
814
1668
2134
1779
1099
1109
1831
2624
2888
2457
1884
1707
2054
2801
3163
2729
1813
1273
1709
2528
2566
1717
820
668
1084
1269
1020
467
-54
-348
-391
-240
-201
-617
-1259
-1571
-1407
-1133
-1299
-1755
-1977
-1944
-1893
-1955
-2066
-1972
-1947
-2024
-1983
-1975
-1871
-1783
-1616
-1449
-1329
-1352
-1375
-1139
-745
-417
-506
-607
-477
-68
230
260
236
297
400
464
681
841
807
642
577
707
834
840
697
515
499
498
490
379
215
139
77
-77
-231
-171
-201
-319
-503
-633
-670
-670
-674
-750
-796
-935
-957
-961
-896
-810
-837
-858
-954
-866
-669
-569
-587
-643
-588
-429
-266
-118
-109
-48
110
460
792
790
509
501
1105
1734
2015
1551
1046
1235
1914
2541
2617
2165
1793
1707
1978
2620
2896
2531
1636
1159
1687
2355
2270
1476
715
672
999
1057
797
319
-71
-268
-379
-336
-331
-690
-1175
-1505
-1369
-1151
-1388
-1738
-1909
-1820
-1796
-1957
-1999
-1894
-1848
-1893
-1988
-1876
-1715
-1604
-1443
-1452
-1338
-1333
-1225
-861
-599
-512
-561
-536
-271
89
211
276
284
351
436
542
740
849
773
610
563
758
930
820
615
505
508
489
403
303
252
79
-117
-248
-227
-135
-292
-557
-739
-720
-602
-646
-835
-908
-916
-944
-948
-928
-829
-835
-956
-996
-848
-630
-566
-657
-666
-540
-327
-224
-200
-78
-4
87
302
638
887
729
391
632
1329
1932
1823
1210
1039
1506
2221
2552
2330
1949
1823
1862
2154
2583
2697
2214
1456
1278
1874
2310
1917
1144
734
889
1054
905
566
208
-101
-304
-379
-373
-504
-871
-1310
-1445
-1268
-1264
-1533
-1809
-1878
-1775
-1831
-1987
-1927
-1868
-1905
-1978
-1946
-1770
-1666
-1581
-1400
-1233
-1412
-1492
-1172
-577
-195
-414
-747
-724
-193
341
553
369
158
206
445
717
1000
1076
680
327
478
1039
1244
825
390
361
512
578
493
348
92
-154
-211
-151
-100
-208
-458
-739
-823
-709
-599
-760
-913
-938
-1000
-1077
-1096
-893
-749
-888
-1096
-1103
-806
-509
-490
-658
-748
-598
-279
-93
-128
-60
-41
68
386
750
978
729
445
679
1405
2013
1904
1254
1010
1555
2295
2566
2217
1889
1899
2007
2177
2461
2594
2181
1541
1379
1841
2233
1841
1068
692
895
1118
883
376
20
-99
-193
-327
-445
-547
-880
-1322
-1412
-1205
-1151
-1506
-1913
-1910
-1704
-1682
-1890
-2001
-1929
-1836
-1915
-1753
-1613
-1728
-1568
-1646
-1278
-987
-1166
-1201
-1088
-727
-349
-265
-440
-280
-176
79
347
473
554
329
282
629
932
928
645
407
616
850
837
734
594
457
362
297
425
425
139
-226
-401
-207
-87
-304
-638
-808
-755
-623
-705
-824
-925
-997
-999
-978
-866
-804
-941
-1044
-943
-698
-496
-631
-721
-612
-374
-214
-199
-197
-106
72
176
296
461
809
981
781
609
888
1569
2051
1846
1332
1267
1671
2300
2536
2313
2068
1918
1930
2143
2513
2631
2110
1331
1234
1876
2181
1640
807
520
874
978
617
141
-138
-207
-346
-495
-594
-721
-1104
-1475
-1439
-1162
-1184
-1701
-2074
-1926
-1603
-1659
-2003
-2117
-1896
-1706
-1758
-1844
-1809
-1664
-1514
-1239
-1061
-1128
-1373
-1393
-795
-196
-47
-432
-809
-617
28
648
739
418
45
52
507
1041
1268
828
181
111
711
1231
1050
500
160
204
373
585
601
221
-311
-440
-84
123
-77
-527
-758
-675
-594
-587
-705
-823
-823
-872
-968
-945
-830
-746
-833
-923
-765
-657
-685
-687
-521
-331
-342
-436
-355
-79
144
198
65
167
507
979
1093
686
563
939
1658
2075
1746
1239
1177
1689
2333
2478
2209
1911
1797
1868
2178
2498
2406
1775
1245
1467
1916
1923
1320
771
779
902
743
409
170
79
-102
-420
-581
-595
-682
-1000
-1307
-1237
-1133
-1375
-1735
-1788
-1547
-1527
-1913
-2085
-1828
-1584
-1685
-1992
-1910
-1613
-1453
-1364
-1431
-1360
-1235
-1225
-979
-691
-530
-540
-638
-523
-129
199
218
149
159
284
419
569
752
737
478
344
546
869
863
544
348
382
428
399
285
192
125
-31
-128
-205
-217
-231
-338
-490
-619
-631
-636
-675
-679
-668
-782
-922
-891
-709
-628
-779
-911
-767
-543
-429
-479
-515
-438
-324
-175
-72
60
48
118
243
420
658
850
1037
942
802
895
1363
1885
2002
1606
1243
1347
1869
2398
2377
2034
1756
1662
1749
2077
2399
2219
1528
991
1183
1732
1803
1245
565
296
441
611
547
155
-253
-536
-645
-538
-475
-672
-1166
-1559
-1445
-1164
-1198
-1533
-1876
-1882
-1728
-1630
-1641
-1706
-1892
-1876
-1681
-1542
-1416
-1504
-1459
-1384
-1227
-1125
-996
-866
-788
-668
-640
-481
-287
-86
-53
17
137
218
235
299
507
617
493
317
420
641
654
564
503
455
410
293
322
388
372
199
-86
-196
-85
67
-11
-304
-519
-554
-506
-456
-470
-497
-658
-832
-796
-662
-501
-536
-679
-733
-621
-478
-389
-339
-335
-265
-247
-148
-28
98
211
273
272
351
612
1000
1127
811
579
777
1544
2042
1808
1154
871
1359
2143
2449
2091
1635
1441
1582
1868
2255
2311
1773
1057
957
1562
1966
1564
757
355
552
823
726
310
-159
-388
-460
-426
-367
-507
-958
-1450
-1435
-1043
-963
-1423
-1865
-1825
-1500
-1528
-1756
-1819
-1750
-1621
-1805
-1779
-1600
-1386
-1345
-1552
-1506
-1320
-1030
-950
-867
-854
-834
-708
-506
-174
-123
-199
-210
-95
147
298
370
331
264
282
408
569
632
599
426
378
421
545
519
377
369
304
186
8
3
143
143
-67
-258
-310
-322
-318
-323
-304
-426
-674
-766
-611
-392
-382
-611
-777
-684
-441
-279
-343
-407
-388
-258
-97
68
93
22
-51
136
536
701
648
614
814
895
957
935
1305
1764
1709
1340
1067
1426
1974
2210
1914
1707
1671
1635
1632
1870
2252
2035
1206
747
1192
1826
1667
846
299
357
625
535
234
-131
-366
-495
-606
-591
-615
-869
-1349
-1514
-1207
-1004
-1354
-1852
-1905
-1576
-1477
-1627
-1808
-1799
-1904
-1770
-1711
-1134
-912
-2019
-2027
-1826
-687
-12
-835
-1560
-1593
-902
10
459
-189
-626
-816
-345
378
896
828
-42
-605
56
1018
1164
599
92
148
436
653
912
768
124
34
333
701
398
-15
72
142
121
-16
-209
-256
-217
-243
-266
-454
-555
-572
-554
-464
-441
-541
-750
-777
-472
-224
-368
-662
-635
-373
-94
-69
-263
-267
-88
133
151
308
465
446
601
742
789
800
840
1155
1644
1720
1292
1022
1184
1793
2346
2165
1594
1323
1584
1909
2112
2141
1894
1321
915
1286
1818
1731
932
279
389
726
742
328
-163
-368
-345
-319
-455
-663
-862
-1130
-1283
-1166
-1084
-1349
-1716
-1811
-1550
-1414
-1618
-1889
-1911
-1822
-1704
-1609
-1617
-1288
-1431
-1825
-1989
-1579
-650
-397
-945
-1592
-1447
-688
42
161
-297
-633
-548
-70
383
609
567
55
-198
244
918
1111
628
161
289
656
834
858
615
343
237
455
677
511
305
83
57
233
184
50
-174
-270
-114
-104
-260
-500
-575
-418
-319
-408
-568
-725
-658
-378
-374
-393
-515
-595
-385
-170
-46
-143
-239
-153
12
283
196
324
520
667
1066
489
385
767
1421
2013
1551
898
842
1274
1906
2356
1958
1515
1128
1284
1872
2233
2113
1463
768
846
1577
1795
1263
439
155
503
662
473
157
-289
-413
-508
-417
-392
-785
-1101
-1289
-1143
-906
-1155
-1616
-1720
-1542
-1231
-1439
-1784
-1863
-1629
-1402
-1475
-1539
-1697
-1591
-1472
-1234
-1065
-1094
-1152
-1233
-997
-662
-470
-549
-624
-502
-340
-105
-41
34
75
-3
108
220
366
412
374
360
342
453
562
600
575
514
429
422
582
685
579
300
148
250
406
400
267
62
-115
-128
-11
76
-50
-298
-514
-467
-317
-185
-279
-584
-664
-559
-320
-192
-274
-415
-464
-329
-117
44
83
-19
-22
119
296
393
454
362
851
1261
755
436
239
1138
2103
1900
1073
450
707
1641
2339
2065
1527
889
815
1258
1976
2404
1628
390
131
1000
1807
1485
426
-223
-27
377
435
246
-245
-538
-799
-825
-556
-527
-787
-1381
-1594
-1214
-995
-1166
-1513
-1680
-1506
-1406
-1473
-1496
-1428
-1386
-1364
-1352
-1351
-1293
-1289
-1106
-927
-934
-1012
-1020
-747
-594
-578
-560
-462
-411
-369
-202
-38
43
-38
-40
90
269
368
357
255
280
485
628
535
427
485
613
624
545
580
532
426
374
449
447
314
209
189
218
68
-106
-99
-72
-10
-172
-378
-388
-376
-269
-331
-438
-459
-391
-327
-281
-312
-285
-253
-223
-108
-10
41
2
50
198
381
382
302
331
797
1045
985
575
325
916
1614
1865
1316
724
693
1269
1758
1909
1568
1117
836
863
1514
1909
1579
814
310
627
1210
1123
556
59
19
167
174
-6
-249
-522
-701
-743
-670
-658
-976
-1258
-1263
-1073
-1007
-1301
-1585
-1408
-1193
-1198
-1396
-1605
-1451
-1245
-1223
-1169
-1282
-1356
-1282
-1123
-907
-954
-1040
-1019
-871
-625
-516
-564
-573
-434
-247
-173
-147
-76
122
158
47
141
357
539
442
341
482
595
604
508
546
776
730
525
408
548
744
586
312
192
358
460
300
84
-1
29
5
-59
-80
-126
-250
-441
-478
-230
-121
-267
-601
-614
-322
-83
-65
-308
-376
-241
16
241
263
123
60
172
401
605
661
420
501
687
826
1033
701
788
1031
1185
1274
1137
1007
1027
1190
1275
1441
1318
1018
858
950
1161
1248
975
725
529
519
705
588
393
128
-36
46
-100
-342
-380
-492
-539
-742
-930
-837
-829
-917
-1096
-1346
-1230
-1092
-1102
-1190
-1397
-1405
-1403
-1408
-1293
-1151
-1198
-1372
-1539
-1342
-983
-832
-920
-1197
-1206
-869
-560
-409
-526
-716
-638
-399
-56
76
-30
-182
-152
193
476
511
322
222
391
639
720
647
563
535
584
591
706
760
617
389
282
518
656
524
207
41
190
241
153
-43
-141
-133
-174
-208
-299
-332
-356
-346
-271
-246
-287
-377
-298
-89
30
0
-88
-12
193
322
345
356
385
427
552
611
710
682
820
862
797
919
778
974
1114
1140
1118
912
837
1019
1206
1209
1118
883
746
814
974
1077
876
540
427
419
527
548
322
30
-173
-189
-104
-215
-408
-622
-730
-732
-760
-818
-987
-1118
-1103
-1083
-1111
-1193
-1300
-1346
-1313
-1263
-1280
-1318
-1368
-1281
-1245
-1237
-1207
-1213
-1113
-987
-901
-864
-889
-797
-577
-471
-456
-467
-346
-210
-81
-5
10
81
151
275
348
364
370
419
526
631
699
646
529
548
647
818
791
586
443
363
532
590
472
302
83
48
69
55
34
-147
-279
-308
-267
-263
-370
-421
-433
-310
-252
-282
-374
-336
-154
-10
-23
-43
62
176
249
265
397
504
532
465
519
588
737
746
651
750
759
911
900
803
846
855
970
1029
975
903
847
883
963
1010
994
864
699
617
628
775
789
580
309
149
219
316
233
67
-171
-382
-498
-455
-293
-464
-820
-1103
-1024
-759
-768
-1000
-1349
-1390
-1215
-1079
-1030
-1239
-1399
-1431
-1319
-1109
-1042
-1107
-1291
-1332
-1141
-909
-760
-825
-959
-882
-644
-476
-411
-440
-385
-227
-151
-49
25
104
237
254
281
360
428
525
552
570
652
657
634
624
694
751
688
613
525
455
471
427
371
302
116
28
15
3
-40
-165
-243
-253
-266
-270
-339
-355
-328
-329
-310
-289
-234
-159
-125
-128
-59
131
261
317
343
327
419
529
671
743
743
707
642
704
838
951
904
775
687
715
805
814
826
678
524
487
513
642
540
399
298
227
241
213
183
119
31
-59
-128
-129
-81
-113
-219
-287
-296
-267
-343
-428
-374
-353
-424
-538
-550
-425
-369
-484
-597
-588
-494
-438
-472
-534
-552
-546
-531
-496
-442
-419
-492
-556
-545
-435
-371
-438
-487
-442
-381
-379
-393
-338
-240
-200
-240
-253
-176
-73
-6
-1
-4
30
23
12
55
127
184
100
17
19
60
138
138
54
-37
-76
-36
18
5
-92
-212
-264
-207
-145
-147
-248
-346
-351
-278
-197
-140
-169
-267
-270
-178
-10
61
7
-18
14
156
285
319
335
332
402
512
590
677
722
697
735
790
803
838
788
830
876
791
756
728
758
754
672
637
626
606
546
457
419
413
376
318
194
139
142
50
-48
-103
-105
-121
-233
-311
-262
-181
-220
-357
-410
-333
-247
-292
-426
-479
-380
-283
-335
-415
-396
-357
-325
-338
-347
-323
-360
-421
-390
-315
-299
-364
-430
-389
-365
-361
-362
-343
-273
-292
-319
-263
-225
-185
-160
-178
-176
-189
-160
-87
-93
-139
-172
-143
-77
-60
-45
-51
-88
-95
-114
-83
-48
-78
-125
-216
-238
-183
-173
-213
-271
-315
-338
-333
-295
-260
-267
-330
-335
-234
-154
-121
-135
-146
-86
0
100
169
164
143
175
302
447
501
479
456
510
594
671
690
660
662
678
716
725
718
701
693
674
652
651
628
590
563
552
518
446
378
363
357
320
203
114
105
105
93
22
-71
-100
-89
-119
-171
-238
-264
-276
-277
-301
-331
-335
-366
-368
-355
-357
-354
-355
-360
-377
-392
-362
-321
-297
-315
-318
-303
-270
-232
-225
-231
-236
-200
-138
-113
-145
-146
-120
-67
-21
-49
-63
-44
-4
35
37
42
39
48
76
94
94
65
18
32
55
28
6
-25
-37
-71
-127
-147
-134
-139
-187
-263
-298
-281
-274
-281
-316
-363
-396
-397
-374
-327
-321
-378
-391
-314
-192
-119
-115
-146
-123
-31
68
154
169
131
111
164
275
380
395
327
296
356
458
535
524
459
417
437
512
553
522
456
379
366
402
405
405
334
271
236
208
185
153
139
98
66
-10
-82
-98
-71
-26
-73
-151
-219
-215
-156
-131
-151
-202
-210
-184
-155
-154
-154
-114
-72
-67
-89
-82
-38
-2
38
43
8
-27
-34
36
89
52
-8
-51
-8
51
25
28
12
3
6
-27
13
45
22
-4
-29
4
50
23
-3
-14
-13
22
27
13
-15
-56
-45
-53
-61
-78
-101
-108
-165
-228
-234
-203
-202
-254
-319
-338
-324
-302
-316
-342
-357
-381
-380
-342
-299
-305
-349
-347
-290
-220
-176
-188
-194
-173
-112
-39
3
14
-2
24
84
149
221
218
194
222
284
381
417
356
336
385
466
484
407
374
405
422
408
366
347
328
266
227
251
263
188
74
42
113
158
89
-39
-84
-38
8
-22
-103
-135
-127
-99
-87
-122
-124
-130
-128
-110
-113
-90
-85
-84
-51
-17
-3
-33
-39
31
97
96
27
-36
-22
38
77
60
37
36
29
46
87
116
101
62
72
140
160
98
43
38
113
138
83
15
-39
1
32
4
-24
-73
-90
-94
-124
-138
-169
-202
-234
-274
-294
-313
-340
-364
-384
-370
-353
-380
-428
-444
-368
-292
-311
-357
-361
-300
-223
-183
-178
-182
-171
-146
-92
-8
32
12
-14
23
133
198
200
173
189
268
311
317
330
333
349
368
355
372
393
381
362
326
324
344
314
274
240
240
258
214
133
83
83
106
68
-17
-65
-61
-56
-85
-115
-126
-138
-184
-215
-178
-124
-135
-221
-270
-208
-86
-33
-108
-205
-201
-106
-39
-8
-34
-72
-57
-15
84
153
153
95
50
94
180
206
147
90
104
158
187
164
147
152
136
135
140
163
142
90
81
110
131
83
28
7
9
14
-22
-64
-91
-112
-129
-127
-124
-156
-184
-232
-241
-241
-271
-282
-298
-298
-318
-329
-317
-302
-284
-284
-283
-283
-254
-207
-191
-197
-201
-161
-89
-40
-43
-50
-38
-12
43
93
122
110
76
94
162
225
214
161
130
157
188
200
197
160
130
122
152
181
156
98
80
118
158
167
135
115
106
103
94
101
87
35
0
2
41
46
17
3
18
31
19
-3
-24
-34
-50
-53
-39
-37
-24
-20
-28
-32
-29
-9
1
-27
-51
-49
-25
21
51
75
84
78
106
146
170
146
92
76
110
157
166
139
104
112
134
162
170
129
84
55
56
71
67
46
6
-34
-33
-45
-62
-99
-174
-213
-209
-183
-180
-228
-280
-295
-278
-255
-249
-283
-322
-355
-351
-307
-294
-301
-322
-327
-272
-217
-194
-190
-196
-177
-135
-85
-38
-25
-35
-25
17
100
150
151
139
124
152
193
220
227
202
177
185
216
252
240
194
155
134
144
161
139
108
79
56
79
103
89
61
35
34
42
39
22
-13
-27
-34
-11
11
7
-15
-33
9
54
70
54
47
69
92
104
83
78
90
110
123
121
120
116
102
92
95
92
74
52
37
59
79
64
54
52
71
87
59
26
1
1
15
5
2
-3
-13
-12
-4
8
1
-19
-37
-44
-29
-26
-56
-80
-93
-85
-70
-97
-135
-176
-200
-203
-210
-219
-244
-273
-280
-260
-249
-243
-262
-309
-327
-302
-259
-260
-302
-314
-294
-240
-190
-172
-165
-175
-161
-123
-57
-1
-11
-26
-11
65
145
161
163
158
188
224
254
273
245
211
205
256
302
277
228
193
193
206
188
151
112
80
61
48
39
20
-2
-8
2
3
-11
-19
-37
-42
-35
-23
-18
-26
-26
-8
40
73
69
81
128
174
191
173
178
209
215
212
212
232
245
229
216
213
208
194
175
166
149
133
119
111
133
137
122
103
63
33
20
-1
-26
-53
-82
-93
-94
-114
-132
-142
-160
-186
-216
-219
-220
-236
-269
-295
-292
-283
-278
-287
-303
-325
-334
-312
-288
-286
-302
-313
-296
-266
-240
-236
-251
-259
-253
-226
-195
-185
-185
-177
-154
-122
-96
-85
-70
-36
1
28
43
59
62
62
77
110
130
128
127
142
182
203
213
202
197
209
222
239
238
221
202
196
198
180
156
124
98
88
73
58
49
48
40
18
12
28
48
48
36
33
39
54
59
50
37
31
39
51
61
81
101
114
124
154
191
202
187
168
179
201
204
193
177
182
197
196
169
148
143
135
120
115
126
133
115
90
70
57
40
2
-40
-82
-109
-131
-155
-167
-190
-203
-213
-230
-244
-256
-274
-285
-286
-283
-291
-313
-337
-350
-344
-340
-347
-362
-367
-352
-323
-296
-273
-240
-216
-192
-162
-144
-133
-138
-133
-110
-84
-62
-45
-32
-15
7
42
80
111
126
134
161
191
207
213
205
197
185
170
175
174
155
127
118
138
148
139
126
110
90
62
47
47
32
8
-16
-20
-25
-31
-42
-46
-38
-51
-67
-62
-41
-28
-26
-3
33
56
66
60
65
68
70
89
102
114
122
144
177
195
201
224
249
261
256
250
262
277
267
247
238
238
227
210
203
192
169
149
142
143
132
92
62
50
33
6
-30
-59
-87
-110
-108
-115
-142
-173
-191
-186
-198
-218
-237
-244
-249
-262
-274
-278
-294
-322
-337
-337
-331
-351
-374
-360
-323
-305
-309
-310
-293
-277
-265
-247
-231
-230
-222
-195
-155
-128
-127
-113
-77
-39
-6
14
33
58
86
139
182
191
172
151
168
186
187
169
155
166
188
208
199
179
155
132
124
127
114
87
61
52
58
60
44
21
9
-1
-7
-4
-11
-27
-33
-16
8
15
11
3
5
25
45
64
88
107
123
143
177
203
213
208
195
196
213
239
259
265
262
265
278
298
299
272
238
220
211
193
178
166
149
126
101
83
62
23
-22
-59
-77
-100
-128
-151
-166
-176
-187
-208
-237
-261
-290
-308
-312
-315
-324
-334
-335
-317
-301
-301
-318
-344
-355
-361
-360
-342
-325
-314
-300
-280
-254
-234
-219
-212
-207
-182
-158
-138
-108
-76
-50
-30
-14
16
50
58
62
78
101
127
153
185
218
229
220
215
225
233
215
191
197
219
228
205
171
163
172
158
121
93
79
66
65
62
66
61
32
15
13
17
4
-23
-37
-25
-3
15
16
14
16
26
46
56
57
54
58
81
122
155
171
175
185
196
205
212
200
183
176
179
185
202
209
205
186
167
157
146
126
92
65
49
28
15
15
0
-25
-56
-82
-96
-126
-162
-186
-202
-213
-224
-228
-229
-240
-264
-279
-272
-267
-288
-320
-321
-292
-275
-279
-282
-273
-263
-268
-266
-250
-244
-256
-255
-225
-190
-180
-182
-175
-150
-122
-109
-89
-69
-63
-52
-29
0
25
31
42
65
90
117
136
150
166
180
200
221
229
235
239
242
252
258
260
270
266
239
225
223
214
190
165
149
139
124
116
111
92
71
43
28
21
-1
-24
-43
-52
-45
-40
-44
-51
-56
-54
-48
-37
-36
-40
-40
-18
11
25
40
47
66
87
103
118
116
123
137
144
159
164
160
159
159
172
168
147
135
125
118
108
89
75
48
15
-6
-24
-44
-69
-101
-126
-143
-164
-184
-204
-217
-230
-261
-283
-284
-278
-277
-284
-288
-283
-286
-281
-275
-274
-279
-285
-265
-249
-235
-226
-230
-214
-189
-168
-162
-163
-155
-142
-116
-84
-56
-38
-29
-9
20
47
65
70
77
89
114
139
149
158
176
198
211
216
222
216
213
213
224
246
240
229
220
221
229
222
206
184
162
145
139
143
148
140
119
102
101
106
100
84
61
40
27
26
31
33
24
4
-6
-7
-7
-12
-24
-32
-36
-22
0
9
10
3
0
11
29
33
27
28
29
40
55
69
68
58
46
38
34
30
21
18
18
4
-5
0
-13
-32
-53
-82
-102
-123
-135
-138
-149
-167
-178
-178
-181
-192
-210
-231
-244
-242
-237
-231
-226
-240
-241
-229
-218
-219
-229
-230
-227
-221
-201
-177
-165
-159
-153
-132
-111
-102
-96
-95
-76
-58
-44
-25
-10
8
23
36
56
69
81
86
107
132
148
164
174
186
192
194
198
206
201
197
208
221
232
227
231
238
234
221
214
219
216
204
198
205
197
182
176
169
162
134
116
115
112
108
99
94
94
86
70
60
53
35
10
11
19
17
11
10
17
19
20
7
-8
-21
-26
-24
-24
-22
-30
-39
-51
-53
-47
-56
-80
-97
-105
-103
-93
-88
-88
-103
-104
-103
-111
-118
-147
-160
-159
-157
-157
-165
-165
-172
-178
-185
-189
-187
-199
-220
-220
-208
-196
-194
-199
-204
-211
-210
-211
-207
-203
-206
-198
-175
-146
-131
-133
-123
-104
-88
-73
-70
-66
-59
-50
-22
13
34
32
29
38
61
85
88
91
102
122
142
164
188
191
185
181
190
206
208
207
216
228
244
259
273
272
264
262
257
249
246
245
239
231
224
221
215
195
174
161
152
140
128
124
121
110
102
98
91
80
62
49
37
31
16
1
-1
-11
-22
-27
-36
-42
-48
-55
-62
-65
-61
-64
-73
-78
-80
-87
-96
-103
-105
-115
-128
-130
-133
-138
-145
-141
-136
-144
-151
-151
-146
-148
-160
-167
-169
-167
-172
-180
-191
-197
-199
-197
-195
-202
-204
-202
-204
-198
-191
-185
-180
-180
-174
-163
-158
-154
-157
-160
-148
-128
-111
-102
-93
-86
-75
-57
-39
-30
-27
-15
7
20
29
46
61
67
76
95
118
128
127
140
160
177
184
193
198
203
209
210
220
221
217
220
218
231
238
236
243
252
257
245
237
231
218
201
197
206
196
183
174
164
157
148
140
144
141
121
108
106
100
91
77
64
59
38
16
10
-1
-27
-40
-42
-45
-52
-54
-49
-51
-62
-69
-73
-81
-91
-103
-115
-120
-126
-141
-150
-155
-164
-174
-185
-178
-174
-182
-179
-172
-172
-187
-203
-205
-198
-198
-204
-211
-217
-220
-221
-213
-206
-204
-199
-184
-168
-154
-149
-150
-150
-139
-124
-112
-116
-116
-112
-111
-105
-94
-69
-63
-61
-53
-33
-11
-9
-4
12
30
38
38
49
64
70
73
84
104
109
115
129
147
159
166
173
178
184
186
189
197
204
198
190
184
187
194
200
202
203
206
210
223
230
217
202
195
194
186
173
169
166
158
153
150
141
125
116
109
99
96
90
76
64
54
51
38
13
-2
-13
-18
-29
-43
-50
-58
-60
-72
-76
-70
-76
-91
-111
-110
-107
-117
-124
-133
-138
-155
-164
-167
-167
-165
-174
-177
-182
-176
-171
-177
-180
-175
-177
-180
-184
-188
-181
-177
-179
-183
-177
-171
-177
-174
-167
-160
-157
-152
-146
-147
-150
-149
-135
-126
-121
-118
-117
-101
-89
-75
-65
-57
-50
-32
-7
18
27
28
45
60
73
80
89
92
93
108
118
127
129
131
137
152
170
176
169
160
166
176
191
201
196
193
199
211
212
214
220
213
202
201
221
227
219
208
205
207
200
189
182
174
158
152
148
141
125
108
103
104
89
61
56
51
42
27
19
23
14
2
-7
-5
-6
-27
-46
-51
-55
-75
-88
-93
-100
-115
-134
-131
-132
-147
-166
-166
-164
-174
-187
-197
-200
-204
-208
-204
-203
-213
-225
-227
-215
-212
-221
-225
-225
-224
-222
-213
-198
-193
-204
-206
-192
-180
-176
-171
-169
-166
-159
-146
-126
-111
-111
-106
-95
-79
-66
-60
-54
-43
-28
-16
0
13
22
38
51
67
81
95
105
104
114
130
138
134
131
142
153
147
148
167
184
193
194
201
219
223
215
214
222
225
219
219
229
231
222
217
218
221
211
202
195
185
177
180
185
178
168
158
149
138
119
110
99
94
89
79
73
65
58
51
45
36
23
-1
-22
-32
-39
-41
-48
-59
-69
-70
-77
-91
-110
-119
-119
-130
-146
-154
-157
-165
-176
-177
-177
-183
-200
-205
-202
-203
-201
-204
-199
-194
-202
-204
-200
-208
-217
-230
-233
-219
-220
-230
-233
-226
-218
-209
-197
-188
-182
-181
-173
-163
-149
-138
-133
-121
-106
-98
-89
-79
-71
-57
-37
-22
-1
18
28
32
43
66
86
96
101
107
120
134
149
163
172
177
185
201
215
214
211
218
228
234
236
234
235
232
229
228
234
231
222
219
212
210
206
202
198
193
186
185
176
163
154
147
146
136
129
122
111
100
92
95
101
92
74
62
60
58
45
34
24
6
-8
-15
-22
-38
-55
-67
-66
-66
-81
-91
-89
-92
-100
-110
-118
-129
-149
-168
-174
-173
-183
-200
-209
-207
-203
-205
-208
-212
-220
-234
-237
-237
-239
-234
-230
-231
-233
-232
-227
-226
-228
-223
-217
-209
-203
-202
-189
-164
-147
-138
-127
-124
-121
-118
-107
-95
-85
-79
-74
-55
-33
-17
-7
1
17
29
43
50
55
67
84
106
119
127
133
142
155
164
174
182
191
197
204
217
230
242
248
247
243
244
240
232
230
225
219
219
213
209
206
209
208
208
212
208
196
186
184
183
180
163
141
130
121
107
91
79
73
62
53
49
43
34
25
13
7
-5
-27
-42
-47
-60
-77
-82
-84
-92
-108
-116
-113
-105
-107
-111
-112
-111
-114
-122
-129
-144
-158
-170
-179
-185
-195
-200
-199
-190
-185
-185
-190
-192
-195
-192
-189
-193
-198
-203
-197
-198
-196
-190
-195
-198
-201
-192
-185
-186
-179
-162
-136
-125
-121
-113
-105
-105
-106
-92
-78
-67
-65
-53
-26
-7
0
6
29
44
51
54
68
91
94
104
122
145
148
147
161
179
189
192
201
208
217
221
224
230
227
220
213
216
214
211
203
195
204
218
217
211
205
200
194
185
180
179
168
143
125
125
120
103
82
69
68
60
47
43
43
38
27
28
24
14
-4
-23
-35
-43
-52
-63
-71
-75
-76
-80
-85
-85
-80
-83
-88
-83
-78
-79
-83
-89
-99
-108
-122
-131
-129
-125
-129
-139
-137
-137
-134
-132
-134
-130
-123
-125
-128
-123
-122
-127
-134
-141
-150
-162
-177
-174
-170
-181
-184
-175
-163
-160
-161
-156
-148
-142
-137
-130
-121
-118
-113
-99
-90
-84
-79
-77
-74
-70
-67
-54
-29
-14
-1
22
46
61
69
81
91
107
122
136
159
179
184
178
186
189
187
182
182
191
199
210
222
234
238
232
230
231
228
216
212
216
212
202
201
197
188
172
150
137
126
111
104
101
102
99
92
89
72
59
50
38
27
16
5
-2
-8
-17
-19
-21
-32
-42
-55
-66
-74
-80
-79
-79
-79
-83
-86
-93
-98
-103
-109
-113
-125
-128
-125
-127
-129
-134
-137
-140
-147
-151
-156
-155
-156
-157
-151
-149
-147
-149
-148
-157
-161
-162
-167
-168
-169
-168
-169
-167
-163
-157
-154
-149
-140
-137
-130
-130
-121
-112
-102
-86
-74
-59
-46
-31
-23
-26
-21
-15
-9
-4
7
27
51
66
83
111
124
126
129
142
158
162
164
176
193
197
194
202
207
204
198
199
204
207
208
210
211
205
193
184
176
164
144
136
142
135
133
138
132
122
102
83
70
57
38
26
26
26
18
7
1
-3
-15
-34
-47
-52
-53
-62
-64
-59
-56
-56
-63
-67
-72
-80
-91
-98
-94
-88
-82
-80
-70
-59
-64
-64
-62
-61
-59
-58
-51
-43
-43
-51
-58
-59
-65
-73
-79
-81
-87
-94
-90
-82
-77
-78
-79
-78
-83
-89
-89
-86
-89
-93
-89
-88
-94
-109
-115
-118
-126
-137
-147
-137
-132
-128
-115
-93
-83
-83
-78
-64
-59
-66
-58
-51
-43
-37
-23
-1
15
27
32
46
57
64
83
103
113
127
146
160
170
178
189
195
191
193
201
203
201
195
192
187
178
169
166
165
159
157
159
163
168
158
146
138
122
103
82
65
48
33
18
2
-6
-21
-33
-41
-46
-54
-61
-59
-55
-48
-53
-54
-52
-55
-66
-80
-90
-91
-92
-97
-94
-84
-72
-62
-60
-56
-45
-38
-39
-42
-38
-30
-28
-29
-27
-24
-19
-21
-32
-38
-36
-39
-48
-56
-58
-59
-62
-67
-66
-68
-75
-76
-77
-77
-78
-84
-86
-94
-105
-112
-125
-135
-150
-154
-150
-146
-146
-145
-125
-104
-89
-75
-66
-55
-51
-58
-52
-51
-40
-30
-29
-19
-9
14
29
38
52
64
78
88
98
116
132
139
147
160
179
188
183
182
182
181
178
179
179
176
168
163
165
161
155
147
149
152
142
128
124
122
107
90
78
74
62
40
27
24
16
3
-3
-10
-20
-36
-48
-57
-57
-56
-57
-55
-51
-53
-57
-50
-50
-56
-69
-76
-70
-73
-81
-81
-78
-70
-74
-79
-73
-73
-73
-67
-58
-45
-36
-30
-24
-23
-27
-27
-33
-46
-53
-61
-67
-75
-76
-75
-75
-72
-77
-77
-77
-77
-72
-80
-82
-80
-86
-89
-95
-97
-99
-107
-118
-118
-115
-120
-115
-98
-79
-68
-61
-50
-37
-30
-29
-27
-15
-6
-7
-4
14
25
24
32
49
67
74
80
102
119
117
126
143
159
160
158
163
169
166
167
176
182
178
172
179
177
164
154
151
148
136
124
118
110
97
84
80
68
56
44
36
26
12
1
3
4
-1
-12
-21
-30
-44
-53
-63
-69
-74
-81
-78
-82
-78
-73
-71
-72
-79
-82
-80
-70
-64
-62
-59
-61
-59
-60
-65
-59
-57
-56
-49
-47
-39
-35
-33
-20
-14
-9
-12
-14
-19
-26
-31
-38
-43
-49
-49
-57
-61
-66
-65
-62
-70
-74
-73
-68
-69
-79
-80
-75
-79
-82
-80
-82
-84
-87
-90
-89
-83
-82
-74
-62
-53
-45
-39
-31
-22
-11
-4
-1
10
19
29
38
44
51
57
63
78
86
84
90
106
116
123
135
148
152
148
148
150
153
150
147
150
142
131
125
123
114
101
98
94
84
81
77
70
64
57
52
50
49
40
31
29
15
2
-1
-8
-22
-36
-40
-44
-54
-61
-63
-60
-59
-62
-57
-47
-42
-44
-39
-30
-26
-31
-33
-32
-26
-31
-41
-43
-40
-43
-52
-49
-43
-41
-44
-38
-34
-37
-42
-46
-35
-39
-43
-46
-47
-50
-63
-69
-69
-73
-81
-84
-84
-81
-85
-88
-85
-86
-87
-90
-89
-84
-88
-90
-87
-94
-97
-95
-93
-87
-79
-78
-70
-62
-54
-45
-33
-20
-6
4
11
21
33
40
40
48
62
63
64
69
80
88
91
98
107
122
122
120
131
138
139
134
142
149
148
144
150
147
132
133
129
124
114
105
110
108
99
89
86
87
76
68
72
66
61
56
50
45
29
16
7
3
-8
-24
-29
-32
-39
-46
-51
-51
-50
-53
-53
-53
-59
-61
-58
-57
-61
-62
-64
-65
-68
-78
-80
-72
-74
-82
-80
-78
-75
-76
-75
-76
-79
-86
-92
-80
-79
-86
-82
-70
-65
-71
-69
-62
-67
-70
-71
-70
-72
-67
-66
-69
-76
-76
-70
-72
-73
-71
-65
-56
-51
-51
-50
-42
-36
-34
-33
-22
-9
-4
1
13
19
17
21
25
35
44
49
58
66
75
78
77
82
84
83
88
98
101
107
110
116
115
107
109
105
105
102
104
109
111
111
111
109
103
103
98
93
83
75
77
69
61
58
49
42
33
19
8
0
-3
-5
-9
-6
-10
-14
-14
-18
-24
-25
-21
-23
-25
-28
-32
-34
-37
-38
-37
-37
-46
-47
-42
-43
-47
-51
-50
-47
-46
-50
-54
-52
-48
-50
-51
-51
-54
-57
-53
-50
-46
-43
-45
-50
-51
-52
-57
-62
-59
-60
-65
-59
-53
-56
-60
-59
-61
-65
-68
-72
-70
-72
-72
-67
-65
-62
-62
-65
-62
-60
-57
-47
-42
-32
-21
-12
-4
2
10
10
8
11
17
17
23
34
43
51
57
63
62
65
70
73
85
87
88
97
100
99
96
98
101
94
92
93
92
90
87
87
92
89
83
82
83
79
67
61
64
62
45
32
37
37
32
22
19
18
11
4
5
7
-5
-10
-7
-9
-13
-21
-21
-17
-20
-24
-30
-27
-30
-31
-26
-25
-25
-23
-21
-18
-26
-36
-36
-35
-31
-34
-35
-35
-34
-31
-34
-27
-29
-36
-44
-45
-44
-45
-45
-47
-49
-57
-63
-68
-63
-69
-71
-69
-67
-62
-63
-60
-61
-63
-63
-65
-68
-73
-73
-72
-66
-63
-61
-56
-48
-48
-50
-46
-42
-36
-29
-23
-17
-13
-9
-1
4
11
18
19
24
32
38
49
60
63
72
82
91
93
94
96
99
102
96
97
97
96
97
96
103
102
93
88
90
87
89
86
83
83
74
66
57
54
47
42
37
33
32
27
27
25
22
17
10
6
-4
-11
-15
-26
-29
-34
-39
-43
-46
-54
-59
-59
-57
-56
-60
-60
-55
-51
-48
-43
-38
-38
-45
-54
-50
-51
-55
-60
-60
-49
-44
-49
-55
-49
-44
-47
-46
-36
-27
-34
-41
-37
-30
-28
-34
-36
-31
-29
-36
-36
-32
-26
-26
-25
-19
-17
-14
-12
-5
3
4
0
-3
0
-1
-4
3
6
7
3
0
7
11
9
11
14
24
22
19
30
34
38
39
44
41
38
40
47
54
49
49
46
46
44
44
44
41
37
36
40
45
39
41
49
51
51
44
41
35
31
29
30
33
27
16
16
17
17
6
-2
-2
3
0
-6
-5
0
1
-10
-8
-6
-10
-22
-28
-22
-22
-25
-28
-22
-15
-22
-24
-18
-16
-20
-22
-16
-13
-21
-24
-20
-21
-29
-31
-26
-26
-35
-42
-37
-33
-34
-35
-27
-19
-17
-17
-16
-12
-17
-23
-21
-18
-25
-31
-32
-29
-28
-34
-36
-34
-36
-39
-41
-39
-36
-35
-30
-20
-11
-15
-22
-22
-22
-21
-20
-18
-18
-18
-18
-11
0
3
1
0
9
14
15
21
29
36
42
43
45
47
47
48
50
51
49
55
61
63
67
66
67
65
66
71
65
65
66
65
68
61
60
63
65
57
49
47
45
42
