SAMPLES:	23213
BITSPERSAMPLE:	16
CHANNELS:	1
SAMPLERATE:	16000
NORMALIZED:	FALSE
0
0
0
0
0
0
0
0
-1
0
0
0
-1
0
0
0
0
0
0
-1
-1
-1
0
0
0
0
-1
0
0
0
0
0
0
0
0
0
1
0
1
0
0
0
0
0
0
1
-1
0
1
-1
1
0
0
0
0
0
0
-1
0
0
0
-1
0
-1
0
0
0
0
0
-1
0
0
1
0
1
0
0
0
0
0
0
0
0
0
0
-1
-1
0
0
0
0
0
1
0
0
1
0
0
-1
0
0
0
0
0
0
0
0
0
1
0
1
0
-1
0
-1
0
0
0
0
-1
-1
0
0
0
-1
0
-1
0
0
0
-1
0
0
0
0
1
0
0
-1
-1
0
0
1
0
0
0
0
0
0
1
0
1
0
0
0
1
1
0
0
0
0
0
0
0
0
-1
1
0
0
0
0
0
0
1
1
0
0
0
1
0
0
-1
-1
-1
0
0
-1
-1
-1
-1
-1
0
0
0
-1
-1
0
0
0
1
1
1
0
1
0
0
0
0
0
-1
-1
0
-1
0
0
-1
0
0
1
-1
0
1
1
1
1
1
1
2
1
1
1
0
-1
-1
-1
-1
-2
-1
-2
-2
-1
-1
-1
0
0
0
0
0
0
0
0
1
1
1
1
2
1
0
0
-1
-1
-1
-1
-1
-2
-1
-1
-1
-1
1
0
0
1
1
1
2
2
1
1
1
1
2
1
0
0
0
-1
-1
-1
0
0
0
0
0
0
-1
0
1
0
1
0
0
2
0
0
0
0
0
-1
-1
-1
-1
-2
-2
-1
-2
-2
-1
-1
0
0
0
0
0
0
-1
0
0
-1
-2
-1
0
-2
-1
-1
-1
-1
-1
-1
0
0
-1
0
-1
0
0
1
1
1
1
1
1
1
1
1
1
1
0
1
1
0
1
0
0
0
1
0
1
1
0
0
1
0
0
0
1
0
1
1
1
0
0
1
1
0
1
0
0
0
0
-1
-1
1
0
0
1
0
0
1
1
1
0
0
0
0
0
-1
0
-1
-1
-2
-1
-1
0
-1
-2
-1
-1
-1
-1
-1
0
-1
-1
0
-1
1
0
0
0
0
0
-1
0
0
-1
0
0
0
0
0
1
0
0
0
0
0
0
0
0
0
0
0
2
1
1
1
0
1
0
1
1
0
1
0
-1
1
1
0
1
0
1
0
0
0
1
0
0
1
1
0
-1
0
0
-1
-1
-1
-1
-1
-1
-1
0
0
-1
1
-1
-1
0
0
0
1
0
0
0
0
0
0
0
-1
0
-1
0
-1
1
0
0
1
0
1
1
0
0
0
1
-1
0
-1
0
0
0
0
0
-1
0
0
0
1
1
0
0
0
0
-1
0
0
0
-1
1
1
-1
0
0
0
0
0
1
0
-1
0
-1
-1
-1
-1
-1
-1
0
0
-1
0
0
0
0
-1
0
0
0
0
0
1
0
0
0
0
0
0
-1
0
0
-1
-1
0
0
0
-1
0
-1
0
0
0
0
0
0
0
0
1
1
0
1
0
2
1
1
1
0
0
0
0
1
1
1
1
1
0
0
-1
1
0
0
0
0
0
1
1
1
1
1
1
1
0
0
0
0
-1
-1
-1
-1
-1
-1
-1
-1
-1
0
0
0
0
-1
0
0
0
0
0
0
1
-1
-1
0
-1
0
0
0
0
-1
-1
0
0
0
0
0
1
0
0
0
0
0
0
0
0
0
0
-1
-1
0
-1
0
0
0
0
0
0
1
0
0
0
0
0
0
0
0
0
0
0
0
0
-1
0
0
0
0
0
1
1
0
1
1
1
1
1
2
2
1
2
2
0
0
1
1
1
0
1
1
0
0
0
0
0
1
0
-1
-1
0
0
-1
1
-1
0
0
0
0
1
0
0
0
1
0
0
0
-1
-1
-1
0
0
-1
0
0
0
-1
0
0
1
0
1
0
1
0
0
0
0
0
0
0
1
-1
-1
-1
-1
-1
-1
-1
-2
-1
-2
-2
-2
-1
-1
-1
-1
-1
-1
-1
0
1
0
0
0
0
0
0
-1
0
0
0
0
0
0
0
0
1
1
0
0
1
0
0
1
1
1
0
1
0
0
0
1
1
0
-1
0
0
1
0
-1
0
0
0
0
1
0
0
1
0
1
0
0
0
0
0
0
0
1
0
0
0
0
0
1
1
0
0
0
1
1
1
0
1
0
1
0
1
1
1
1
0
0
0
0
0
0
-1
0
0
0
0
0
0
0
0
0
0
0
0
0
-1
0
0
0
0
-1
-1
-2
-1
-1
-1
-1
0
-1
0
0
0
-1
-1
0
0
0
0
-1
-1
0
0
-1
-1
-1
-1
-1
-2
-1
-1
-1
-1
0
-1
0
0
-1
0
0
0
0
0
0
0
1
1
2
1
1
1
2
1
1
1
0
0
1
1
0
0
0
0
0
0
0
0
-1
1
0
0
-1
0
0
0
0
1
0
0
0
1
0
0
0
1
0
0
0
1
1
1
0
1
1
0
0
0
1
1
0
1
0
0
0
1
1
1
0
0
0
0
0
0
1
0
0
0
0
1
0
0
-1
-1
0
0
-1
0
-1
0
0
0
0
0
-1
-1
-1
-1
-1
-1
-1
-1
0
-1
0
-1
0
-1
-1
-1
-1
0
0
-1
-1
0
-1
0
-1
-1
-1
-1
-1
0
-1
0
0
0
0
0
0
0
1
0
-1
1
0
0
0
1
0
0
0
0
0
1
0
1
0
0
1
1
0
1
1
1
1
1
1
0
1
1
1
0
0
0
0
0
1
0
0
1
0
0
1
1
0
0
0
0
0
0
-1
-1
-1
-1
-1
0
0
-1
0
-1
0
0
-1
0
-1
-1
0
-1
0
1
0
0
1
0
0
0
1
0
0
1
0
-1
0
2
0
0
0
0
1
0
0
1
0
-1
1
1
0
1
-1
0
0
0
0
0
-1
0
-1
-1
0
0
0
0
0
0
-1
0
0
0
1
0
-1
0
-1
0
1
0
0
-1
0
1
0
0
-1
0
-1
-1
0
0
-1
0
0
0
0
0
0
0
-1
0
0
0
1
0
-1
0
0
1
0
0
0
-1
-1
-1
-2
-1
-1
-1
-1
0
-1
0
0
0
1
0
1
0
0
0
1
0
0
1
1
2
1
1
1
1
1
1
1
1
1
2
1
1
1
1
1
0
0
0
1
0
0
0
0
0
-1
0
0
0
-1
-1
-1
-1
-1
-1
-1
-1
-1
-1
-1
0
-1
-1
-1
0
-1
-1
0
-1
0
0
0
1
0
0
0
-1
0
0
0
0
1
1
0
0
0
0
-1
0
-1
0
0
0
0
0
1
0
0
0
0
0
0
0
1
0
0
0
0
0
0
0
0
0
1
0
0
0
0
0
0
0
0
1
0
-1
0
0
0
0
0
0
-1
0
0
0
0
0
-1
-1
0
-1
-1
-1
-1
0
0
0
0
-1
1
0
0
0
0
0
0
0
1
1
1
1
0
1
0
1
0
0
1
0
1
1
0
1
1
1
0
0
0
0
0
0
0
0
0
1
-1
0
-1
0
0
-1
-1
0
0
0
0
1
0
0
-1
-1
0
-1
-1
0
0
0
-1
0
-1
0
-1
-1
0
0
0
0
-1
-1
0
0
0
1
0
-1
0
-1
0
0
1
0
0
0
1
0
0
0
0
0
0
0
0
0
0
0
0
0
0
0
0
0
0
-1
0
0
1
0
1
0
0
0
1
0
1
0
0
0
1
1
1
1
-1
0
1
-1
0
0
0
0
0
0
-1
0
0
0
0
0
0
0
-1
0
0
-1
-1
-1
0
0
-1
0
-1
0
0
0
0
0
-1
0
1
0
0
0
1
0
0
0
0
0
0
0
0
0
0
1
0
0
0
1
0
1
0
0
0
0
1
0
1
1
0
0
1
-1
1
1
1
0
0
1
0
0
0
1
0
0
0
-1
-1
0
-1
0
-1
-1
0
-1
0
-1
-1
0
-1
-1
0
-1
-1
-1
0
-1
0
0
0
0
0
0
-1
0
1
0
0
-1
0
0
-1
0
0
-1
0
0
0
0
0
0
0
0
1
1
0
0
0
1
1
0
1
0
0
0
0
0
0
0
0
1
1
1
1
1
1
0
1
1
0
0
1
0
0
0
0
1
0
0
0
0
-1
-1
0
0
0
0
-1
-1
-1
-1
0
0
0
-1
0
0
0
-1
0
-1
-1
-1
0
0
0
-1
-1
-1
-1
0
0
0
0
0
-1
-1
0
0
0
0
0
1
0
-1
0
-1
0
1
0
0
0
0
0
1
0
0
0
0
-1
1
-1
0
1
0
0
0
0
0
0
0
0
0
0
0
-1
0
0
0
1
0
-1
0
0
-1
1
0
-1
0
-1
0
0
0
0
0
0
0
0
0
0
0
0
-1
0
0
1
1
1
1
0
0
-1
0
1
0
-1
0
0
0
0
-1
0
0
0
0
0
-1
-1
0
0
0
0
1
0
0
0
0
-1
0
0
0
1
0
0
0
0
1
0
-1
0
0
-1
0
0
0
0
0
0
0
0
0
0
0
1
0
0
0
0
-1
-1
0
-1
-1
0
0
-1
0
0
0
0
1
1
-1
0
0
-1
-1
0
0
-1
0
0
-1
0
0
-1
1
-1
0
0
-1
0
0
0
0
0
0
0
1
0
0
-1
1
1
0
0
0
0
0
0
0
0
0
1
0
0
0
0
0
0
-1
0
0
-1
0
0
1
0
0
1
0
0
0
1
0
0
0
0
0
0
1
-1
0
0
0
1
0
-1
0
0
0
0
0
-1
0
0
0
0
1
0
0
1
0
0
0
1
0
0
0
0
0
1
0
0
0
0
0
0
0
1
0
0
0
0
-1
0
0
-1
-1
0
-1
0
0
0
1
1
0
0
0
-1
1
0
0
0
0
1
0
1
0
0
1
1
0
0
0
0
0
-1
0
0
0
-1
0
0
1
0
0
0
0
1
0
1
0
0
0
0
-1
0
0
0
0
0
-1
0
0
0
1
1
0
0
-1
0
0
1
0
0
-1
1
0
0
0
0
-1
0
0
0
0
0
0
0
0
0
0
0
1
0
0
0
-1
0
1
0
0
1
-1
0
-1
-1
0
0
0
0
0
0
0
0
-1
0
-1
1
0
1
0
0
0
0
0
0
0
0
0
0
0
0
0
0
0
1
0
-1
0
0
0
-1
0
-1
-1
1
1
0
1
1
1
1
0
0
0
0
0
0
-1
-1
0
0
0
0
-1
-1
-1
-1
0
1
1
1
1
2
2
1
1
-1
0
-2
-1
-3
-3
-2
-2
-1
0
0
2
1
1
1
1
1
0
0
1
0
1
0
0
0
-1
-1
0
0
0
0
1
0
-1
-1
-1
-1
-1
-1
-2
-2
-1
0
1
2
3
4
4
3
2
0
-2
-5
-7
-10
-9
-10
-9
-10
-7
-2
2
4
8
11
12
12
9
8
7
2
-2
-4
-4
-6
-8
-8
-8
-9
-12
-13
-13
-13
-11
-7
-2
5
12
19
25
29
29
25
21
13
5
-3
-11
-17
-20
-20
-18
-13
-7
-2
3
5
9
9
8
8
8
8
9
10
12
13
12
9
3
-5
-13
-19
-21
-23
-22
-17
-13
-9
-1
7
14
17
16
15
12
10
7
7
4
0
-2
-1
0
1
2
3
-1
-6
-5
-1
-1
-4
-9
-11
-12
-14
-13
-8
-3
1
7
18
29
40
45
46
40
29
14
-3
-22
-40
-53
-62
-68
-62
-37
-3
30
64
99
128
136
130
129
122
86
30
-21
-56
-93
-134
-148
-130
-109
-98
-77
-27
21
40
46
63
79
80
76
90
117
135
137
131
118
88
35
-37
-117
-193
-258
-298
-312
-289
-231
-151
-61
30
120
190
224
222
197
149
83
19
-30
-64
-94
-106
-104
-98
-101
-107
-117
-132
-156
-178
-177
-137
-35
86
195
287
356
394
369
297
204
89
-71
-248
-385
-451
-466
-445
-362
-229
-92
25
139
229
257
234
186
127
61
12
5
10
-5
-10
6
6
-43
-125
-197
-269
-349
-389
-343
-258
-173
-61
78
193
248
263
246
181
95
63
87
71
-16
-61
76
352
556
567
451
342
273
179
38
-69
-123
-219
-389
-457
-256
58
190
114
53
118
174
131
91
124
138
69
32
157
367
488
459
337
191
43
-100
-264
-474
-696
-848
-886
-823
-653
-406
-148
49
179
301
435
538
550
444
261
88
-17
-71
-125
-181
-205
-229
-279
-307
-251
-151
-144
-247
-337
-309
-197
-87
-16
43
109
186
273
355
414
432
379
249
106
50
108
150
56
-113
-203
-170
-109
-92
-91
-75
-88
-144
-172
-107
13
85
56
-1
6
77
135
109
12
-76
-110
-121
-123
-84
0
64
39
-16
-4
55
45
-94
-260
-360
-410
-449
-450
-392
-314
-256
-193
-75
49
108
109
123
164
197
217
236
301
401
480
496
467
480
584
632
456
133
-86
-108
-112
-215
-290
-217
-127
-155
-157
33
319
422
302
194
237
313
291
221
177
152
88
29
47
115
145
82
-49
-176
-242
-272
-315
-412
-543
-633
-624
-517
-369
-235
-120
1
106
169
220
295
355
302
137
2
-23
-22
-79
-167
-214
-243
-310
-370
-351
-281
-260
-297
-310
-234
-90
48
141
200
259
318
343
324
282
242
167
53
-26
1
67
66
15
-3
24
35
8
-44
-118
-225
-327
-367
-344
-289
-229
-138
-27
76
174
289
369
363
294
221
161
87
-8
-90
-143
-184
-217
-237
-243
-238
-252
-299
-348
-374
-360
-287
-203
-145
-88
-9
86
140
135
151
238
317
316
279
331
468
525
456
464
680
875
757
374
102
115
122
-90
-316
-295
-164
-229
-388
-262
142
367
208
-1
100
352
408
273
226
323
347
236
162
227
275
139
-125
-342
-435
-485
-578
-707
-789
-786
-715
-597
-432
-256
-112
-2
92
178
236
271
292
256
126
-30
-88
-69
-110
-253
-356
-325
-264
-286
-323
-259
-152
-146
-239
-269
-158
-32
-13
-60
-38
101
259
318
306
330
414
463
438
387
341
261
121
-4
-57
-74
-143
-270
-384
-424
-373
-282
-217
-202
-175
-77
56
133
164
214
252
201
86
37
76
82
-27
-159
-186
-141
-131
-170
-208
-208
-217
-257
-283
-263
-207
-155
-149
-164
-125
-34
22
25
69
210
406
548
624
697
756
805
917
1109
1181
942
506
200
106
3
-234
-460
-561
-635
-718
-661
-350
6
135
79
99
287
480
548
519
489
430
323
259
299
349
250
-9
-281
-449
-568
-727
-898
-1019
-1098
-1152
-1076
-791
-410
-155
-34
139
412
632
693
679
647
495
201
-65
-169
-197
-328
-543
-664
-641
-569
-506
-411
-295
-249
-299
-316
-167
76
219
211
178
244
380
468
479
462
415
416
499
528
421
210
30
-68
-176
-332
-450
-535
-662
-795
-785
-560
-274
-95
9
177
380
545
627
558
390
200
17
-156
-289
-334
-277
-240
-280
-265
-134
-13
-55
-203
-289
-291
-323
-379
-379
-327
-215
-59
78
165
209
301
463
599
705
808
831
750
733
979
1345
1370
949
511
364
294
19
-346
-530
-579
-735
-904
-747
-257
163
224
115
182
452
634
601
494
447
428
332
229
252
336
263
-37
-373
-567
-666
-832
-1079
-1307
-1437
-1416
-1231
-913
-551
-222
62
317
512
640
743
801
700
394
37
-174
-235
-308
-460
-606
-653
-609
-546
-460
-315
-168
-135
-226
-283
-161
71
207
189
164
266
441
534
574
679
816
824
618
365
248
196
39
-251
-520
-663
-740
-815
-836
-718
-508
-325
-181
-8
231
474
601
578
460
341
271
180
-7
-233
-369
-406
-429
-486
-487
-378
-273
-265
-274
-205
-93
-21
-38
-47
15
72
82
46
-9
-12
-5
-20
80
381
761
901
762
748
1150
1650
1677
1244
821
695
563
148
-267
-358
-349
-624
-1015
-981
-390
151
153
-95
-31
346
573
445
307
436
544
385
152
203
486
551
189
-280
-499
-562
-708
-1005
-1299
-1451
-1460
-1340
-1128
-848
-507
-131
163
315
411
587
813
818
493
99
-61
-62
-194
-471
-619
-536
-465
-579
-652
-425
-86
-25
-264
-385
-158
131
169
49
65
263
433
450
462
625
855
942
759
502
388
362
189
-192
-540
-660
-692
-858
-1019
-910
-571
-314
-251
-163
138
506
656
568
411
331
292
135
-145
-356
-366
-309
-356
-443
-326
-33
110
-17
-143
-35
114
43
-168
-261
-241
-270
-341
-313
-173
-35
2
-63
-27
303
864
1242
1114
815
987
1610
1907
1510
940
784
746
285
-347
-510
-289
-419
-1024
-1368
-894
-104
170
-57
-102
309
699
676
482
593
858
766
326
104
373
633
350
-281
-658
-700
-784
-1083
-1394
-1515
-1537
-1532
-1412
-1095
-681
-264
111
360
490
633
875
1016
798
316
-31
-104
-186
-459
-731
-736
-601
-615
-746
-656
-272
21
-95
-410
-412
-46
221
109
-60
93
449
619
579
714
1099
1311
1034
547
344
428
327
-148
-659
-848
-793
-809
-922
-845
-475
-124
-65
-119
57
448
660
487
169
61
157
128
-136
-393
-407
-304
-342
-484
-455
-195
7
-84
-246
-123
190
303
112
-65
-21
50
-72
-291
-362
-294
-286
-389
-356
30
653
1103
1128
1026
1291
1909
2217
1803
1112
803
752
370
-302
-654
-532
-518
-935
-1223
-805
-57
233
-18
-165
170
582
621
429
433
651
718
515
373
555
750
514
-90
-559
-689
-792
-1125
-1546
-1772
-1771
-1642
-1431
-1115
-725
-315
81
371
518
633
839
961
741
265
-67
-107
-159
-426
-713
-754
-638
-621
-715
-673
-414
-193
-225
-402
-394
-122
135
130
0
80
382
638
721
814
1018
1113
928
652
525
506
346
-47
-471
-704
-724
-689
-723
-739
-575
-260
-26
56
167
425
612
481
207
134
235
169
-146
-419
-441
-367
-417
-514
-468
-291
-170
-176
-163
0
192
226
90
-34
-39
-62
-233
-453
-485
-363
-319
-412
-387
24
670
1141
1218
1168
1406
1911
2151
1814
1259
961
858
471
-170
-533
-454
-466
-895
-1253
-964
-270
29
-179
-273
118
605
691
508
526
797
873
613
368
479
698
516
-58
-537
-650
-716
-1044
-1520
-1782
-1777
-1716
-1623
-1382
-962
-504
-88
251
520
740
937
1067
941
559
168
-29
-166
-441
-764
-882
-773
-712
-779
-754
-491
-202
-169
-354
-414
-197
35
41
-76
11
340
654
808
930
1113
1197
1031
726
517
398
181
-212
-634
-864
-838
-682
-582
-532
-378
-72
200
291
327
435
509
358
88
-38
26
28
-165
-367
-388
-288
-262
-341
-403
-343
-254
-234
-249
-148
74
217
160
27
28
70
-54
-323
-491
-453
-415
-515
-526
-100
647
1248
1349
1215
1439
2082
2485
2101
1297
814
730
430
-244
-686
-585
-489
-880
-1270
-943
-105
302
33
-227
56
571
719
533
466
666
763
573
373
471
669
476
-129
-667
-832
-893
-1158
-1561
-1813
-1849
-1783
-1579
-1197
-750
-388
-57
309
610
754
840
960
919
556
78
-164
-199
-344
-668
-909
-904
-820
-829
-827
-635
-355
-235
-327
-371
-138
202
311
173
138
379
714
884
931
1014
1048
890
616
445
389
235
-165
-636
-885
-834
-651
-575
-598
-499
-184
152
324
413
558
645
484
203
88
141
70
-223
-489
-514
-413
-399
-453
-439
-344
-280
-256
-191
-39
124
162
78
-11
12
50
-80
-346
-521
-482
-355
-320
-315
-38
576
1190
1370
1203
1295
1905
2444
2178
1317
758
802
744
94
-567
-594
-376
-665
-1226
-1166
-364
215
-16
-408
-149
572
915
665
431
628
878
735
391
337
561
496
-61
-626
-749
-684
-906
-1381
-1708
-1733
-1659
-1571
-1359
-1013
-670
-351
11
363
590
707
833
879
665
270
-6
-88
-215
-517
-809
-868
-790
-785
-840
-736
-476
-298
-360
-464
-304
33
215
113
49
278
697
983
996
937
918
897
756
529
325
124
-216
-666
-926
-816
-518
-419
-520
-463
-59
381
525
485
507
575
446
173
33
69
29
-222
-479
-509
-346
-260
-353
-483
-461
-308
-195
-170
-113
60
200
182
119
155
191
11
-318
-519
-499
-427
-441
-406
-96
496
1068
1311
1314
1529
2089
2453
2096
1282
792
773
580
-86
-679
-723
-597
-817
-1137
-921
-253
138
-21
-216
71
616
850
642
429
520
719
699
481
391
459
371
-36
-476
-666
-746
-1013
-1436
-1734
-1802
-1713
-1528
-1250
-944
-636
-250
209
555
669
715
819
828
552
146
-100
-186
-331
-597
-777
-756
-663
-663
-707
-641
-460
-329
-379
-465
-387
-145
36
53
92
355
805
1112
1101
933
842
852
769
515
195
-99
-424
-767
-945
-812
-542
-459
-553
-478
-57
399
554
468
414
451
411
275
187
178
89
-146
-371
-404
-293
-261
-412
-587
-585
-416
-253
-191
-120
32
167
190
149
129
90
-59
-277
-425
-438
-396
-353
-206
186
787
1266
1402
1438
1766
2259
2308
1694
982
722
653
248
-370
-663
-590
-642
-930
-928
-394
158
198
-60
7
487
853
762
475
423
584
630
456
342
420
396
36
-431
-633
-658
-887
-1366
-1734
-1805
-1734
-1651
-1465
-1116
-752
-429
-55
360
641
728
737
719
565
259
-25
-199
-372
-603
-762
-744
-635
-602
-635
-584
-432
-316
-351
-423
-356
-178
-78
-100
-30
281
704
959
989
972
1008
1000
850
631
406
122
-283
-717
-948
-874
-650
-545
-615
-607
-278
224
538
550
490
542
588
472
290
229
235
64
-290
-518
-436
-261
-329
-603
-712
-495
-210
-147
-201
-96
156
253
96
-47
-19
10
-184
-488
-593
-420
-218
-140
28
504
1115
1445
1447
1545
1954
2239
1926
1213
730
625
418
-113
-587
-679
-649
-808
-938
-647
-78
216
91
0
312
799
991
800
581
598
706
667
513
437
419
227
-189
-538
-667
-787
-1128
-1591
-1883
-1908
-1773
-1582
-1339
-1036
-662
-209
231
531
685
786
833
695
353
23
-139
-258
-507
-782
-853
-701
-560
-589
-649
-558
-386
-355
-494
-565
-413
-199
-158
-191
12
491
952
1121
1081
1061
1093
1040
849
577
285
-47
-439
-795
-952
-844
-631
-541
-587
-499
-98
382
588
501
424
511
587
462
248
162
164
46
-229
-419
-359
-218
-299
-561
-652
-416
-133
-119
-229
-132
138
217
20
-153
-127
-117
-340
-613
-619
-403
-208
-34
345
932
1367
1484
1595
1968
2293
2104
1458
871
609
359
-125
-591
-733
-732
-890
-1048
-797
-169
247
181
10
212
690
948
816
600
600
706
695
583
556
603
485
102
-327
-552
-660
-906
-1378
-1838
-2024
-1904
-1648
-1406
-1169
-829
-327
184
500
624
733
861
789
408
-26
-201
-221
-384
-721
-905
-755
-512
-478
-594
-566
-365
-267
-433
-624
-544
-278
-161
-266
-230
226
861
1149
1002
844
954
1134
1024
626
228
-48
-334
-675
-899
-843
-632
-533
-585
-548
-206
303
612
540
334
339
538
617
406
131
41
53
-87
-339
-435
-319
-275
-489
-693
-550
-156
62
-37
-139
41
320
319
49
-173
-202
-259
-495
-696
-608
-375
-227
-53
407
1063
1454
1480
1592
2015
2298
1992
1329
891
753
455
-112
-527
-576
-605
-867
-1056
-749
-146
120
-41
-112
258
746
872
660
539
677
780
657
494
512
603
466
83
-265
-424
-551
-852
-1313
-1712
-1864
-1781
-1615
-1469
-1275
-889
-344
105
312
421
622
797
674
268
-96
-204
-244
-441
-716
-786
-593
-415
-453
-567
-499
-297
-268
-519
-728
-606
-320
-233
-309
-108
485
1017
1072
866
871
1123
1202
864
362
-1
-215
-445
-691
-792
-675
-494
-420
-400
-232
169
556
624
413
274
377
522
424
134
-58
-70
-76
-219
-379
-403
-340
-369
-507
-543
-331
-18
99
9
-7
214
420
306
-29
-230
-234
-331
-603
-756
-589
-348
-248
-43
544
1240
1525
1443
1572
2058
2294
1849
1124
757
707
435
-148
-560
-563
-539
-790
-1002
-718
-137
106
-90
-165
241
760
869
633
555
761
890
731
531
555
647
475
35
-349
-513
-639
-948
-1415
-1781
-1852
-1695
-1514
-1383
-1165
-724
-185
176
298
398
618
751
542
91
-228
-266
-279
-501
-775
-789
-558
-414
-532
-668
-547
-336
-393
-703
-843
-583
-245
-207
-284
7
682
1187
1153
883
878
1111
1125
753
278
-24
-237
-542
-819
-810
-544
-338
-383
-473
-256
248
638
616
372
303
469
574
419
191
113
95
-65
-327
-440
-341
-279
-436
-627
-564
-245
40
79
12
82
276
353
179
-72
-194
-270
-468
-704
-715
-491
-297
-212
79
742
1400
1602
1508
1684
2166
2320
1778
1022
692
668
365
-277
-713
-711
-672
-909
-1085
-781
-235
-13
-149
-121
309
769
843
660
625
808
911
783
616
595
613
433
58
-294
-516
-726
-1073
-1511
-1828
-1878
-1740
-1568
-1401
-1119
-642
-110
253
403
530
723
801
575
165
-117
-189
-271
-513
-738
-724
-536
-465
-600
-698
-579
-430
-530
-794
-851
-588
-318
-283
-223
209
822
1118
989
863
1048
1287
1164
684
171
-160
-375
-588
-750
-751
-640
-567
-560
-445
-63
422
650
523
351
421
634
652
405
146
31
-36
-175
-327
-369
-330
-361
-484
-542
-387
-80
119
80
-6
94
278
265
11
-205
-232
-293
-561
-822
-768
-491
-308
-223
135
868
1494
1608
1529
1859
2456
2524
1776
953
756
825
408
-414
-886
-799
-744
-1055
-1219
-787
-161
17
-167
-85
449
930
927
687
664
892
1008
838
644
661
719
496
30
-351
-522
-728
-1164
-1655
-1936
-1951
-1827
-1658
-1440
-1116
-668
-178
194
374
508
692
763
511
86
-160
-172
-252
-557
-821
-775
-561
-525
-696
-764
-597
-466
-628
-890
-843
-464
-185
-220
-203
271
956
1262
1098
942
1089
1221
999
526
121
-163
-475
-799
-930
-794
-577
-460
-441
-302
91
564
790
682
507
507
584
488
251
81
21
-93
-310
-457
-406
-280
-305
-462
-529
-330
-3
177
152
140
293
431
341
82
-85
-155
-355
-733
-992
-888
-607
-444
-310
180
992
1604
1710
1749
2225
2768
2555
1594
837
774
770
120
-784
-1121
-939
-936
-1236
-1229
-668
-117
-97
-281
-56
552
963
864
605
648
952
1087
913
719
740
760
465
-22
-359
-521
-808
-1316
-1786
-1963
-1884
-1722
-1556
-1348
-1009
-510
18
362
503
634
814
814
472
41
-148
-158
-322
-666
-862
-748
-554
-572
-730
-756
-605
-546
-730
-922
-809
-474
-302
-316
-125
430
953
1042
877
887
1086
1108
790
320
-91
-410
-659
-818
-852
-774
-634
-500
-387
-161
274
705
813
622
492
600
698
543
241
46
-25
-128
-295
-398
-363
-296
-331
-430
-372
-56
292
382
270
284
501
597
342
-6
-146
-212
-506
-939
-1115
-910
-618
-421
-65
621
1323
1646
1756
2146
2728
2791
2038
1161
843
801
311
-570
-1123
-1132
-1120
-1360
-1389
-892
-300
-177
-349
-199
385
861
836
572
542
809
1014
965
845
870
901
674
244
-111
-325
-642
-1186
-1748
-2057
-2073
-1919
-1714
-1496
-1193
-691
-45
460
661
753
950
1063
785
248
-88
-109
-201
-578
-925
-890
-620
-526
-688
-787
-648
-532
-696
-973
-969
-659
-435
-461
-366
134
749
996
911
929
1146
1223
960
518
104
-258
-601
-861
-954
-915
-814
-688
-535
-299
77
487
712
690
598
619
698
661
464
226
59
-32
-126
-266
-378
-366
-289
-306
-369
-234
138
422
385
268
378
567
478
137
-97
-159
-348
-766
-1074
-980
-651
-416
-203
294
1022
1551
1696
1863
2349
2709
2318
1390
765
688
501
-222
-979
-1175
-1045
-1167
-1386
-1140
-479
-61
-173
-286
96
717
963
741
533
688
980
1024
843
764
865
809
406
-89
-352
-482
-822
-1402
-1887
-2005
-1828
-1606
-1460
-1269
-855
-228
329
577
653
834
1057
950
448
-30
-154
-155
-407
-827
-1001
-805
-584
-635
-811
-782
-588
-575
-848
-1052
-864
-498
-354
-350
-81
487
922
957
895
1026
1143
926
435
-40
-380
-663
-911
-1055
-1069
-964
-752
-463
-171
141
497
772
840
743
670
687
651
462
219
38
-37
-81
-176
-305
-372
-325
-262
-275
-265
-44
289
446
396
422
629
717
466
112
-44
-135
-436
-849
-1002
-793
-496
-228
184
793
1317
1576
1835
2297
2609
2269
1448
841
668
429
-215
-887
-1114
-1060
-1183
-1367
-1137
-522
-112
-206
-360
-56
549
867
719
502
602
884
986
866
778
818
746
404
-49
-361
-526
-770
-1211
-1704
-1973
-1851
-1479
-1195
-1101
-903
-329
361
687
651
698
970
1019
548
-58
-257
-142
-239
-683
-1016
-884
-545
-472
-692
-791
-613
-496
-720
-1023
-961
-593
-353
-341
-217
227
735
950
939
934
956
848
517
66
-363
-689
-907
-1041
-1089
-988
-735
-451
-208
66
418
718
829
784
718
671
586
461
298
96
-70
-124
-143
-239
-365
-346
-199
-149
-194
-83
233
472
460
390
468
565
453
181
-31
-163
-353
-629
-822
-760
-505
-235
53
477
1010
1412
1616
1889
2308
2438
1901
1116
748
704
342
-444
-1023
-1080
-1059
-1298
-1396
-965
-345
-140
-299
-212
327
859
917
622
471
673
891
808
589
579
719
619
198
-187
-305
-407
-789
-1342
-1749
-1832
-1650
-1402
-1252
-1128
-758
-95
472
633
625
820
1057
869
291
-131
-151
-150
-464
-867
-945
-695
-492
-572
-747
-714
-541
-555
-848
-1043
-824
-449
-310
-313
-44
509
921
965
882
896
881
648
233
-216
-590
-845
-999
-1072
-1047
-841
-489
-175
57
331
662
855
811
679
608
528
362
186
77
-6
-93
-152
-186
-240
-280
-232
-174
-188
-162
44
305
397
374
442
579
545
301
59
-65
-229
-524
-794
-840
-661
-423
-110
362
934
1371
1617
1913
2335
2532
2104
1360
918
800
466
-270
-894
-1034
-1012
-1249
-1432
-1121
-511
-200
-304
-298
142
703
877
682
528
674
909
911
731
658
737
686
351
-79
-345
-520
-795
-1220
-1662
-1896
-1787
-1434
-1165
-1085
-877
-251
467
729
609
663
988
1019
472
-154
-302
-177
-339
-809
-1054
-814
-472
-490
-772
-836
-598
-468
-725
-1042
-953
-549
-274
-219
-66
337
747
905
887
859
822
634
256
-226
-645
-858
-933
-1002
-1040
-878
-530
-207
10
266
597
780
707
577
564
568
428
205
52
-7
-41
-93
-176
-259
-276
-201
-154
-172
-96
153
386
397
340
454
643
609
326
47
-96
-248
-478
-665
-693
-565
-349
14
520
1034
1406
1697
2079
2466
2506
2011
1389
1063
859
326
-467
-971
-1034
-1098
-1400
-1488
-1042
-441
-239
-346
-220
297
773
809
586
513
696
851
762
590
576
637
495
144
-187
-397
-650
-1027
-1407
-1692
-1866
-1827
-1509
-1131
-929
-724
-180
531
871
762
696
889
923
472
-127
-365
-327
-450
-798
-991
-800
-491
-443
-621
-692
-537
-442
-645
-911
-877
-577
-346
-239
-11
418
812
983
1046
1079
974
651
229
-163
-528
-867
-1114
-1218
-1190
-1004
-682
-308
38
372
682
850
842
774
734
613
348
71
-56
-79
-118
-202
-279
-290
-252
-178
-142
-146
-93
82
261
308
296
357
478
457
264
60
-58
-188
-397
-601
-651
-486
-240
71
478
932
1315
1625
2019
2434
2510
2014
1367
1054
914
443
-337
-878
-983
-1050
-1343
-1439
-1023
-444
-227
-333
-240
262
789
906
701
550
668
835
784
611
532
533
372
33
-263
-432
-651
-996
-1337
-1590
-1754
-1729
-1414
-1017
-812
-687
-271
393
811
792
684
760
780
445
-71
-364
-399
-476
-732
-952
-876
-574
-404
-508
-657
-599
-460
-535
-765
-824
-582
-293
-88
128
418
687
828
912
969
890
593
159
-313
-729
-990
-1075
-1094
-1110
-1010
-729
-325
51
395
700
837
798
718
718
688
504
197
-51
-173
-212
-238
-321
-422
-440
-327
-220
-162
-44
208
433
445
379
440
580
544
290
-6
-186
-292
-405
-496
-524
-448
-220
224
744
1131
1328
1607
2129
2558
2409
1743
1257
1205
1043
290
-603
-929
-855
-1057
-1557
-1617
-998
-379
-327
-463
-151
539
994
911
665
663
854
876
632
422
438
462
204
-175
-375
-460
-713
-1135
-1453
-1571
-1644
-1646
-1399
-997
-700
-483
-64
501
824
812
751
789
691
314
-120
-361
-475
-637
-819
-865
-753
-598
-514
-510
-518
-500
-511
-609
-694
-675
-525
-298
-11
324
561
679
799
979
1042
816
379
-53
-419
-775
-1075
-1222
-1216
-1140
-979
-709
-319
132
536
775
814
784
800
802
644
374
110
-86
-232
-313
-315
-352
-455
-489
-361
-193
-83
40
241
396
421
433
516
559
415
202
27
-120
-284
-419
-439
-388
-300
-50
426
933
1234
1413
1804
2402
2712
2304
1540
1179
1227
964
82
-800
-1056
-997
-1260
-1647
-1499
-834
-365
-400
-412
56
727
1015
860
650
661
799
789
601
430
373
266
6
-287
-461
-622
-960
-1368
-1621
-1701
-1697
-1558
-1232
-867
-594
-268
248
736
911
866
859
825
547
113
-178
-317
-527
-815
-935
-809
-637
-568
-551
-475
-425
-490
-605
-636
-563
-500
-478
-341
65
519
714
704
841
1164
1235
803
183
-206
-461
-858
-1298
-1475
-1368
-1227
-1120
-858
-325
296
730
882
903
968
1064
996
668
275
15
-136
-302
-430
-440
-402
-446
-484
-360
-128
59
156
251
348
400
434
493
486
321
98
-61
-185
-326
-452
-503
-473
-406
-113
485
1058
1313
1453
1921
2584
2764
2180
1529
1385
1334
707
-333
-992
-1063
-1130
-1553
-1785
-1396
-736
-395
-374
-140
449
972
1049
885
835
925
931
758
603
551
448
190
-82
-263
-469
-849
-1275
-1523
-1645
-1772
-1809
-1561
-1143
-795
-507
-30
580
941
969
911
938
835
438
-32
-318
-482
-714
-946
-961
-770
-626
-613
-584
-438
-351
-494
-689
-694
-552
-546
-617
-415
159
684
784
731
922
1235
1213
758
224
-147
-523
-1044
-1474
-1565
-1382
-1207
-1137
-934
-381
330
806
901
864
971
1087
927
566
305
171
-29
-320
-466
-373
-278
-365
-473
-398
-164
56
172
230
298
392
485
517
441
301
145
-47
-269
-421
-448
-380
-325
-296
-97
413
1047
1418
1464
1628
2197
2701
2436
1614
1147
1246
1113
226
-766
-1046
-929
-1189
-1714
-1739
-1106
-501
-385
-406
-12
690
1154
1120
847
758
909
946
680
347
215
207
44
-276
-543
-712
-919
-1196
-1463
-1668
-1712
-1514
-1170
-924
-762
-385
260
753
805
734
861
958
671
145
-190
-267
-399
-681
-862
-786
-598
-520
-561
-583
-519
-505
-638
-791
-778
-599
-412
-227
80
446
655
722
882
1116
1086
657
114
-287
-604
-966
-1270
-1373
-1346
-1259
-1068
-710
-233
234
576
732
762
800
877
819
554
249
58
-62
-197
-266
-257
-301
-423
-443
-272
-69
41
141
294
413
476
563
666
614
366
101
-45
-124
-260
-406
-490
-480
-359
-142
220
734
1228
1511
1692
2040
2544
2642
2082
1472
1360
1355
737
-281
-901
-964
-1142
-1670
-1913
-1509
-890
-601
-526
-230
418
1033
1208
991
749
793
929
758
353
140
177
157
-112
-424
-576
-718
-987
-1334
-1639
-1823
-1738
-1417
-1148
-1037
-782
-133
542
769
691
805
1043
919
390
-85
-198
-223
-462
-777
-859
-687
-490
-483
-622
-681
-611
-589
-739
-882
-798
-493
-189
43
304
569
793
983
1121
1073
772
339
-82
-486
-882
-1138
-1212
-1235
-1264
-1147
-784
-295
135
436
620
718
768
801
749
558
311
84
-101
-223
-240
-190
-230
-355
-371
-218
-50
34
125
277
366
376
446
585
601
408
163
17
-74
-207
-381
-505
-491
-343
-137
69
397
944
1467
1731
1919
2324
2700
2470
1752
1342
1401
1183
293
-674
-1032
-1071
-1402
-1873
-1856
-1306
-802
-655
-544
-37
749
1231
1112
761
722
989
1003
565
167
199
351
164
-259
-522
-575
-728
-1125
-1574
-1840
-1809
-1551
-1320
-1250
-1073
-509
217
604
600
677
985
1087
703
183
-29
-10
-142
-501
-787
-754
-530
-441
-616
-832
-799
-646
-713
-972
-1015
-661
-264
-100
34
403
875
1116
1081
970
867
672
288
-251
-751
-1024
-1089
-1172
-1325
-1305
-952
-470
-136
90
393
712
819
716
587
528
447
250
-6
-208
-248
-168
-154
-291
-371
-233
-25
18
-29
102
368
471
380
365
500
560
397
129
-46
-142
-281
-471
-586
-506
-256
-13
193
547
1102
1636
1975
2255
2588
2686
2268
1715
1527
1461
925
-40
-789
-1069
-1283
-1681
-1871
-1555
-1077
-852
-756
-347
426
1057
1128
853
735
936
1070
793
386
291
423
325
-60
-343
-365
-475
-942
-1529
-1867
-1887
-1767
-1655
-1578
-1383
-913
-246
301
547
705
969
1132
899
429
135
82
-42
-389
-728
-775
-591
-484
-616
-828
-866
-758
-791
-1020
-1121
-880
-507
-271
-66
346
812
1049
1066
1065
1061
872
444
-81
-549
-884
-1060
-1167
-1281
-1290
-1041
-626
-256
31
343
635
718
636
595
608
508
277
65
-54
-94
-55
-7
-91
-251
-265
-105
-12
-72
-38
202
393
366
367
559
703
555
266
94
-20
-210
-457
-619
-626
-496
-299
-66
320
933
1568
1983
2243
2593
2896
2659
2001
1580
1519
1147
165
-788
-1134
-1223
-1613
-1996
-1806
-1210
-836
-757
-484
216
911
1094
866
703
855
1024
832
422
305
523
553
186
-200
-270
-335
-789
-1446
-1863
-1979
-1990
-1937
-1790
-1533
-1119
-488
167
550
703
923
1177
1084
593
148
43
-5
-283
-655
-769
-591
-424
-497
-727
-825
-731
-719
-984
-1234
-1092
-686
-441
-356
-4
638
1072
1063
988
1125
1190
848
251
-268
-607
-858
-1075
-1237
-1299
-1190
-904
-557
-237
116
494
720
713
651
694
710
533
251
48
-44
-79
-105
-174
-282
-329
-230
-98
-77
-81
88
344
434
379
414
569
584
348
64
-62
-108
-264
-511
-661
-545
-232
86
426
896
1412
1826
2150
2520
2829
2632
1954
1412
1271
1054
342
-534
-1003
-1138
-1419
-1752
-1652
-1140
-750
-710
-627
-100
625
976
854
676
772
979
913
611
476
583
563
216
-199
-361
-435
-775
-1340
-1801
-2012
-2009
-1855
-1639
-1406
-1092
-559
91
535
705
876
1107
1086
660
148
-48
-30
-159
-491
-725
-648
-431
-380
-561
-727
-731
-750
-994
-1262
-1198
-834
-558
-465
-145
529
1087
1174
1057
1121
1252
1026
435
-150
-571
-906
-1222
-1415
-1400
-1239
-1034
-793
-467
-26
444
719
739
678
710
758
647
386
154
45
-29
-126
-220
-262
-273
-262
-232
-186
-90
90
296
405
425
463
571
614
474
238
71
-34
-232
-516
-681
-552
-260
-8
248
690
1257
1721
2079
2489
2855
2726
2059
1458
1308
1177
532
-424
-1048
-1226
-1401
-1657
-1627
-1192
-771
-676
-625
-191
536
977
887
607
591
831
930
733
547
562
560
346
33
-148
-295
-666
-1220
-1699
-1986
-2081
-1968
-1712
-1457
-1213
-768
-80
518
758
831
969
1014
725
216
-106
-160
-230
-462
-676
-646
-405
-230
-319
-529
-646
-683
-844
-1131
-1266
-1094
-840
-642
-282
314
854
1051
1073
1196
1299
1088
612
113
-359
-836
-1229
-1367
-1292
-1183
-1086
-867
-492
-20
429
673
702
676
732
785
683
447
268
184
62
-88
-186
-216
-250
-312
-350
-303
-177
20
233
339
358
418
557
600
456
221
29
-101
-300
-518
-611
-527
-327
-88
260
790
1305
1660
2028
2523
2899
2648
1893
1390
1360
1174
352
-620
-1053
-1089
-1337
-1724
-1657
-1076
-619
-603
-611
-147
623
1022
838
540
591
895
980
718
531
633
669
389
16
-147
-279
-707
-1318
-1760
-1972
-2082
-2025
-1758
-1434
-1150
-722
-24
622
847
843
955
1061
826
269
-148
-238
-266
-459
-692
-686
-423
-198
-260
-484
-584
-575
-734
-1071
-1284
-1166
-925
-806
-539
75
710
994
1013
1135
1372
1309
857
318
-164
-637
-1101
-1376
-1378
-1270
-1203
-1106
-821
-316
265
655
739
701
764
879
849
603
334
204
99
-71
-228
-272
-228
-232
-321
-346
-192
87
304
327
263
295
451
517
380
121
-63
-148
-270
-462
-588
-486
-226
32
313
786
1341
1718
1950
2298
2732
2712
2039
1332
1104
1026
472
-429
-981
-1030
-1107
-1434
-1544
-1120
-576
-411
-520
-364
246
810
853
554
453
737
1009
885
622
610
709
538
93
-280
-472
-750
-1221
-1688
-1979
-2059
-1920
-1623
-1312
-1054
-677
-66
506
718
718
818
942
768
261
-174
-281
-250
-359
-572
-639
-445
-188
-157
-344
-500
-515
-634
-952
-1235
-1207
-958
-768
-543
-81
515
926
1091
1204
1324
1247
909
442
-77
-608
-1062
-1314
-1387
-1363
-1261
-1025
-678
-272
191
604
812
792
717
713
693
522
251
61
-9
-39
-122
-233
-283
-240
-218
-282
-303
-126
168
290
220
207
384
554
462
186
-47
-136
-232
-395
-542
-536
-333
-49
313
776
1285
1700
2044
2424
2749
2667
2075
1482
1256
1075
448
-405
-895
-965
-1115
-1468
-1524
-1079
-591
-498
-571
-323
312
820
839
597
537
812
1054
943
674
600
638
475
66
-299
-508
-809
-1292
-1736
-1973
-2021
-1907
-1656
-1353
-1081
-723
-147
435
698
701
741
814
686
287
-117
-277
-310
-407
-546
-571
-411
-187
-114
-246
-415
-498
-592
-821
-1083
-1154
-980
-691
-337
62
421
721
1046
1362
1426
1121
652
264
-135
-633
-1084
-1292
-1334
-1368
-1304
-1003
-527
-93
235
473
639
710
717
666
525
326
119
-45
-148
-148
-138
-225
-355
-368
-239
-142
-137
-58
174
346
332
308
445
572
454
126
-149
-242
-297
-393
-487
-443
-233
142
651
1166
1549
1875
2353
2864
2966
2424
1768
1544
1491
940
-92
-838
-962
-1004
-1413
-1751
-1475
-852
-556
-629
-527
63
738
942
742
591
773
1039
1012
759
624
621
459
73
-289
-478
-744
-1247
-1759
-2022
-2072
-2026
-1829
-1482
-1117
-795
-334
270
719
852
828
822
743
465
90
-179
-335
-475
-620
-657
-535
-349
-242
-269
-337
-402
-495
-683
-869
-952
-965
-895
-583
-18
471
668
786
1135
1478
1378
888
400
75
-333
-904
-1358
-1484
-1415
-1332
-1208
-904
-403
147
515
608
641
767
865
692
348
153
115
-17
-268
-367
-267
-219
-375
-470
-336
-141
-44
13
152
314
411
427
405
329
211
57
-158
-396
-509
-431
-289
-153
99
637
1226
1549
1738
2193
2874
3143
2592
1752
1427
1517
1264
334
-624
-978
-1014
-1282
-1648
-1546
-1000
-643
-729
-695
-91
702
1037
908
825
990
1144
1068
922
852
695
292
-195
-467
-558
-822
-1370
-1892
-2103
-2073
-2005
-1856
-1501
-1035
-659
-319
180
728
1044
1021
862
713
501
169
-149
-362
-583
-811
-915
-784
-553
-453
-456
-409
-365
-458
-647
-724
-628
-609
-721
-602
-58
573
835
789
949
1377
1524
1088
383
-97
-365
-779
-1367
-1740
-1694
-1478
-1342
-1196
-730
30
617
730
651
785
1075
1083
642
191
59
30
-193
-498
-534
-343
-300
-498
-584
-333
32
177
98
91
309
549
537
326
137
66
-34
-292
-509
-414
-107
73
159
505
1196
1744
1900
2119
2689
3114
2717
1858
1462
1607
1423
503
-501
-927
-1005
-1292
-1658
-1621
-1166
-864
-917
-830
-191
678
1056
875
792
1134
1445
1263
867
781
812
407
-327
-746
-708
-830
-1466
-2145
-2331
-2126
-1939
-1852
-1622
-1157
-614
-121
332
760
1086
1225
1137
871
565
290
32
-258
-605
-907
-1003
-849
-627
-570
-653
-613
-420
-376
-605
-798
-669
-412
-321
-304
-22
540
975
1057
1027
1116
1215
998
361
-352
-765
-959
-1285
-1745
-1928
-1606
-1134
-898
-709
-198
460
770
690
628
800
914
679
270
11
-49
-103
-294
-502
-526
-380
-315
-429
-459
-174
232
378
292
324
547
672
496
190
6
-107
-306
-540
-590
-349
24
370
692
1087
1591
2162
2694
2997
2879
2366
1888
1760
1700
1193
283
-476
-850
-1119
-1484
-1629
-1370
-1062
-1074
-1164
-785
78
823
980
813
871
1273
1577
1420
1034
825
714
287
-402
-848
-884
-1017
-1637
-2345
-2558
-2266
-1927
-1761
-1574
-1158
-574
35
577
986
1243
1349
1264
950
542
236
30
-264
-727
-1107
-1137
-894
-700
-701
-763
-690
-540
-531
-631
-657
-532
-362
-215
-26
301
660
880
1014
1178
1309
1190
749
137
-388
-754
-1054
-1359
-1658
-1803
-1700
-1402
-1031
-600
-148
217
429
567
794
1032
1041
757
416
201
81
-88
-324
-500
-568
-546
-500
-398
-194
80
264
281
291
410
551
493
227
-72
-253
-376
-493
-500
-341
-88
150
455
895
1412
1851
2238
2624
2840
2633
2075
1703
1748
1748
1158
184
-519
-773
-962
-1329
-1569
-1454
-1209
-1160
-1131
-706
108
807
969
870
996
1419
1707
1528
1060
693
471
129
-352
-785
-1060
-1354
-1792
-2213
-2368
-2228
-1950
-1673
-1438
-1123
-608
94
738
1086
1187
1262
1341
1201
790
341
59
-192
-598
-1025
-1145
-926
-744
-815
-958
-859
-609
-514
-643
-710
-522
-205
43
182
362
637
928
1117
1154
1044
817
436
-102
-620
-954
-1129
-1363
-1681
-1818
-1587
-1170
-827
-552
-249
64
277
417
599
771
747
527
291
165
120
20
-173
-394
-526
-507
-384
-230
-60
135
287
370
463
614
692
518
170
-90
-213
-350
-541
-599
-412
-108
218
625
1146
1670
2152
2640
3014
3003
2533
2028
1866
1823
1426
625
-155
-627
-929
-1252
-1460
-1397
-1222
-1178
-1188
-925
-302
340
636
672
793
1111
1414
1478
1359
1193
923
450
-62
-414
-690
-1137
-1785
-2289
-2459
-2443
-2392
-2209
-1806
-1308
-845
-352
303
950
1319
1383
1339
1281
1101
740
312
-35
-342
-673
-946
-1001
-877
-801
-867
-924
-816
-693
-696
-757
-687
-488
-245
31
365
699
915
1079
1241
1300
1084
641
157
-280
-708
-1125
-1407
-1563
-1626
-1596
-1399
-1040
-620
-266
-68
52
183
369
513
512
405
297
238
166
78
-17
-103
-211
-321
-367
-321
-182
31
244
360
432
545
694
710
471
132
-124
-298
-501
-679
-667
-416
-109
152
560
1187
1844
2335
2662
2880
2878
2493
1993
1769
1712
1349
541
-275
-694
-834
-1065
-1342
-1409
-1263
-1131
-1072
-841
-294
326
622
637
736
1085
1446
1482
1251
1034
839
457
-73
-507
-790
-1177
-1794
-2307
-2448
-2341
-2224
-2085
-1755
-1243
-729
-248
321
899
1251
1328
1276
1197
1039
722
333
-27
-344
-633
-828
-859
-798
-791
-863
-870
-757
-676
-712
-767
-699
-454
-123
173
442
698
924
1097
1181
1139
914
484
-54
-515
-837
-1088
-1324
-1501
-1498
-1342
-1140
-881
-517
-185
-58
-63
-3
193
348
305
176
125
132
108
39
-38
-112
-227
-350
-392
-325
-158
75
277
419
565
717
828
783
552
235
-70
-347
-577
-687
-628
-379
-50
310
742
1257
1811
2374
2860
3071
2854
2280
1827
1776
1774
1323
472
-255
-601
-799
-1091
-1275
-1179
-1036
-1079
-1156
-865
-185
402
545
454
558
929
1237
1207
1020
924
794
386
-169
-526
-668
-994
-1679
-2300
-2475
-2318
-2182
-2099
-1844
-1339
-789
-295
252
808
1227
1366
1283
1107
912
687
397
47
-350
-648
-749
-698
-661
-715
-758
-716
-652
-711
-812
-810
-681
-549
-445
-177
324
787
932
880
988
1292
1350
871
129
-406
-641
-863
-1217
-1492
-1509
-1416
-1369
-1245
-854
-309
19
-13
-90
124
490
628
415
140
66
94
13
-147
-200
-172
-216
-362
-384
-123
239
417
388
395
543
689
642
424
182
-38
-267
-483
-562
-461
-230
9
260
666
1215
1701
1971
2221
2637
2956
2701
1988
1558
1684
1740
1107
140
-389
-459
-649
-1134
-1394
-1147
-839
-920
-1112
-818
-57
523
539
370
556
1033
1269
1082
845
811
710
253
-346
-686
-851
-1247
-1912
-2433
-2556
-2428
-2258
-2054
-1705
-1213
-656
-67
470
864
1119
1272
1265
1049
718
442
266
32
-312
-616
-714
-646
-612
-669
-716
-687
-676
-786
-920
-882
-674
-449
-246
54
490
849
976
1021
1187
1370
1221
637
-49
-480
-669
-882
-1206
-1472
-1508
-1381
-1244
-1069
-708
-226
78
104
85
307
643
710
417
64
-60
-18
-33
-179
-318
-350
-333
-328
-251
-3
325
497
438
393
540
733
717
438
76
-182
-343
-452
-472
-398
-268
-106
128
528
1103
1607
1890
2160
2570
2912
2764
2184
1817
1910
1862
1187
265
-259
-409
-741
-1333
-1615
-1383
-1128
-1217
-1328
-964
-190
387
448
401
663
1132
1352
1161
929
901
800
353
-214
-573
-794
-1231
-1903
-2408
-2539
-2455
-2352
-2160
-1803
-1304
-723
-128
421
819
1084
1261
1286
1115
831
581
369
99
-233
-491
-587
-574
-571
-629
-704
-757
-802
-905
-1004
-973
-805
-593
-365
21
541
918
1012
1033
1232
1428
1237
681
120
-235
-536
-937
-1305
-1429
-1358
-1319
-1350
-1231
-790
-241
32
-24
-30
277
637
652
347
113
131
161
6
-219
-297
-255
-264
-345
-313
-52
278
441
424
462
675
854
721
346
32
-84
-161
-388
-642
-666
-423
-126
82
329
809
1412
1833
2095
2467
2935
3053
2568
1967
1842
1975
1639
716
-173
-582
-788
-1204
-1651
-1727
-1512
-1405
-1436
-1227
-553
246
633
626
687
1043
1428
1457
1171
918
771
494
34
-413
-748
-1127
-1690
-2248
-2549
-2574
-2448
-2227
-1910
-1506
-1019
-451
146
648
968
1149
1251
1229
1044
767
502
280
28
-279
-528
-593
-540
-580
-789
-995
-1036
-1005
-1063
-1142
-1049
-770
-406
-28
383
776
1042
1228
1391
1435
1253
913
519
79
-427
-878
-1129
-1238
-1363
-1475
-1410
-1152
-784
-417
-148
41
217
411
559
551
428
309
207
62
-82
-149
-173
-255
-351
-325
-173
-16
120
285
426
497
530
585
581
417
147
-90
-234
-365
-502
-604
-581
-390
-103
229
623
1079
1537
1987
2465
2951
3166
2876
2392
2207
2224
1857
940
-6
-550
-939
-1502
-1980
-1968
-1635
-1449
-1458
-1243
-537
297
747
772
771
1035
1372
1405
1136
903
813
620
175
-321
-663
-1001
-1536
-2143
-2571
-2741
-2688
-2475
-2149
-1779
-1356
-748
-4
591
919
1152
1398
1497
1270
862
583
458
246
-141
-491
-584
-511
-578
-856
-1089
-1092
-1039
-1163
-1326
-1215
-824
-420
-87
329
835
1198
1328
1411
1563
1620
1362
824
192
-369
-760
-1002
-1215
-1457
-1616
-1576
-1349
-1040
-669
-272
30
180
284
470
664
716
568
330
124
18
-20
-93
-268
-440
-434
-292
-134
24
242
461
536
500
523
594
497
171
-191
-398
-512
-670
-816
-773
-494
-132
184
514
997
1574
2080
2523
2949
3205
3017
2498
2149
2124
1913
1130
116
-589
-959
-1387
-1879
-2038
-1801
-1552
-1505
-1367
-777
126
770
894
842
1056
1485
1669
1387
979
791
654
264
-308
-757
-1035
-1404
-1982
-2514
-2732
-2619
-2347
-2104
-1904
-1549
-907
-153
409
715
1001
1361
1533
1319
953
764
690
455
0
-391
-504
-494
-622
-898
-1119
-1154
-1136
-1236
-1348
-1243
-880
-445
-90
262
704
1124
1406
1585
1678
1607
1317
863
380
-95
-566
-955
-1238
-1452
-1568
-1543
-1382
-1109
-778
-428
-114
116
313
537
699
692
549
382
266
169
33
-152
-330
-417
-386
-302
-226
-115
90
301
396
405
432
454
331
50
-221
-364
-457
-620
-762
-718
-454
-132
124
456
987
1558
2010
2440
2938
3289
3134
2588
2234
2184
1905
1044
-20
-743
-1126
-1553
-2020
-2107
-1767
-1405
-1286
-1137
-552
369
1005
1054
905
1027
1399
1521
1208
855
760
678
321
-195
-575
-815
-1218
-1841
-2417
-2712
-2697
-2494
-2246
-2004
-1644
-1036
-246
429
820
1092
1390
1560
1395
1008
695
562
384
4
-403
-583
-539
-530
-742
-1043
-1164
-1133
-1176
-1328
-1362
-1084
-582
-100
278
645
1040
1444
1769
1863
1704
1397
1005
498
-124
-709
-1068
-1253
-1473
-1709
-1745
-1492
-1085
-693
-397
-148
115
383
602
677
611
501
397
240
56
-81
-168
-264
-399
-459
-381
-207
-23
123
215
271
338
403
377
202
-53
-274
-418
-533
-609
-592
-469
-254
-15
294
743
1261
1712
2154
2688
3177
3260
2818
2369
2291
2230
1592
507
-394
-848
-1236
-1796
-2105
-1891
-1482
-1313
-1244
-814
44
823
1078
996
1006
1237
1408
1269
974
789
651
343
-67
-380
-596
-996
-1631
-2198
-2502
-2644
-2678
-2516
-2161
-1756
-1358
-768
37
724
1041
1162
1313
1423
1269
867
527
361
176
-172
-497
-591
-500
-504
-754
-1017
-1097
-1078
-1159
-1287
-1266
-984
-562
-87
475
1023
1445
1727
1897
1919
1728
1332
846
267
-443
-1095
-1482
-1623
-1700
-1771
-1722
-1418
-928
-435
-63
161
343
547
677
630
519
446
368
180
-73
-182
-168
-221
-407
-538
-478
-310
-161
-61
61
201
298
315
258
125
-27
-193
-374
-513
-560
-490
-346
-141
156
585
1075
1489
1858
2370
2985
3339
3106
2506
2165
2174
1981
1187
172
-496
-856
-1317
-1840
-1931
-1552
-1234
-1235
-1141
-512
423
1029
1110
1045
1146
1331
1336
1127
875
654
325
-121
-474
-651
-854
-1319
-1920
-2322
-2454
-2496
-2473
-2256
-1873
-1501
-1131
-574
169
776
1033
1106
1181
1198
1019
700
420
191
-86
-374
-531
-512
-456
-533
-717
-873
-956
-1032
-1112
-1108
-1004
-839
-584
-52
756
1422
1674
1710
1850
2023
1858
1294
677
99
-587
-1329
-1795
-1824
-1725
-1747
-1748
-1399
-738
-98
270
411
536
715
806
687
490
337
207
-30
-305
-394
-318
-326
-532
-688
-585
-337
-191
-139
-28
144
251
237
180
93
-62
-264
-454
-595
-599
-444
-233
-59
157
649
1337
1866
2199
2687
3324
3550
3024
2323
2185
2292
1761
542
-497
-873
-1048
-1515
-1961
-1817
-1310
-1054
-1094
-836
22
938
1227
996
912
1196
1455
1306
956
765
630
259
-224
-481
-600
-994
-1738
-2377
-2580
-2558
-2575
-2516
-2208
-1718
-1210
-648
62
750
1154
1237
1215
1200
1099
851
493
134
-170
-409
-542
-510
-421
-442
-611
-785
-853
-933
-1091
-1209
-1155
-1040
-890
-417
414
1166
1387
1330
1609
2116
2201
1646
883
276
-288
-965
-1538
-1761
-1789
-1884
-2005
-1853
-1272
-471
79
219
274
573
1003
1152
918
640
486
229
-160
-419
-405
-373
-618
-891
-814
-445
-116
23
81
174
281
357
343
191
-51
-322
-527
-678
-717
-561
-310
-73
123
430
975
1591
2046
2424
2887
3316
3370
2887
2360
2249
2229
1635
498
-492
-917
-1143
-1622
-2031
-1899
-1450
-1210
-1133
-710
221
1068
1271
1114
1128
1377
1493
1235
829
565
362
18
-387
-662
-816
-1145
-1771
-2353
-2571
-2523
-2467
-2410
-2154
-1661
-1101
-532
98
699
1091
1225
1243
1196
1023
724
380
45
-283
-544
-623
-543
-505
-595
-721
-771
-778
-878
-1030
-1073
-972
-831
-618
-144
600
1244
1431
1417
1659
2061
2073
1486
677
74
-440
-1087
-1653
-1869
-1836
-1862
-1943
-1731
-1044
-226
275
435
550
842
1154
1159
855
518
277
16
-327
-591
-619
-579
-719
-902
-825
-458
-76
80
88
157
312
423
392
223
-12
-218
-395
-538
-609
-595
-503
-336
-81
330
918
1507
2021
2584
3216
3673
3605
3076
2640
2509
2199
1323
165
-692
-1154
-1565
-2006
-2084
-1700
-1296
-1139
-954
-323
579
1136
1130
995
1100
1300
1272
1014
849
795
554
77
-304
-447
-674
-1298
-2112
-2609
-2727
-2760
-2809
-2636
-2120
-1475
-891
-283
446
1090
1404
1402
1301
1188
971
578
123
-224
-471
-640
-721
-691
-606
-607
-707
-810
-865
-950
-1054
-1084
-986
-850
-597
3
821
1380
1467
1512
1851
2168
1942
1260
595
34
-637
-1376
-1821
-1864
-1821
-1923
-1941
-1541
-781
-15
396
516
682
1011
1251
1134
792
513
312
-40
-451
-635
-588
-600
-833
-977
-760
-343
-58
50
133
291
468
543
483
294
44
-210
-451
-672
-760
-682
-549
-414
-257
140
867
1613
2039
2309
2824
3515
3791
3265
2527
2280
2252
1640
405
-627
-1000
-1224
-1828
-2337
-2097
-1418
-1046
-1043
-766
147
1123
1417
1205
1123
1354
1501
1200
742
548
520
231
-294
-693
-855
-1112
-1705
-2293
-2525
-2505
-2464
-2334
-1972
-1425
-859
-313
318
900
1231
1340
1367
1295
1004
551
140
-102
-329
-635
-857
-858
-759
-769
-901
-975
-901
-916
-1089
-1169
-970
-660
-411
-126
417
1091
1452
1513
1594
1755
1684
1216
555
-44
-602
-1233
-1768
-2000
-1984
-1896
-1776
-1509
-938
-187
419
740
892
1087
1296
1261
940
580
308
32
-315
-614
-708
-696
-734
-781
-680
-407
-106
115
244
353
494
594
555
348
70
-122
-253
-409
-569
-661
-627
-483
-261
80
611
1265
1805
2143
2537
3161
3716
3594
2836
2233
2120
1922
1035
-180
-956
-1242
-1640
-2186
-2294
-1753
-1133
-936
-867
-311
734
1469
1458
1104
1033
1283
1337
930
485
389
367
65
-453
-800
-936
-1220
-1807
-2389
-2626
-2546
-2307
-2055
-1761
-1303
-646
107
715
1054
1256
1439
1450
1139
625
221
5
-233
-614
-964
-1035
-895
-822
-940
-1084
-1060
-957
-996
-1122
-1060
-731
-387
-142
244
848
1407
1617
1565
1529
1489
1263
796
196
-466
-1112
-1606
-1848
-1873
-1801
-1637
-1339
-894
-329
309
819
1061
1107
1099
1098
986
699
322
-11
-268
-439
-553
-631
-644
-605
-546
-471
-322
-63
206
286
257
339
524
552
302
6
-111
-136
-331
-633
-724
-544
-327
-246
-44
657
1609
2138
2238
2564
3403
3971
3431
2332
1883
2024
1604
287
-932
-1237
-1235
-1767
-2444
-2240
-1277
-632
-719
-742
111
1304
1681
1148
746
1081
1514
1210
451
213
542
567
-87
-768
-879
-809
-1250
-2088
-2606
-2545
-2257
-2087
-1928
-1540
-863
-86
509
850
1067
1327
1499
1298
723
184
-61
-211
-538
-980
-1187
-1059
-891
-983
-1194
-1187
-939
-818
-1043
-1217
-908
-336
-30
52
385
1074
1601
1574
1326
1274
1302
1017
365
-361
-877
-1201
-1547
-1855
-1929
-1666
-1245
-909
-602
-60
645
1093
1138
1035
1086
1158
941
459
52
-113
-208
-397
-631
-690
-538
-404
-403
-387
-176
162
337
255
233
444
624
475
107
-90
-71
-134
-447
-732
-679
-377
-126
2
345
1100
1882
2252
2434
2969
3683
3692
2731
1778
1636
1682
933
-421
-1277
-1369
-1470
-1973
-2223
-1648
-839
-592
-740
-370
703
1556
1439
841
765
1229
1406
879
327
352
541
202
-512
-863
-802
-967
-1701
-2470
-2670
-2368
-2060
-1928
-1732
-1220
-416
325
779
997
1220
1431
1341
844
256
-45
-197
-492
-959
-1260
-1187
-963
-915
-1078
-1161
-995
-783
-863
-1100
-1011
-510
-99
-62
90
794
1613
1763
1345
1136
1341
1366
787
-47
-607
-942
-1360
-1775
-1880
-1591
-1217
-997
-804
-322
451
1095
1264
1103
1041
1173
1152
745
230
-58
-159
-343
-643
-787
-668
-500
-484
-533
-413
-81
216
261
145
164
369
484
290
-49
-172
-107
-190
-520
-732
-571
-246
-63
99
650
1484
2056
2217
2494
3193
3703
3269
2206
1585
1611
1372
321
-881
-1362
-1364
-1620
-2064
-1923
-1127
-501
-471
-459
259
1258
1586
1127
743
970
1296
1068
505
317
501
430
-138
-657
-770
-829
-1319
-2100
-2550
-2497
-2224
-2030
-1822
-1396
-713
46
631
992
1218
1393
1394
1077
495
-30
-308
-506
-810
-1188
-1352
-1185
-936
-912
-1027
-997
-777
-688
-904
-1034
-734
-238
-67
-55
383
1219
1747
1555
1164
1143
1250
944
237
-442
-899
-1304
-1715
-1919
-1748
-1349
-993
-737
-404
180
875
1284
1251
1051
991
1011
836
423
37
-149
-258
-445
-660
-729
-605
-477
-514
-610
-502
-137
181
200
89
212
495
535
223
-64
-50
-3
-264
-667
-780
-496
-161
22
371
1110
1914
2314
2498
3028
3713
3692
2681
1641
1417
1443
761
-499
-1275
-1309
-1333
-1757
-1906
-1248
-441
-258
-498
-165
828
1536
1288
701
701
1153
1265
775
392
490
599
162
-505
-799
-816
-1112
-1887
-2547
-2664
-2358
-2070
-1880
-1568
-1000
-233
437
873
1080
1224
1313
1170
667
27
-355
-504
-697
-1093
-1383
-1271
-913
-743
-892
-985
-799
-554
-666
-982
-950
-453
-48
-101
-109
532
1476
1774
1314
894
1037
1207
776
-1
-567
-882
-1338
-1840
-1953
-1543
-1085
-941
-863
-433
372
1094
1375
1233
1089
1126
1137
862
365
-2
-158
-340
-690
-892
-729
-463
-482
-686
-622
-208
193
236
83
64
280
445
287
-48
-166
-33
-45
-404
-709
-511
-31
166
125
527
1457
2166
2222
2272
2972
3696
3336
2068
1272
1435
1500
536
-814
-1311
-1090
-1182
-1773
-1818
-928
-83
-139
-502
18
1195
1733
1139
476
687
1281
1223
540
184
424
575
70
-618
-859
-791
-1082
-1894
-2543
-2546
-2114
-1828
-1790
-1604
-942
-67
517
711
802
1045
1217
962
308
-288
-499
-523
-769
-1240
-1449
-1146
-719
-679
-938
-955
-576
-344
-670
-1086
-904
-281
12
-202
-146
705
1628
1703
1121
826
1107
1205
625
-187
-647
-875
-1275
-1719
-1753
-1258
-755
-586
-525
-100
689
1308
1365
1036
861
945
922
531
43
-161
-169
-352
-709
-828
-610
-403
-529
-746
-629
-219
76
46
-52
87
395
486
240
-83
-147
-41
-184
-606
-836
-594
-196
-62
-4
594
1620
2253
2194
2216
2931
3669
3309
2017
1193
1341
1412
524
-704
-1128
-902
-1037
-1639
-1653
-742
60
-42
-440
15
1099
1591
1054
499
721
1213
1085
418
187
539
696
122
-601
-729
-518
-787
-1668
-2315
-2236
-1820
-1720
-1839
-1615
-880
-125
215
326
580
985
1101
700
69
-290
-331
-425
-777
-1174
-1208
-903
-668
-743
-902
-807
-526
-489
-861
-1121
-837
-303
-159
-390
-206
638
1360
1216
663
611
1025
1058
422
-268
-525
-646
-1041
-1434
-1387
-969
-657
-637
-579
-129
570
1038
1002
730
704
930
945
531
59
-100
-97
-311
-659
-749
-567
-460
-595
-683
-441
-27
207
180
138
268
479
470
188
-52
-68
-84
-340
-695
-725
-375
-48
70
223
827
1679
2188
2153
2187
2835
3486
3170
1931
1081
1281
1533
769
-482
-972
-738
-807
-1440
-1606
-858
-119
-198
-588
-228
768
1383
1041
507
611
1080
1134
587
230
453
691
233
-507
-692
-445
-604
-1482
-2219
-2189
-1809
-1785
-1967
-1767
-1107
-477
-188
30
420
836
906
578
131
-99
-139
-293
-654
-979
-988
-779
-645
-706
-768
-692
-562
-603
-861
-1016
-826
-451
-347
-502
-309
447
1122
1049
579
562
1015
1155
658
32
-250
-422
-774
-1090
-1036
-711
-557
-643
-645
-248
404
827
773
505
510
786
897
573
137
-51
-76
-260
-585
-696
-573
-484
-622
-700
-455
-44
186
127
78
239
473
458
193
-23
-30
-64
-326
-652
-666
-371
-158
-148
-5
698
1651
2120
1949
1935
2720
3551
3285
2001
1132
1370
1595
776
-503
-908
-560
-615
-1344
-1642
-851
33
34
-536
-405
556
1285
1008
386
461
1034
1243
717
363
650
995
601
-229
-541
-386
-510
-1339
-2133
-2271
-1991
-1888
-1971
-1775
-1211
-568
-200
46
362
711
827
583
173
-134
-227
-358
-595
-852
-915
-809
-720
-735
-798
-787
-761
-796
-969
-1109
-982
-642
-457
-512
-423
155
892
1106
845
687
897
1024
713
246
-11
-193
-594
-1006
-1073
-807
-587
-630
-683
-422
138
639
781
610
520
696
846
641
207
-44
-58
-184
-545
-739
-550
-330
-448
-669
-540
-83
222
156
91
265
517
502
229
45
79
94
-168
-537
-618
-325
-48
-29
-2
460
1325
1960
1990
1798
2099
2863
3181
2507
1444
1100
1422
1336
422
-432
-433
-206
-674
-1513
-1499
-588
-15
-429
-927
-379
779
1256
781
433
896
1474
1238
487
309
818
961
173
-707
-734
-332
-601
-1558
-2168
-1998
-1703
-1848
-2040
-1708
-1047
-645
-531
-265
254
633
587
305
92
3
-122
-331
-533
-705
-818
-877
-855
-818
-894
-1013
-1033
-956
-975
-1053
-950
-603
-330
-344
-260
291
996
1173
797
578
881
1200
966
373
-9
-113
-332
-722
-908
-682
-431
-536
-744
-493
255
818
731
388
482
934
1033
523
-23
-93
-29
-342
-816
-842
-475
-344
-617
-758
-362
173
288
79
31
320
590
499
172
-3
40
-14
-289
-595
-584
-324
-173
-150
42
665
1422
1826
1795
1895
2532
3173
3029
2095
1372
1489
1706
1161
135
-374
-261
-427
-1124
-1513
-994
-329
-396
-885
-736
229
1011
936
551
743
1305
1465
998
645
890
1141
727
-81
-476
-393
-538
-1304
-2104
-2365
-2258
-2217
-2269
-2087
-1627
-1095
-678
-302
93
421
599
578
389
106
-96
-180
-254
-478
-796
-930
-839
-757
-933
-1214
-1261
-1060
-1016
-1240
-1299
-900
-393
-303
-441
-157
678
1309
1218
864
904
1246
1212
749
387
334
167
-393
-881
-855
-515
-492
-784
-792
-265
316
480
406
539
910
1014
658
233
149
207
-42
-547
-804
-613
-421
-535
-704
-529
-143
25
-40
19
332
557
502
301
167
123
5
-257
-525
-662
-617
-507
-404
-203
187
797
1387
1737
1836
2039
2624
3213
3139
2290
1541
1547
1795
1362
350
-263
-291
-486
-1222
-1683
-1218
-514
-532
-1083
-977
79
1074
1156
784
900
1473
1699
1272
918
1131
1389
903
-75
-567
-410
-452
-1306
-2357
-2752
-2509
-2340
-2487
-2483
-1986
-1293
-840
-556
-168
382
747
718
419
178
179
216
32
-431
-826
-920
-835
-911
-1222
-1432
-1356
-1198
-1308
-1498
-1354
-824
-414
-481
-566
-114
799
1364
1232
993
1179
1544
1532
1135
803
643
261
-406
-877
-832
-638
-763
-1049
-973
-400
183
443
546
740
946
912
633
359
217
23
-333
-681
-774
-617
-481
-510
-526
-329
-39
125
174
281
450
486
338
183
101
-18
-256
-532
-713
-761
-697
-542
-285
47
430
841
1251
1590
1931
2443
2995
3200
2795
2138
1868
2040
1982
1306
387
-175
-456
-914
-1446
-1552
-1160
-941
-1142
-1202
-504
600
1193
1058
910
1302
1792
1780
1349
1176
1345
1238
552
-168
-340
-334
-896
-2036
-2860
-2891
-2637
-2713
-2974
-2771
-2025
-1311
-921
-559
61
706
934
748
560
594
639
390
-103
-547
-737
-793
-953
-1220
-1450
-1496
-1445
-1445
-1539
-1479
-1143
-753
-579
-596
-322
426
1207
1425
1253
1294
1653
1862
1590
1175
900
579
-25
-640
-909
-902
-947
-1129
-1145
-829
-313
140
452
611
702
775
748
561
258
11
-198
-406
-625
-699
-611
-510
-449
-403
-268
-95
101
269
370
363
339
360
281
22
-308
-500
-644
-857
-1003
-895
-565
-224
67
507
1157
1765
2127
2433
2952
3458
3389
2691
2080
2080
2204
1692
648
-106
-321
-599
-1248
-1696
-1399
-912
-914
-1182
-853
226
1124
1223
999
1275
1888
2115
1747
1413
1516
1557
1003
117
-386
-493
-883
-1902
-2917
-3227
-3019
-2952
-3145
-3058
-2435
-1631
-1074
-688
-154
488
883
888
686
542
513
410
76
-403
-772
-910
-938
-1099
-1414
-1631
-1626
-1545
-1601
-1702
-1554
-1098
-671
-544
-380
193
1066
1677
1693
1530
1677
2008
2043
1601
990
535
143
-382
-916
-1156
-1104
-1047
-1145
-1109
-615
125
623
693
623
751
940
829
398
-8
-178
-305
-566
-827
-769
-477
-330
-431
-472
-190
210
355
243
220
338
354
138
-133
-264
-385
-648
-934
-957
-699
-403
-204
15
462
1072
1599
1970
2398
3009
3427
3223
2556
2149
2272
2283
1609
587
-54
-294
-702
-1338
-1629
-1325
-991
-1074
-1179
-651
386
1105
1164
1067
1436
2037
2198
1807
1461
1498
1484
960
145
-346
-563
-1085
-2084
-2962
-3207
-3049
-3002
-3117
-2964
-2357
-1563
-926
-445
26
535
883
925
785
621
506
318
-20
-437
-762
-931
-1002
-1121
-1377
-1637
-1720
-1638
-1612
-1689
-1629
-1243
-780
-481
-149
491
1245
1628
1599
1597
1869
2094
1904
1302
596
64
-291
-592
-918
-1216
-1346
-1280
-1094
-778
-270
313
667
718
688
818
988
851
407
-60
-340
-465
-573
-690
-731
-681
-593
-480
-311
-40
266
431
422
409
481
521
369
70
-198
-422
-688
-916
-907
-700
-506
-370
-80
577
1356
1900
2281
2800
3389
3544
3022
2387
2298
2468
2043
933
-51
-368
-470
-991
-1597
-1602
-1137
-936
-1087
-912
-17
939
1188
965
1099
1750
2217
2042
1561
1414
1514
1287
623
-27
-405
-860
-1710
-2693
-3209
-3226
-3182
-3247
-3157
-2645
-1873
-1150
-573
-23
483
812
902
821
668
467
212
-77
-347
-604
-806
-933
-1032
-1161
-1345
-1517
-1620
-1687
-1748
-1708
-1509
-1163
-683
-76
591
1112
1388
1592
1896
2116
2007
1578
1048
510
-101
-652
-939
-993
-1109
-1338
-1389
-1007
-375
127
369
516
729
924
968
824
601
349
24
-348
-605
-649
-587
-632
-767
-754
-507
-164
67
157
238
372
523
621
584
394
124
-109
-269
-398
-529
-632
-634
-507
-305
-19
445
1107
1885
2595
3061
3246
3187
2984
2779
2611
2337
1764
911
13
-662
-1034
-1232
-1355
-1430
-1436
-1276
-867
-220
467
964
1164
1271
1463
1729
1905
1846
1626
1313
995
691
446
136
-400
-1175
-1986
-2570
-2922
-3120
-3226
-3173
-2930
-2481
-1826
-1066
-368
143
506
766
881
781
537
270
18
-290
-625
-814
-821
-802
-930
-1141
-1259
-1267
-1358
-1584
-1749
-1680
-1418
-1078
-603
82
818
1290
1469
1623
1873
1947
1553
827
171
-239
-608
-1036
-1326
-1301
-1056
-823
-587
-196
321
689
754
688
704
772
698
426
101
-103
-195
-271
-369
-458
-507
-530
-544
-541
-439
-218
40
255
415
561
709
789
718
477
148
-166
-375
-533
-674
-761
-705
-466
-118
312
844
1520
2316
3039
3359
3175
2772
2634
2765
2640
1919
915
159
-339
-863
-1397
-1615
-1462
-1316
-1363
-1203
-499
481
1137
1256
1260
1497
1832
1893
1662
1410
1229
964
538
193
47
-151
-720
-1514
-2104
-2375
-2557
-2802
-2917
-2745
-2378
-1947
-1397
-667
34
444
564
620
709
654
328
-136
-484
-650
-757
-879
-930
-870
-832
-934
-1118
-1248
-1297
-1383
-1489
-1401
-1048
-578
-201
115
553
1175
1700
1794
1405
798
294
-68
-422
-817
-1145
-1332
-1369
-1221
-809
-200
324
526
495
503
672
837
753
417
33
-165
-178
-162
-236
-344
-386
-385
-401
-391
-258
-35
104
112
199
508
878
997
777
457
266
133
-110
-456
-670
-616
-435
-315
-195
109
703
1408
2093
2778
3301
3435
3105
2745
2754
2891
2519
1493
329
-455
-919
-1347
-1707
-1785
-1641
-1516
-1315
-724
266
1146
1441
1334
1394
1722
1932
1700
1272
1008
879
612
222
20
-44
-344
-1099
-1905
-2278
-2282
-2358
-2649
-2824
-2558
-1924
-1269
-729
-206
329
709
801
657
499
362
78
-412
-954
-1248
-1198
-1005
-903
-957
-1002
-919
-801
-855
-1085
-1193
-1028
-782
-700
-665
-301
432
1049
1216
1078
963
824
374
-315
-826
-981
-1117
-1479
-1770
-1535
-839
-220
1
134
466
835
889
622
390
317
191
-116
-371
-344
-128
-61
-213
-334
-223
-24
17
-89
-83
171
499
698
786
879
987
920
631
280
4
-249
-563
-790
-740
-397
-68
130
495
1300
2412
3356
3686
3504
3163
2966
2941
2862
2457
1645
570
-507
-1291
-1665
-1750
-1815
-1972
-2046
-1658
-817
164
919
1314
1476
1574
1690
1826
1885
1690
1257
735
360
213
153
-92
-619
-1284
-1833
-2152
-2351
-2515
-2581
-2468
-2209
-1826
-1280
-532
235
702
818
801
844
860
600
73
-473
-844
-1087
-1287
-1388
-1310
-1163
-1128
-1196
-1179
-1031
-920
-924
-923
-765
-500
-208
71
390
727
991
1073
881
451
-59
-495
-879
-1262
-1624
-1799
-1726
-1477
-1135
-710
-230
187
428
519
546
565
541
424
244
81
3
-5
-3
-59
-140
-179
-176
-165
-171
-161
-57
146
438
742
974
1118
1174
1118
898
532
154
-180
-516
-794
-857
-580
-167
105
338
956
2069
3263
3885
3754
3300
2993
2962
2957
2687
2048
1124
51
-910
-1521
-1740
-1841
-2038
-2269
-2152
-1442
-386
583
1176
1448
1630
1848
2013
2032
1831
1442
911
406
86
-8
-94
-476
-1108
-1750
-2122
-2258
-2356
-2486
-2556
-2419
-2031
-1439
-734
-14
581
955
1120
1151
1092
875
433
-168
-715
-1069
-1243
-1340
-1427
-1479
-1489
-1458
-1406
-1313
-1217
-1105
-923
-680
-431
-197
148
608
1014
1159
1056
793
399
-130
-654
-1036
-1365
-1736
-2048
-2038
-1686
-1212
-822
-478
-129
152
284
304
337
382
339
171
26
54
198
262
127
-41
-63
-22
-54
-150
-123
76
286
447
674
1010
1254
1259
1090
909
770
540
166
-258
-543
-551
-316
-51
126
398
1073
2127
3237
3852
3826
3443
3144
3153
3171
2841
2036
1029
-14
-957
-1641
-1904
-1936
-2076
-2374
-2304
-1479
-273
630
953
1078
1357
1706
1823
1707
1531
1337
944
409
41
36
30
-443
-1336
-2084
-2312
-2314
-2479
-2785
-2844
-2488
-1908
-1272
-545
244
902
1235
1300
1316
1336
1140
570
-196
-790
-1027
-1084
-1186
-1311
-1351
-1297
-1293
-1356
-1366
-1285
-1206
-1164
-1026
-687
-183
295
652
918
1130
1194
985
470
-176
-762
-1219
-1611
-1888
-1976
-1841
-1552
-1203
-794
-371
-57
51
20
-108
-218
-314
-323
-266
-147
-2
184
390
525
564
473
298
119
6
-32
-4
108
349
709
1017
1146
1128
1031
886
650
331
-40
-323
-472
-404
-185
62
356
981
2005
3258
4120
4190
3749
3334
3317
3371
3075
2240
1185
104
-851
-1566
-1854
-1877
-1977
-2298
-2374
-1698
-538
489
919
1037
1198
1479
1649
1672
1586
1381
953
454
188
234
199
-355
-1277
-2113
-2502
-2668
-2893
-3095
-3042
-2715
-2208
-1566
-690
317
1061
1371
1463
1591
1708
1510
907
182
-391
-773
-1054
-1240
-1246
-1129
-1094
-1206
-1319
-1262
-1094
-1034
-1088
-1058
-832
-507
-152
306
830
1215
1219
940
590
255
-196
-782
-1395
-1882
-2136
-2140
-1877
-1426
-931
-560
-318
-199
-114
-115
-279
-583
-874
-999
-908
-699
-472
-194
113
406
581
622
612
580
500
367
299
346
508
702
883
1037
1075
954
702
502
318
99
-188
-363
-249
37
297
690
1564
2892
4171
4627
4313
3861
3783
3897
3658
2832
1731
620
-456
-1403
-1971
-2093
-2133
-2351
-2549
-2085
-961
254
954
1176
1312
1555
1683
1590
1398
1153
779
213
-215
-272
-91
-251
-922
-1789
-2389
-2650
-2869
-3153
-3317
-3205
-2802
-2186
-1361
-342
599
1205
1491
1668
1859
1906
1540
828
80
-459
-773
-984
-1117
-1144
-1121
-1119
-1140
-1100
-975
-775
-616
-538
-460
-274
75
428
633
744
779
680
379
-73
-504
-909
-1310
-1668
-1821
-1795
-1631
-1344
-923
-474
-192
-156
-236
-336
-526
-777
-1038
-1152
-1139
-1069
-955
-730
-377
-11
237
313
303
382
491
613
683
757
892
1023
1114
1212
1236
1052
704
324
130
-17
-140
-283
-203
-52
155
588
1543
2997
4335
4854
4543
4086
3990
4207
4026
3250
2024
783
-401
-1358
-1917
-2063
-2149
-2470
-2696
-2242
-1053
205
944
1121
1234
1424
1551
1496
1325
1087
683
100
-336
-375
-198
-366
-1028
-1860
-2402
-2657
-2928
-3243
-3421
-3338
-3016
-2483
-1672
-606
333
920
1189
1433
1708
1828
1594
1023
385
-127
-447
-655
-808
-873
-855
-850
-872
-947
-880
-658
-463
-408
-434
-240
281
892
1205
1164
943
728
446
30
-480
-988
-1502
-2000
-2257
-2189
-1840
-1438
-1069
-669
-230
77
137
-29
-314
-618
-927
-1185
-1314
-1281
-1176
-1040
-869
-562
-188
32
46
-34
23
263
544
759
919
1069
1219
1392
1493
1410
1080
626
255
59
-61
-133
-133
-72
51
413
1348
2849
4347
4932
4600
4063
4106
4516
4464
3604
2306
1084
-16
-995
-1688
-1931
-2091
-2485
-2886
-2512
-1268
135
879
991
1084
1428
1714
1611
1297
980
616
37
-501
-628
-409
-485
-1181
-2113
-2664
-2757
-2860
-3201
-3537
-3523
-3130
-2534
-1773
-851
39
646
922
1117
1411
1647
1556
1046
406
-6
-166
-228
-393
-585
-663
-636
-632
-705
-682
-503
-313
-311
-407
-233
392
1066
1408
1355
1166
1041
785
334
-213
-727
-1224
-1723
-2102
-2216
-2063
-1770
-1469
-1151
-826
-533
-314
-264
-386
-609
-814
-911
-925
-947
-967
-947
-812
-630
-513
-459
-448
-438
-397
-275
28
465
831
1011
1127
1354
1590
1575
1243
817
515
275
27
-84
16
256
368
570
1326
2728
4233
4934
4695
4172
4045
4242
4194
3549
2557
1415
235
-875
-1535
-1666
-1715
-2069
-2552
-2384
-1357
-32
813
1077
1143
1356
1552
1542
1326
1003
546
-79
-599
-761
-603
-638
-1156
-1961
-2611
-2908
-3074
-3275
-3467
-3480
-3216
-2688
-1920
-1009
-165
434
741
910
1108
1283
1251
890
369
-48
-237
-297
-401
-511
-552
-543
-555
-595
-530
-335
-167
-107
-89
104
483
881
1160
1294
1269
1069
722
320
-84
-518
-914
-1237
-1439
-1568
-1572
-1412
-1137
-910
-824
-794
-760
-763
-867
-996
-1048
-988
-943
-921
-837
-651
-451
-393
-436
-458
-431
-436
-512
-490
-245
164
506
698
915
1214
1434
1358
1069
783
609
370
33
-168
-60
251
381
522
1138
2555
4189
5059
4867
4316
4257
4592
4605
3824
2648
1393
170
-1085
-1895
-2064
-1951
-2165
-2616
-2423
-1236
314
1187
1341
1303
1567
1746
1585
1182
864
550
-19
-596
-811
-560
-502
-1050
-1987
-2716
-3028
-3231
-3574
-3896
-3885
-3475
-2778
-1917
-940
2
697
1026
1137
1211
1245
1087
621
16
-430
-582
-565
-569
-621
-615
-529
-449
-412
-345
-214
-116
-130
-155
49
578
1171
1515
1486
1260
1078
880
553
41
-517
-974
-1295
-1500
-1566
-1448
-1202
-954
-789
-627
-444
-340
-486
-832
-1122
-1162
-1071
-1076
-1128
-1052
-769
-455
-274
-189
-99
-80
-248
-522
-595
-358
-27
151
189
421
805
1141
1145
956
789
629
376
9
-153
-132
21
-63
146
1004
2717
4447
5256
5074
4659
4828
5233
5247
4277
2923
1347
-58
-1416
-2132
-2245
-2176
-2473
-2898
-2436
-1038
619
1375
1457
1363
1657
1823
1735
1438
1209
884
323
-139
-181
91
-133
-1024
-2218
-3037
-3495
-3944
-4458
-4756
-4627
-4106
-3298
-2153
-799
393
1062
1299
1415
1553
1504
1035
297
-374
-766
-919
-957
-929
-816
-704
-640
-558
-433
-294
-235
-219
-161
-71
110
440
982
1464
1618
1419
1154
909
550
13
-513
-804
-982
-1152
-1301
-1178
-850
-556
-482
-512
-499
-525
-737
-1086
-1258
-1181
-1042
-1054
-1055
-823
-375
-58
-57
-157
-165
-103
-191
-373
-428
-214
68
235
364
633
1004
1157
970
642
457
323
56
-322
-459
-291
17
178
308
888
2077
3706
4931
5240
4828
4492
4669
4964
4617
3533
2084
638
-718
-1860
-2381
-2432
-2426
-2749
-2773
-1881
-254
1076
1492
1385
1455
1761
1842
1557
1154
906
578
143
-117
88
324
-92
-1204
-2345
-3011
-3414
-4014
-4674
-4983
-4695
-3992
-3039
-1828
-534
486
1010
1247
1455
1659
1475
860
57
-519
-795
-920
-999
-1052
-971
-839
-604
-439
-384
-453
-533
-564
-536
-361
75
679
1031
1091
1025
1185
1297
1074
545
49
-190
-399
-646
-864
-870
-742
-630
-572
-468
-365
-394
-624
-943
-1091
-1039
-905
-882
-880
-704
-332
28
210
278
312
275
123
-93
-204
-180
-78
-4
71
240
507
745
721
541
354
315
202
-29
-285
-333
-226
-29
173
551
1216
2344
3739
4750
4959
4498
4273
4519
4711
4070
2795
1369
158
-1081
-2077
-2551
-2478
-2412
-2553
-2308
-1227
316
1284
1423
1225
1373
1537
1392
902
635
601
511
226
155
480
650
128
-1016
-2050
-2744
-3360
-4116
-4753
-4900
-4493
-3785
-2813
-1640
-456
437
951
1312
1637
1718
1340
631
-23
-421
-670
-883
-996
-910
-727
-637
-685
-748
-754
-800
-918
-993
-829
-417
41
402
712
1037
1305
1384
1227
981
619
201
-246
-587
-778
-875
-907
-830
-607
-380
-282
-389
-561
-747
-868
-1000
-1061
-1012
-820
-527
-184
189
559
809
885
799
594
332
55
-116
-161
-107
-53
54
258
512
698
728
619
479
306
113
-61
-186
-161
-30
204
503
797
1148
1468
2289
3378
4217
4082
3388
3168
3764
4199
3629
2439
1321
521
-755
-1952
-2624
-2347
-2309
-2650
-2665
-1439
392
1405
1390
1225
1621
1808
1415
607
418
373
50
-586
-555
202
634
5
-1177
-1805
-2004
-2484
-3426
-4105
-4099
-3746
-3463
-2967
-1935
-690
163
556
973
1530
1718
1265
483
-15
-259
-542
-970
-1228
-1233
-1155
-1201
-1118
-841
-652
-804
-1078
-941
-487
-35
112
281
606
934
980
859
740
624
228
-317
-631
-599
-466
-535
-621
-498
-154
-24
-158
-340
-368
-411
-651
-934
-880
-497
-143
-29
62
439
902
1076
872
607
495
426
230
-9
-97
16
192
346
550
816
954
898
672
533
482
440
288
198
306
550
671
653
694
837
1074
1178
1623
2306
2935
2833
2439
2492
3285
3779
3250
2030
920
249
-712
-1729
-2446
-2302
-2151
-2117
-1942
-813
694
1535
1346
969
1097
1201
739
-238
-767
-860
-771
-842
-629
-123
182
-123
-722
-1123
-1383
-1927
-2707
-3298
-3411
-3221
-2874
-2332
-1537
-726
-52
542
1097
1420
1207
609
21
-314
-581
-937
-1312
-1402
-1303
-1145
-988
-804
-660
-666
-762
-649
-322
2
134
171
289
516
670
704
615
319
-83
-487
-651
-622
-529
-544
-514
-299
45
327
425
421
337
97
-242
-422
-328
-118
-103
-192
-59
416
855
948
775
640
606
492
239
38
36
135
220
276
477
790
1028
1057
1007
1013
1028
897
614
467
513
604
532
441
449
575
542
349
190
249
791
1427
1940
2029
2102
2381
2876
3026
2696
1984
1139
232
-740
-1348
-1574
-1466
-1536
-1496
-1202
-399
388
771
651
385
163
-137
-491
-873
-1050
-1172
-1111
-871
-320
220
448
294
-23
-402
-917
-1571
-2185
-2620
-2859
-2847
-2540
-1919
-1254
-714
-291
115
461
491
155
-346
-694
-828
-928
-1095
-1238
-1174
-973
-731
-556
-332
-174
-173
-298
-317
-157
8
29
-51
-2
108
163
16
-210
-433
-539
-575
-490
-343
-180
-1
219
538
826
954
829
622
488
456
383
224
72
56
166
300
376
439
496
506
398
259
163
172
220
230
289
495
815
1050
1166
1211
1355
1445
1370
1139
949
811
656
461
375
496
555
445
137
-54
-81
-52
-249
-582
-757
-363
563
1453
1824
1781
1898
2329
2726
2611
2160
1570
905
41
-714
-1036
-1027
-1175
-1536
-1612
-1105
-405
-110
-224
-340
-291
-419
-778
-1052
-953
-704
-641
-600
-264
298
553
268
-136
-354
-526
-1008
-1622
-1981
-2024
-2099
-2197
-2143
-1762
-1350
-1117
-915
-618
-279
-191
-303
-458
-464
-465
-523
-653
-690
-622
-511
-444
-423
-388
-392
-383
-298
-120
-10
-83
-219
-199
-49
-32
-146
-258
-181
-32
39
112
252
458
573
644
759
959
1046
930
721
691
823
881
687
364
174
112
44
-103
-174
-168
-145
-146
6
373
733
878
897
1034
1303
1470
1386
1204
1095
1035
915
785
792
901
898
710
559
546
485
159
-340
-622
-630
-555
-619
-673
-547
-225
39
168
296
644
1161
1525
1578
1429
1432
1510
1502
1270
1056
809
401
-223
-708
-815
-823
-1070
-1456
-1458
-1042
-627
-568
-627
-432
-92
-38
-310
-497
-387
-312
-517
-772
-631
-228
-62
-314
-525
-480
-433
-801
-1434
-1825
-1876
-1897
-2035
-2061
-1797
-1350
-999
-665
-260
186
369
286
105
7
-118
-415
-775
-1016
-1053
-1009
-937
-808
-562
-297
-98
64
210
267
233
180
223
300
266
185
154
247
345
361
400
501
595
616
635
749
899
910
772
628
654
680
525
185
-98
-168
-121
-83
-55
97
315
576
774
1052
1342
1471
1319
1056
952
986
918
578
307
311
579
714
651
560
572
577
437
235
79
-2
-141
-318
-434
-310
-67
89
93
118
323
546
590
400
178
-42
-207
-193
93
384
384
209
242
580
863
883
686
508
239
-165
-568
-706
-708
-799
-980
-962
-626
-274
-180
-332
-388
-323
-365
-663
-970
-1090
-1080
-1147
-1214
-1090
-772
-537
-518
-599
-663
-786
-1017
-1221
-1233
-1126
-1020
-919
-751
-505
-261
-76
44
57
-121
-392
-642
-737
-821
-918
-990
-866
-568
-238
22
234
434
524
510
434
437
407
275
90
45
168
317
375
385
438
494
543
561
602
603
548
488
522
639
711
694
631
590
558
481
377
359
428
500
501
509
590
685
666
553
475
467
431
298
183
189
307
418
472
527
598
625
553
455
427
417
308
138
53
138
243
239
151
161
305
439
473
397
319
259
176
33
-155
-372
-522
-650
-716
-722
-592
-384
-170
-37
100
321
617
833
807
514
21
-403
-749
-1085
-1463
-1654
-1649
-1482
-1323
-1100
-785
-456
-242
-157
-133
-268
-520
-815
-1003
-1103
-1083
-980
-772
-498
-168
196
455
520
364
113
-122
-322
-513
-710
-856
-839
-592
-246
64
277
457
565
541
388
214
81
-57
-176
-229
-125
44
146
167
237
352
431
386
241
128
103
170
268
403
509
570
605
650
666
572
361
140
31
28
72
116
249
455
662
777
831
807
659
353
-9
-268
-408
-487
-555
-469
-203
152
457
666
769
791
680
433
167
-48
-198
-322
-341
-250
-21
207
335
383
411
427
358
182
-66
-260
-378
-404
-387
-300
-155
-10
89
158
222
236
136
-68
-186
-152
-55
-42
-80
-72
18
71
-12
-175
-384
-625
-849
-1016
-1073
-1016
-931
-806
-586
-272
28
234
288
273
273
215
54
-117
-237
-290
-285
-276
-212
-53
145
294
404
462
464
402
292
178
89
35
-24
-44
-7
46
68
59
45
29
21
4
-8
-33
-77
-145
-190
-174
-169
-203
-278
-315
-290
-246
-223
-208
-169
-70
22
78
130
202
268
269
200
129
123
121
93
34
2
0
1
-28
-73
-116
-152
-203
-253
-270
-239
-174
-106
-3
122
278
406
475
444
369
318
308
288
191
112
90
114
100
62
73
155
184
86
-33
-32
46
48
-40
-111
-43
86
154
149
192
305
375
348
263
216
207
173
67
-34
-70
-87
-136
-211
-256
-254
-221
-214
-256
-296
-298
-275
-279
-326
-366
-362
-296
-205
-163
-146
-110
-57
-26
-23
-31
-43
-31
-60
-112
-104
-20
68
118
139
170
283
374
353
261
210
181
122
12
-94
-92
-24
7
-10
29
145
265
272
177
78
23
-46
-142
-231
-275
-269
-257
-196
-78
70
202
291
326
329
322
303
289
263
188
120
109
130
121
61
20
30
37
-35
-162
-281
-334
-352
-412
-436
-385
-302
-262
-268
-262
-211
-170
-194
-230
-219
-166
-110
-57
4
77
124
139
136
123
70
-35
-136
-202
-221
-232
-231
-219
-179
-132
-61
45
144
189
146
83
92
148
156
97
19
13
36
29
-30
-60
-71
-99
-145
-162
-100
-60
-90
-159
-147
-36
83
111
101
142
210
237
219
216
264
281
196
89
64
75
31
-66
-107
-40
53
98
142
252
399
489
463
416
396
370
297
188
112
94
90
43
13
32
71
89
49
-6
-20
-44
-143
-257
-306
-287
-256
-241
-207
-119
-11
48
68
85
126
144
102
51
50
124
212
257
284
330
379
371
289
198
116
23
-114
-258
-340
-349
-332
-323
-318
-286
-246
-236
-256
-285
-300
-320
-357
-414
-420
-381
-334
-293
-255
-209
-158
-117
-111
-103
-109
-132
-148
-154
-182
-249
-322
-349
-303
-235
-181
-139
-73
7
75
133
191
227
213
155
91
36
-20
-105
-194
-248
-254
-224
-184
-144
-107
-55
10
75
129
180
228
266
278
280
312
373
434
449
428
403
387
360
299
230
163
102
79
100
169
245
298
337
391
440
450
422
380
342
284
212
161
134
95
34
-5
9
25
-20
-100
-135
-108
-120
-188
-223
-166
-70
-40
-84
-114
-75
-53
-107
-194
-222
-192
-195
-229
-212
-94
32
93
107
148
215
225
150
72
34
-8
-84
-162
-184
-158
-130
-131
-109
-41
27
34
-4
-34
-66
-117
-190
-224
-196
-161
-193
-243
-231
-159
-108
-134
-186
-190
-160
-190
-283
-357
-361
-378
-424
-439
-367
-246
-181
-162
-115
-15
61
38
-59
-115
-120
-144
-217
-259
-186
-67
7
10
10
54
107
100
52
30
29
15
-1
13
79
172
242
314
403
493
561
560
522
494
460
383
292
212
146
89
40
19
21
38
62
113
182
236
249
251
269
298
297
260
222
196
175
118
34
-33
-58
-102
-188
-263
-267
-200
-155
-157
-156
-84
24
81
81
75
95
113
98
73
72
76
41
-37
-84
-58
-12
-11
-55
-76
-43
11
15
-19
-23
13
23
-3
-8
13
14
-31
-94
-114
-88
-88
-134
-169
-157
-134
-147
-190
-203
-155
-105
-100
-115
-104
-70
-51
-73
-111
-131
-152
-193
-258
-333
-380
-389
-388
-386
-375
-343
-284
-213
-162
-140
-119
-93
-60
-33
-37
-68
-81
-63
-60
-87
-123
-132
-117
-97
-67
-4
109
222
298
364
455
549
583
553
505
483
452
377
286
226
213
214
203
199
225
251
222
145
82
63
57
12
-64
-107
-92
-41
6
37
71
102
110
95
84
77
70
41
-10
-56
-74
-79
-105
-140
-163
-176
-188
-189
-171
-133
-76
-31
-3
46
120
180
203
206
181
143
108
78
48
26
6
-13
-10
11
28
33
16
-26
-67
-92
-98
-94
-93
-97
-94
-78
-47
-33
-54
-79
-86
-98
-122
-138
-155
-160
-160
-181
-210
-197
-160
-147
-149
-171
-186
-195
-218
-261
-297
-294
-274
-262
-248
-205
-144
-101
-99
-116
-114
-91
-83
-88
-83
-58
-32
-26
-20
2
49
84
81
61
60
85
119
163
200
243
307
388
485
569
611
613
605
586
542
469
390
333
282
221
169
148
156
160
126
85
67
50
20
-10
-23
-31
-60
-95
-106
-81
-66
-108
-169
-182
-163
-166
-205
-242
-222
-194
-223
-288
-305
-265
-238
-249
-267
-249
-205
-184
-197
-196
-145
-97
-79
-59
-3
71
116
116
122
171
207
176
103
60
54
29
-37
-82
-60
-9
11
-9
0
52
94
76
42
39
53
46
7
-20
-17
7
0
-23
-28
-21
-42
-107
-177
-218
-232
-258
-306
-344
-346
-325
-299
-265
-216
-170
-140
-124
-116
-103
-92
-104
-135
-155
-146
-125
-94
-51
-15
20
63
113
158
195
218
239
273
308
338
374
438
495
523
537
556
580
591
576
527
494
487
474
433
396
361
314
264
212
169
125
66
-20
-104
-156
-188
-219
-242
-233
-215
-204
-196
-174
-148
-144
-168
-210
-241
-267
-309
-357
-372
-358
-344
-347
-348
-322
-283
-258
-250
-231
-203
-187
-194
-194
-166
-130
-90
-46
23
105
151
164
181
220
236
200
135
95
81
55
8
-30
-17
11
4
-33
-59
-63
-73
-116
-177
-193
-163
-136
-134
-124
-88
-45
-28
-35
-41
-47
-64
-109
-145
-163
-178
-209
-246
-264
-256
-251
-273
-298
-302
-273
-231
-205
-174
-113
-31
42
88
108
130
155
156
134
102
92
91
81
81
131
230
325
391
426
478
541
578
573
551
534
503
452
415
433
481
516
526
547
602
655
647
582
508
436
340
216
107
21
-47
-119
-186
-212
-197
-193
-227
-262
-274
-274
-296
-331
-339
-321
-308
-321
-349
-348
-324
-313
-327
-330
-327
-336
-350
-357
-348
-335
-339
-360
-360
-317
-261
-217
-166
-110
-58
-8
37
82
125
143
130
108
103
105
81
34
-19
-55
-70
-74
-73
-70
-81
-94
-112
-120
-122
-138
-164
-188
-203
-209
-213
-230
-244
-256
-250
-229
-202
-162
-140
-141
-149
-163
-181
-215
-263
-324
-363
-364
-350
-336
-301
-238
-154
-65
6
69
137
196
227
241
253
257
248
232
229
270
347
419
470
521
589
639
648
637
622
614
603
578
559
557
558
561
571
585
608
622
616
595
565
525
466
407
351
298
244
182
128
86
42
-2
-39
-79
-124
-182
-244
-293
-328
-352
-380
-405
-416
-417
-427
-436
-439
-425
-414
-408
-392
-385
-381
-394
-418
-423
-414
-405
-405
-390
-354
-314
-285
-255
-218
-171
-125
-97
-74
-49
-31
-33
-31
-23
-15
-14
-19
-15
-8
-9
-27
-58
-78
-86
-103
-127
-150
-153
-156
-160
-172
-183
-188
-197
-200
-197
-183
-170
-182
-205
-212
-212
-211
-224
-242
-246
-238
-227
-212
-192
-178
-179
-169
-137
-82
-34
-15
-2
26
65
97
116
136
162
192
215
244
293
339
374
394
417
464
517
551
569
576
578
575
568
565
561
562
554
538
536
549
562
549
507
466
449
441
415
368
311
267
232
200
173
166
157
140
115
85
75
67
42
5
-25
-57
-95
-145
-199
-248
-290
-330
-364
-380
-383
-382
-386
-385
-374
-363
-350
-341
-327
-305
-283
-274
-273
-268
-266
-270
-273
-285
-292
-283
-271
-256
-242
-229
-214
-202
-196
-200
-202
-203
-202
-211
-234
-248
-252
-262
-270
-268
-253
-223
-191
-180
-178
-174
-173
-178
-189
-207
-217
-217
-215
-213
-217
-219
-222
-226
-226
-209
-181
-162
-149
-136
-114
-77
-58
-59
-51
-20
7
30
64
103
148
199
231
266
316
358
377
378
387
397
388
360
335
331
348
371
385
410
475
549
593
624
652
677
691
679
636
594
568
542
500
456
423
390
359
324
272
230
205
182
157
138
125
110
106
107
108
108
101
79
48
13
-26
-75
-142
-206
-254
-298
-343
-371
-396
-402
-388
-386
-379
-359
-349
-343
-338
-340
-340
-343
-351
-354
-351
-341
-333
-336
-345
-343
-342
-348
-347
-353
-355
-344
-336
-335
-327
-313
-300
-279
-266
-254
-239
-234
-239
-240
-239
-245
-243
-234
-219
-196
-180
-168
-150
-129
-116
-109
-94
-89
-81
-61
-49
-37
-23
-17
-19
-16
-6
2
11
28
51
79
111
147
184
222
261
300
341
383
412
415
411
405
392
380
360
333
299
277
249
235
246
257
278
306
348
397
453
496
518
532
525
508
472
426
369
301
231
172
120
93
87
75
74
80
92
114
129
128
127
122
108
84
59
35
3
-37
-86
-123
-147
-171
-198
-230
-259
-286
-305
-320
-324
-315
-306
-285
-262
-249
-229
-206
-191
-183
-177
-175
-176
-174
-181
-197
-202
-212
-230
-238
-245
-248
-246
-255
-272
-273
-261
-258
-255
-253
-247
-228
-214
-209
-202
-180
-158
-146
-143
-143
-131
-116
-117
-119
-121
-119
-110
-108
-109
-98
-87
-88
-98
-106
-109
-94
-75
-69
-54
-29
-11
7
27
41
53
61
60
74
106
138
160
177
205
238
266
287
304
315
316
308
290
280
279
278
272
269
272
278
296
322
344
354
359
367
374
375
365
335
310
289
256
218
177
140
115
102
100
106
125
155
187
213
233
242
234
214
183
136
79
24
-24
-56
-85
-115
-147
-169
-187
-213
-241
-262
-279
-295
-304
-311
-310
-295
-274
-254
-225
-202
-181
-166
-167
-172
-193
-223
-242
-258
-273
-290
-312
-337
-356
-368
-375
-374
-367
-361
-346
-317
-281
-243
-206
-174
-146
-110
-93
-84
-77
-73
-65
-60
-64
-57
-42
-40
-35
-31
-33
-30
-24
-30
-29
-16
-8
-3
15
43
72
97
111
131
151
165
163
153
153
163
166
160
168
184
208
226
230
235
238
235
224
203
189
191
194
195
206
220
243
267
280
289
305
306
299
302
292
283
277
257
236
222
197
164
127
96
74
51
33
20
12
28
56
73
97
120
133
141
128
100
76
51
14
-28
-72
-104
-134
-168
-196
-215
-220
-232
-250
-259
-251
-243
-244
-249
-246
-230
-224
-229
-232
-225
-213
-210
-221
-234
-233
-233
-247
-261
-277
-292
-304
-320
-332
-326
-310
-308
-306
-289
-261
-228
-201
-183
-160
-135
-119
-113
-110
-103
-98
-92
-79
-59
-32
0
23
40
60
75
76
78
80
86
99
114
129
146
165
188
207
222
238
253
268
275
272
264
255
247
246
247
243
243
247
243
237
222
203
187
173
158
151
156
162
171
186
202
217
235
245
240
228
212
190
169
152
131
105
85
64
50
45
40
41
40
41
42
40
41
45
42
38
32
22
19
22
9
-13
-33
-64
-103
-136
-174
-205
-221
-233
-244
-238
-227
-217
-211
-212
-215
-214
-223
-237
-249
-266
-281
-295
-310
-318
-315
-315
-315
-309
-296
-283
-263
-244
-226
-206
-194
-191
-192
-190
-189
-186
-183
-176
-157
-130
-103
-79
-52
-28
-15
-16
-17
-18
-14
-13
-13
5
36
68
93
113
137
161
173
179
186
193
197
189
177
178
193
207
221
232
238
243
241
233
225
223
221
212
206
206
208
209
211
213
212
205
196
179
172
168
159
149
140
144
143
138
137
127
110
103
91
81
80
80
69
64
72
68
59
48
28
11
1
-8
-6
1
8
11
6
-4
-6
-9
-19
-24
-32
-42
-47
-60
-79
-93
-106
-135
-153
-167
-184
-186
-186
-192
-188
-176
-168
-159
-148
-146
-150
-158
-176
-200
-224
-254
-278
-298
-312
-320
-328
-327
-314
-300
-292
-273
-253
-239
-214
-197
-194
-180
-168
-161
-153
-141
-123
-113
-102
-90
-82
-67
-50
-45
-35
-17
-2
12
29
45
63
84
103
126
150
177
199
209
219
238
246
247
250
246
240
243
240
231
236
245
244
244
250
255
248
239
231
222
225
222
205
196
191
189
188
184
182
177
171
165
159
144
127
109
90
77
73
68
63
65
65
60
67
70
67
69
67
54
44
37
30
20
14
9
-4
-16
-26
-43
-47
-50
-67
-78
-90
-104
-114
-121
-125
-129
-142
-158
-169
-178
-181
-185
-197
-207
-208
-207
-209
-211
-210
-217
-231
-242
-251
-259
-265
-277
-286
-288
-281
-269
-262
-255
-249
-249
-246
-236
-226
-215
-196
-188
-177
-151
-125
-111
-102
-88
-88
-78
-69
-72
-68
-52
-41
-30
-11
5
27
54
80
102
122
140
150
162
178
186
197
209
219
226
226
235
241
241
243
244
245
252
257
252
246
248
249
246
244
233
224
224
216
209
207
204
194
176
165
160
158
153
142
129
123
112
94
80
72
68
61
55
44
38
40
33
27
26
24
23
18
12
13
17
16
13
9
-7
-21
-33
-45
-51
-58
-71
-78
-86
-98
-104
-113
-120
-121
-123
-126
-134
-144
-152
-165
-180
-190
-197
-202
-207
-218
-231
-235
-236
-238
-230
-227
-224
-219
-228
-233
-232
-237
-240
-241
-248
-245
-240
-230
-219
-200
-174
-152
-124
-100
-85
-70
-60
-54
-47
-41
-35
-20
-8
-4
11
20
35
52
57
63
76
83
101
118
128
147
159
171
187
200
212
218
220
217
205
200
189
179
177
172
169
168
164
169
167
163
167
164
164
176
176
171
169
157
143
130
120
114
104
96
86
79
76
76
74
79
76
73
68
56
53
47
40
34
24
18
17
11
14
14
6
5
2
-4
-11
-14
-18
-20
-25
-30
-39
-56
-63
-76
-87
-88
-92
-98
-101
-109
-120
-122
-122
-129
-132
-132
-135
-142
-149
-151
-156
-161
-160
-160
-159
-161
-163
-164
-162
-163
-171
-176
-178
-180
-177
-171
-164
-150
-130
-121
-109
-94
-83
-73
-67
-64
-54
-45
-36
-25
-20
-19
-10
-9
-16
-12
-8
-4
6
13
24
43
63
79
91
108
116
119
120
119
118
114
112
116
121
129
134
136
135
139
129
115
114
107
106
109
104
98
103
105
101
103
105
111
114
108
99
96
92
83
78
79
82
91
88
84
85
81
77
68
56
47
43
38
34
36
35
36
36
30
27
23
16
5
-3
-9
-11
-12
-21
-28
-37
-43
-46
-51
-52
-56
-66
-82
-97
-107
-110
-108
-106
-102
-97
-93
-94
-100
-108
-114
-115
-120
-125
-130
-135
-135
-133
-130
-127
-124
-118
-115
-109
-103
-95
-88
-86
-84
-77
-69
-68
-71
-68
-64
-64
-56
-51
-42
-30
-26
-21
-11
1
11
18
19
28
35
32
33
35
44
50
52
59
59
62
70
76
85
94
100
109
107
105
101
96
89
87
81
78
75
68
67
66
68
65
56
52
55
60
62
62
64
64
63
58
45
42
38
31
22
15
6
4
8
8
16
25
24
33
35
31
35
32
31
37
38
37
32
20
4
-8
-23
-32
-34
-37
-36
-33
-22
-15
-7
4
7
5
-4
-20
-30
-42
-59
-71
-77
-83
-83
-87
-92
-86
-81
-77
-74
-77
-83
-83
-83
-84
-78
-74
-74
-81
-84
-87
-91
-92
-92
-92
-84
-73
-64
-49
-40
-26
-10
-6
2
10
12
14
14
8
12
19
24
29
31
36
41
52
65
76
87
93
96
103
102
104
108
107
102
96
92
82
68
59
51
42
39
35
32
32
32
34
40
41
44
47
40
31
20
6
-6
-15
-24
-31
-36
-40
-36
-37
-39
-35
-30
-24
-23
-18
-9
-11
-9
-9
-10
-10
-16
-22
-23
-23
-19
-9
-9
-9
-1
-1
-1
-4
-13
-18
-23
-30
-36
-40
-37
-38
-37
-34
-26
-22
-15
-11
-14
-11
-13
-20
-31
-33
-33
-35
-33
-31
-28
-26
-27
-26
-28
-27
-18
-20
-18
-17
-20
-25
-29
-26
-23
-17
-7
-1
8
16
28
35
36
35
33
33
33
30
24
19
20
22
18
18
21
22
24
31
38
48
56
58
63
69
71
69
65
64
59
49
40
31
19
13
2
-1
2
3
6
2
5
8
8
5
1
2
5
6
3
-2
-5
-9
-14
-20
-26
-30
-29
-30
-32
-29
-27
-24
-20
-17
-14
-5
6
16
16
16
17
13
7
4
0
-7
-13
-14
-18
-19
-23
-24
-22
-18
-13
-13
-10
-8
-9
-12
-16
-18
-22
-28
-36
-42
-44
-45
-45
-52
-55
-59
-62
-65
-70
-71
-75
-77
-74
-77
-78
-74
-72
-62
-55
-52
-45
-38
-32
-29
-27
-24
-17
-10
-6
-7
-4
6
13
23
35
42
54
64
64
68
68
68
67
62
61
62
64
68
73
81
91
97
107
111
115
123
122
123
121
120
117
112
103
94
84
74
69
64
60
55
52
47
37
29
27
25
21
16
8
2
-2
-2
-2
-7
-10
-9
-13
-19
-29
-43
-55
-66
-79
-89
-94
-91
-91
-94
-94
-92
-85
-80
-78
-70
-65
-61
-61
-58
-55
-58
-55
-57
-63
-65
-65
-61
-61
-61
-61
-63
-67
-69
-67
-67
-68
-67
-65
-63
-56
-47
-38
-28
-22
-16
-8
-5
-3
-8
-16
-22
-35
-41
-44
-46
-41
-38
-29
-20
-12
1
13
22
26
31
37
42
42
46
46
47
48
46
50
52
57
60
64
63
65
67
65
66
67
69
73
75
78
82
83
87
91
91
94
91
89
87
86
81
76
71
69
66
63
59
57
54
49
45
40
36
30
26
21
16
10
5
-4
-7
-6
-8
-9
-13
-10
-12
-17
-24
-34
-46
-52
-59
-62
-65
-71
-76
-84
-91
-95
-93
-89
-82
-72
-65
-59
-53
-51
-49
-47
-47
-47
-46
-42
-42
-42
-44
-44
-43
-43
-39
-36
-33
-29
-30
-29
-29
-26
-21
-21
-22
-21
-19
-18
-18
-15
-13
-14
-17
-22
-25
-29
-35
-38
-40
-39
-39
-36
-36
-32
-28
-21
-13
-5
-2
5
9
13
15
12
13
14
18
22
26
29
32
42
46
52
61
61
65
66
69
72
77
81
86
88
91
89
87
84
82
82
80
75
69
64
61
60
58
57
54
51
47
44
42
35
30
26
20
16
7
-3
-9
-15
-14
-12
-12
-12
-14
-18
-19
-17
-19
-21
-26
-25
-24
-24
-25
-26
-28
-30
-28
-29
-26
-25
-23
-22
-20
-19
-23
-27
-29
-31
-31
-33
-36
-36
-37
-35
-32
-35
-34
-35
-35
-34
-33
-34
-39
-43
-45
-42
-41
-43
-48
-51
-50
-51
-47
-47
-44
-44
-45
-45
-46
-44
-40
-34
-29
-26
-23
-25
-23
-25
-28
-25
-29
-30
-29
-28
-21
-13
-5
4
12
20
25
26
28
26
28
26
28
28
29
27
30
33
35
41
39
43
44
46
49
54
59
66
71
73
77
78
80
75
73
69
66
61
50
45
43
44
46
45
44
48
45
44
40
35
29
25
20
16
17
12
7
6
4
2
-1
-8
-8
-13
-13
-16
-20
-19
-18
-23
-25
-27
-29
-30
-32
-30
-29
-26
-28
-31
-34
-35
-38
-40
-41
-42
-46
-47
-47
-48
-47
-49
-49
-48
-47
-45
-43
-39
-40
-37
-37
-36
-36
-36
-31
-34
-35
-37
-37
-37
-35
-35
-36
-31
-28
-23
-23
-24
-21
-21
-20
-13
-8
0
8
10
14
20
25
29
29
24
27
29
27
29
33
34
35
35
35
38
37
39
40
40
49
53
53
61
57
56
62
59
59
58
48
43
39
27
28
22
14
16
11
10
11
9
8
5
1
-2
-5
-9
-14
-19
-18
-13
-11
-3
3
2
4
5
6
7
4
-3
-8
-14
-21
-29
-35
-35
-37
-40
-38
-37
-34
-35
-32
-31
-27
-24
-23
-23
-19
-15
-11
-7
-13
-9
-8
-14
-15
-23
-31
-30
-31
-30
-23
-17
-14
-5
-5
1
8
12
18
19
26
30
35
36
33
30
21
13
9
1
-3
-7
-12
-13
-10
-10
-6
-2
0
2
1
-2
-3
-5
-3
-6
-13
-16
-19
-21
-19
-17
-11
-5
0
4
6
9
13
15
16
17
16
10
8
7
3
7
5
9
16
20
28
28
29
30
29
27
24
23
18
12
6
6
3
8
11
8
7
4
2
5
5
9
7
7
4
-1
0
-3
-2
-3
-2
1
0
2
1
0
3
3
-1
-5
-10
-10
-13
-16
-17
-21
-18
-17
-18
-16
-14
-14
-14
-15
-15
-16
-13
-16
-20
-22
-26
-24
-24
-24
-23
-22
-21
-17
-15
-16
-15
-17
-18
-16
-18
-24
-24
-25
-27
-22
-19
-12
-8
-5
0
1
1
2
4
6
4
2
-1
-5
-4
-3
0
8
13
19
25
30
32
34
32
32
33
32
28
26
26
31
39
44
47
51
56
56
58
59
60
61
55
51
45
47
46
41
39
37
36
36
34
35
37
33
26
18
9
2
-2
-9
-14
-17
-21
-23
-27
-30
-34
-36
-40
-44
-48
-55
-57
-61
-64
-69
-71
-75
-72
-69
-70
-65
-63
-58
-53
-51
-49
-45
-44
-42
-44
-43
-39
-37
-36
-33
-33
-30
-26
-30
-24
-20
-16
-12
-13
-17
-13
-10
-11
-3
0
6
15
16
18
19
15
13
14
10
10
12
13
12
10
13
15
15
18
15
17
21
21
25
35
35
38
41
40
40
42
39
40
41
36
34
32
33
37
43
47
46
50
49
45
47
43
45
48
43
44
47
44
42
40
37
38
37
32
35
38
38
41
37
36
35
32
26
21
19
19
20
17
13
9
7
-1
-10
-14
-21
-23
-25
-36
-37
-41
-46
-42
-48
-49
-50
-59
-59
-58
-63
-68
-70
-73
-75
-77
-84
-86
-86
-81
-78
-77
-74
-70
-65
-63
-60
-55
-51
-49
-50
-52
-51
-45
-43
-40
-35
-32
-28
-24
-22
-18
-16
-16
-11
-11
-6
-6
-4
1
4
5
9
10
11
14
11
12
14
14
16
11
9
10
13
15
16
23
31
37
46
52
54
60
61
59
57
55
48
50
45
45
47
44
49
55
54
56
59
62
66
68
67
68
71
68
70
66
67
69
71
77
79
77
75
71
68
68
58
49
40
34
29
23
16
12
12
11
8
5
0
-5
-4
-9
-14
-16
-29
-40
-46
-54
-55
-57
-61
-62
-61
-65
-68
-69
-71
-71
-77
-78
-81
-78
-78
-82
-84
-86
-89
-91
-90
-94
-91
-89
-90
-85
-80
-81
-76
-75
-74
-68
-66
-64
-60
-58
-56
-54
-50
-51
-45
-41
-35
-25
-20
-17
-10
-5
0
5
11
12
15
17
19
24
23
28
31
32
36
44
49
49
53
56
58
60
58
59
59
60
63
67
73
75
77
78
78
79
78
73
72
70
70
66
60
61
66
65
64
66
67
70
70
67
63
56
49
48
47
43
42
34
29
28
21
23
21
21
23
21
24
19
17
12
6
3
1
-5
-6
-11
-13
-19
-24
-32
-34
-35
-41
-40
-46
-49
-53
-57
-63
-64
-65
-72
-76
-74
-72
-67
-65
-67
-67
-70
-72
-77
-78
-84
-85
-84
-90
-90
-93
-90
-82
-78
-72
-65
-61
-57
-54
-50
-48
-46
-41
-43
-39
-36
-31
-25
-18
-9
1
6
12
17
21
23
24
28
32
34
32
32
29
26
29
29
34
35
40
39
39
40
42
45
48
48
50
55
57
57
53
54
56
54
53
49
49
46
42
42
38
44
43
41
43
42
45
45
46
48
50
49
45
39
37
37
37
38
40
36
33
33
28
24
22
21
18
17
19
21
22
18
12
6
3
1
-1
-4
-9
-11
-15
-23
-31
-36
-39
-39
-41
-44
-45
-44
-40
-38
-35
-36
-35
-35
-37
-35
-31
-35
-39
-41
-47
-48
-51
-56
-56
-57
-59
-56
-58
-60
-58
-61
-62
-61
-63
-60
-55
-53
-49
-50
-46
-38
-35
-31
-31
-24
-23
-21
-19
-19
-18
-19
-20
-19
-15
-15
-11
-5
1
5
12
12
19
26
35
38
40
41
41
42
39
41
41
41
44
46
46
47
48
47
46
41
42
40
38
39
37
34
37
34
39
42
47
49
51
54
53
56
53
53
47
49
42
40
42
38
38
36
36
35
34
31
27
22
18
15
11
10
6
5
11
8
11
10
7
6
2
-6
-11
-16
-28
-29
-34
-38
-36
-39
-38
-40
-44
-47
-47
-48
-48
-47
-46
-47
-45
-46
-47
-47
-50
-55
-61
-65
-72
-75
-78
-80
-78
-78
-72
-68
-62
-52
-45
-39
-34
-33
-32
-29
-28
-26
-24
-26
-27
-25
-20
-17
-16
-14
-11
-7
-2
4
7
12
19
21
26
31
36
43
46
44
43
45
47
47
49
49
48
47
47
49
52
54
57
59
61
65
66
64
60
56
51
49
44
42
45
41
40
40
37
39
39
36
31
29
26
20
19
17
18
19
13
14
12
10
8
4
0
-3
-3
-7
-9
-15
-15
-13
-17
-20
-20
-22
-25
-26
-25
-24
-27
-26
-26
-30
-31
-32
-34
-37
-38
-41
-42
-45
-50
-51
-52
-54
-53
-52
-53
-47
-45
-43
-38
-40
-38
-36
-39
-40
-37
-41
-40
-35
-37
-27
-21
-21
-18
-19
-16
-16
-14
-13
-11
-10
-9
-1
5
7
9
9
9
13
13
16
18
20
20
21
25
30
36
37
38
36
40
39
38
37
33
32
31
31
34
36
37
36
35
35
40
42
40
43
45
44
41
39
37
34
34
29
23
19
13
9
8
8
7
9
8
9
8
4
6
3
4
5
3
3
1
2
3
2
2
1
4
8
7
4
0
-4
-7
-8
-11
-14
-14
-19
-23
-30
-30
-29
-31
-32
-36
-39
-37
-35
-37
-42
-40
-36
-37
-39
-41
-40
-40
-39
-42
-40
-40
-37
-34
-32
-32
-32
-28
-29
-32
-33
-32
-32
-31
-30
-25
-21
-21
-15
-16
-12
-8
-7
-5
-5
0
4
5
9
12
14
16
19
20
25
26
24
26
27
28
29
30
28
30
30
30
31
35
34
38
39
39
39
41
44
43
41
38
38
38
36
36
37
36
37
39
38
37
34
31
26
24
20
18
17
14
14
13
14
14
16
15
14
13
9
8
5
5
1
-2
-5
-8
-9
-14
-17
-19
-21
-25
-27
-28
-28
-29
-32
-34
-35
-36
-35
-34
-35
-35
-34
-32
-31
-32
-37
-37
-37
-36
-35
-38
-41
-42
-42
-37
-37
-39
-41
-39
-33
-33
-32
-31
-27
-25
-22
-18
-17
-14
-16
-14
-11
-8
-3
-3
-3
-1
1
7
6
8
10
10
12
9
7
11
12
12
15
16
19
22
24
25
28
31
31
34
34
33
34
32
27
28
29
28
27
26
27
27
31
31
32
31
32
31
28
22
22
22
21
19
17
20
20
23
22
21
19
15
14
13
10
6
6
4
2
1
-1
-2
-1
-6
-7
-5
-6
-6
-4
-6
-8
-10
-11
-12
-15
-13
-14
-16
-15
-14
-8
-4
-3
-1
-1
-6
-5
-7
-9
-12
-15
-19
-19
-21
-22
-18
-19
-21
-22
-24
-26
-31
-34
-39
-40
-41
-39
-33
-30
-27
-24
-22
-18
-15
-15
-14
-11
-12
-14
-15
-17
-18
-20
-22
-24
-23
-19
-14
-9
-6
-2
1
4
5
4
5
3
1
3
4
8
9
11
15
18
22
23
24
27
26
27
24
22
23
22
21
16
13
11
12
13
12
13
12
17
19
23
29
28
29
25
21
21
18
18
23
25
28
27
27
29
27
25
23
17
17
17
15
14
13
14
14
11
10
10
7
8
7
7
5
3
0
-2
0
-3
-1
-4
-5
-3
-5
-6
-7
-7
-4
-4
-8
-10
-13
-15
-16
-21
-24
-24
-24
-24
-25
-25
-25
-26
-27
-28
-31
-34
-37
-38
-39
-37
-37
-39
-38
-37
-34
-31
-29
-26
-26
-25
-26
-27
-29
-29
-30
-28
-27
-28
-27
-24
-23
-16
-10
-6
-3
1
3
3
1
2
3
4
6
6
10
12
14
16
17
20
23
24
24
25
22
26
32
30
31
30
27
30
32
34
36
38
39
38
41
40
36
33
29
25
22
20
16
14
13
15
17
17
19
18
17
14
14
16
17
17
19
19
20
19
21
23
24
24
22
18
17
15
11
11
7
2
-1
-5
-11
-14
-15
-17
-18
-18
-17
-17
-21
-23
-27
-30
-29
-30
-32
-35
-32
-34
-32
-29
-29
-30
-33
-34
-35
-34
-33
-31
-33
-31
-31
-34
-32
-32
-34
-34
-32
-32
-29
-25
-26
-22
-22
-21
-19
-18
-17
-13
-10
-8
-6
-3
2
4
2
0
0
1
3
7
12
13
16
14
13
13
15
17
22
25
26
27
27
25
21
19
19
20
21
24
25
26
29
29
30
33
33
32
33
30
25
23
20
16
12
11
11
10
12
12
11
14
14
12
15
16
17
17
16
15
13
11
7
0
-2
-2
3
7
8
8
9
10
6
4
0
-3
-6
-11
-14
-17
-18
-21
-18
-15
-13
-11
-8
-8
-9
-10
-8
-8
-14
-21
-27
-32
-35
-37
-37
-35
-34
-31
-26
-24
-20
-16
-20
-20
-20
-24
-25
-25
-30
-28
-25
-22
-17
-12
-8
-4
2
3
7
9
9
8
3
-1
-3
-2
-5
-6
-3
-2
-1
4
5
7
11
9
5
5
4
2
4
5
5
9
12
13
18
22
20
23
25
25
27
26
22
19
17
15
12
14
14
16
18
18
18
20
16
13
11
9
8
7
4
2
5
7
10
12
13
15
18
16
19
15
12
8
3
-3
-5
-5
-7
-7
-7
-7
-3
-1
2
5
4
4
1
-5
-9
-13
-16
-16
-11
-9
-9
-5
-4
-4
-2
-7
-8
-10
-13
-16
-18
-21
-22
-22
-25
-25
-22
-20
-20
-19
-22
-23
-20
-19
-19
-17
-21
-24
-22
-25
-25
-23
-23
-19
-17
-14
-11
-11
-10
-11
-7
-10
-9
-8
-7
-3
0
3
5
6
6
7
11
11
15
17
18
19
18
19
20
21
22
22
24
27
27
28
29
28
28
26
24
23
23
23
21
20
20
23
25
26
26
24
24
24
23
21
19
18
16
14
11
11
7
4
4
2
2
2
0
-3
-5
-5
-7
-5
-7
-9
-7
-8
-6
-5
-4
-5
-6
-8
-9
-12
-15
-18
-20
-21
-23
-26
-26
-29
-29
-30
-34
-35
-35
-36
-34
-36
-36
-34
-32
-31
-29
-25
-22
-21
-20
-18
-14
-12
-10
-8
-8
-4
1
3
4
4
6
6
5
4
3
3
3
5
8
14
17
18
19
18
18
18
18
17
19
20
20
19
16
14
13
13
13
13
12
13
8
5
4
4
5
5
4
7
10
15
16
17
16
16
16
12
11
7
5
2
-1
-4
-4
-3
-2
-3
-4
-6
-6
-5
-6
-7
-6
-6
-3
-2
-2
0
1
0
1
2
2
2
4
5
4
3
2
4
3
4
5
4
1
1
2
1
2
2
5
8
7
6
4
3
3
4
6
7
4
3
2
0
-2
-1
-2
-4
-6
-8
-8
-8
-11
-13
-15
-16
-18
-19
-18
-19
-20
-18
-19
-19
-22
-24
-26
-27
-27
-27
-26
-26
-25
-25
-23
-22
-20
-18
-17
-16
-15
-10
-5
-2
0
0
2
3
7
9
7
8
7
8
8
8
9
10
9
12
20
25
27
27
27
27
26
25
25
25
24
23
24
23
23
25
24
23
22
20
18
15
11
12
11
9
12
12
13
14
14
14
15
12
9
6
4
5
6
6
3
2
-2
-3
-3
-4
-1
1
0
0
-3
-7
-7
-8
-8
-9
-8
-8
-7
-7
-10
-11
-11
-12
-14
-13
-14
-12
-9
-8
-8
-11
-12
-11
-12
-13
-17
-17
-17
-16
-17
-20
-22
-21
-22
-23
-25
-26
-23
-26
-27
-28
-27
-25
-21
-19
-16
-14
-12
-13
-13
-11
-12
-12
-10
-6
-4
-3
1
3
6
8
8
10
7
9
10
8
8
8
10
9
7
11
15
15
16
18
21
24
24
26
26
25
24
25
26
26
25
25
24
22
19
18
16
14
10
8
8
8
9
11
13
14
15
17
18
15
13
14
13
10
10
8
4
2
-1
-2
-2
-3
-1
-3
-6
-9
-10
-11
-14
-16
-17
-17
-17
-14
-10
-7
-6
-5
-3
-2
-2
-3
0
0
-2
-3
-4
-3
-5
-5
-5
-8
-10
-9
-7
-8
-9
-8
-6
-5
-4
-4
-4
-8
-12
-15
-17
-16
-16
-16
-16
-16
-15
-9
-7
-8
-10
-12
-14
-18
-21
-23
-20
-17
-15
-10
-7
-4
-3
-3
-5
-5
-5
-6
-8
-8
-8
-7
-6
-4
-2
0
0
-3
-4
-7
-7
-6
-2
4
7
11
12
15
14
14
14
11
12
10
12
13
14
18
20
22
22
24
24
24
24
25
24
21
20
20
22
22
23
24
25
23
19
16
15
14
12
8
6
8
10
9
9
9
8
9
7
6
8
7
8
6
5
7
8
8
3
1
-2
-6
-9
-13
-15
-18
-21
-21
-20
-19
-15
-14
-11
-10
-11
-12
-14
-18
-21
-21
-20
-20
-17
-16
-14
-12
-15
-15
-15
-17
-19
-21
-20
-21
-22
-22
-24
-21
-17
-16
-17
-18
-17
-17
-17
-16
-13
-10
-7
-5
-3
-1
-1
1
3
5
6
4
5
3
1
1
2
3
4
5
4
3
6
7
8
7
8
11
13
13
14
13
11
9
7
8
8
11
12
10
11
15
16
18
18
21
21
18
17
13
12
11
11
13
15
15
15
15
16
13
10
8
7
4
1
2
0
0
-1
2
4
5
6
7
4
3
0
-2
0
-1
0
1
-1
-3
-4
-4
-8
-8
-8
-6
-8
-9
-8
-11
-8
-8
-6
-5
-7
-7
-7
-7
-7
-6
-6
-7
-6
-7
-8
-8
-10
-12
-13
-15
-13
-13
-11
-9
-10
-10
-8
-8
-7
-6
-4
-4
-2
-1
-4
-6
-7
-8
-8
-8
-9
-7
-9
-9
-6
-6
-5
-3
-1
-2
-1
1
1
2
2
3
5
5
7
8
11
13
14
14
13
15
15
14
15
15
14
10
7
5
6
5
7
6
7
7
7
7
6
5
3
2
2
2
1
2
0
1
2
2
3
1
0
-2
-3
-5
-6
-6
-6
-3
-4
-4
-3
-4
-1
0
-1
-1
-1
1
0
1
1
2
3
1
0
-1
-3
-1
0
0
0
-1
-2
-2
-1
0
3
4
2
3
3
4
4
3
3
2
2
0
0
0
0
0
0
0
-1
-1
-2
-3
-5
-4
-5
-4
-6
-6
-6
-8
-8
-10
-11
-10
-8
-9
-7
-6
-5
-3
-2
1
2
1
-1
-2
-5
-5
-4
-3
-3
-3
-4
-4
-4
-6
-6
-3
-3
-1
-1
-1
0
-1
0
1
0
2
3
3
3
3
4
4
4
4
6
5
5
5
1
0
-1
-2
-2
1
3
5
7
8
9
10
9
11
10
10
8
6
7
9
10
12
13
15
16
16
16
15
14
10
8
5
2
3
1
0
0
-2
-3
-5
-6
-7
-7
-6
-6
-6
-7
-7
-8
-10
-10
-12
-12
-15
-16
-18
-18
-16
-15
-16
-17
-17
-14
-15
-16
-17
-17
-16
-16
-14
-12
-11
-9
-6
-3
-1
2
5
8
7
6
5
6
6
5
5
7
9
11
11
12
16
16
17
17
16
15
13
10
9
9
9
10
11
10
11
12
14
14
12
11
9
6
5
5
3
0
-1
-1
-2
-2
-1
-3
-3
-6
-6
-5
-2
-3
-4
-6
-8
-8
-10
-9
-11
-12
-12
-12
-10
-10
-8
-8
-7
-7
-8
-6
-7
-8
-9
-10
-11
-11
-9
-7
-6
-3
-3
0
1
1
1
0
1
1
-1
-2
-2
-2
-2
3
3
5
9
11
13
13
12
12
12
10
6
6
5
4
3
1
2
4
5
5
5
7
6
6
3
2
2
1
0
-1
0
1
2
3
4
3
4
1
1
-2
-4
-5
-8
-8
-7
-6
-8
-10
-9
-9
-7
-5
-5
-3
-3
-2
-2
-4
-4
-7
-7
-8
-8
-6
-5
-4
-3
-1
1
2
5
5
4
4
5
5
2
2
5
7
8
7
8
6
5
4
3
1
1
2
1
0
1
3
3
2
2
4
0
1
2
3
3
4
4
1
1
2
2
3
4
4
2
1
1
-1
-2
-3
-4
-8
-6
-6
-7
-5
-2
0
0
2
3
2
1
-1
-3
-4
-4
-7
-8
-9
-9
-10
-10
-11
-11
-8
-5
-1
0
-1
-1
-2
-5
-5
-4
-4
-3
-4
-2
0
0
-1
-1
-1
0
0
1
1
-1
-2
-2
-2
-1
0
4
6
8
11
12
10
11
8
8
9
10
11
11
9
8
8
8
7
7
7
6
5
2
1
1
0
-1
-1
0
1
2
3
4
3
0
-1
-2
-1
0
3
4
3
1
2
1
0
2
1
-1
-1
0
0
-3
-5
-6
-6
-7
-7
-7
-5
-4
-5
-5
-7
-6
-5
-5
-5
-5
-6
-6
-6
-4
-3
-4
-5
-6
-3
-2
-1
0
0
1
0
0
-1
-3
-6
-7
-6
-5
-7
-7
-7
-7
-5
-4
-2
-3
-2
-2
-1
-1
-3
-3
-3
-1
0
0
-1
-1
0
0
1
0
-1
-2
-3
0
2
3
4
5
5
4
4
5
5
4
2
2
4
5
6
6
6
7
9
11
12
13
14
12
11
12
12
11
10
11
10
10
9
8
7
5
4
2
2
2
3
4
4
4
3
1
-1
-3
-5
-7
-8
-9
-8
-9
-8
-8
-10
-10
-10
-8
-8
-8
-7
-7
-6
-6
-6
-5
-5
-6
-6
-5
-6
-4
-5
-5
-5
-4
-4
-3
-2
0
-2
-2
-3
-4
-5
-5
-6
-6
-6
-5
-4
-5
-3
-3
-3
-3
-2
-2
-1
0
0
-2
-3
-4
-4
-4
-3
0
2
2
4
5
4
3
1
2
0
0
2
4
5
8
9
9
10
8
10
10
9
9
7
5
4
6
4
5
7
8
7
7
4
3
3
2
3
1
2
4
4
4
4
2
1
0
0
1
1
1
0
1
3
2
1
-1
-2
-2
-3
-3
-4
-5
-4
-6
-7
-6
-4
-3
-4
-5
-7
-7
-7
-6
-6
-6
-6
-5
-3
-1
0
0
1
1
0
0
0
-1
0
-2
-3
-2
-1
1
2
4
4
2
1
1
0
0
-1
0
-1
2
3
4
5
5
4
1
-1
-2
-1
-1
-1
-2
-2
-2
-4
-4
-3
-3
-5
-4
-5
-3
-2
-1
2
2
1
0
-1
-1
-1
-3
-6
-6
-7
-5
-5
-2
-1
0
0
0
1
1
2
1
2
3
1
2
2
4
4
4
2
0
3
1
1
1
3
3
1
1
1
2
4
5
6
7
8
5
4
6
7
6
4
5
5
3
3
2
3
4
0
-3
-2
2
2
2
0
3
5
6
6
4
4
3
3
-2
-1
-1
-2
-1
-1
-1
-1
-1
-2
-4
-4
-4
-3
-3
-4
-5
-5
-5
-4
-4
-3
-3
-3
-2
-3
-4
-3
-6
-10
-11
-8
-7
-8
-8
-8
-6
-5
-7
-10
-7
-4
-1
-2
-7
-7
-3
1
0
-2
0
3
2
0
-4
-4
-1
2
1
0
-3
-3
1
4
4
3
5
6
1
-2
-1
6
11
9
4
3
8
10
9
9
10
11
7
5
4
9
12
9
6
8
9
5
4
3
6
7
5
4
-1
-2
3
9
8
1
-9
-11
-8
-8
-8
-2
1
-2
-7
-9
-8
-5
-4
-4
-6
-4
-1
-1
-4
-9
-11
-7
-5
-5
-3
-4
-6
-7
-4
-2
1
-2
-2
-3
-1
5
6
2
-4
1
7
8
8
10
14
9
-4
-12
-11
-5
2
6
5
6
8
8
2
-6
0
9
6
-4
-10
-7
1
-1
-5
-3
1
-1
-3
1
5
0
-4
-4
-3
0
0
-6
-12
-17
-14
-6
-1
-2
-9
-12
-7
-4
-6
-4
4
7
4
0
-3
2
9
7
-2
-2
6
8
2
-5
-2
4
-3
-7
4
12
11
-1
-6
8
18
12
8
6
6
6
4
2
-3
-1
7
12
7
3
7
11
11
4
-7
-16
-9
6
16
12
-1
-4
5
5
-3
-8
-2
10
5
-8
-12
-11
0
6
2
0
-1
-1
0
-4
-7
-8
-10
-8
-5
0
0
-4
-9
-7
0
0
-2
-5
-4
-1
-1
-5
-7
-1
5
2
-3
-3
4
10
2
-7
-8
-1
7
10
7
3
4
4
3
-3
-7
-3
0
-5
-8
-5
2
5
-2
-9
-7
-3
1
2
-5
-15
-16
-5
4
4
-2
-8
-8
-6
-1
6
9
8
3
-2
2
5
3
-1
-6
-4
2
7
9
7
5
-3
-4
3
9
11
5
5
8
7
5
6
10
9
5
3
2
8
9
5
2
2
6
5
-1
0
-1
3
3
1
1
-1
7
8
-4
-7
-5
-3
-5
-7
1
9
8
-5
-6
1
3
-4
-12
-4
8
6
0
-8
-6
0
-2
-3
-1
2
-2
-10
-13
-6
-8
-14
-5
5
5
-6
-19
-12
1
0
-3
-4
-8
-6
-5
-10
-10
-4
-3
-1
3
-3
-4
-8
-6
-2
0
8
16
12
-6
-14
-3
6
13
3
-1
3
0
3
4
3
3
1
7
4
-6
-9
0
9
5
4
8
15
10
-4
-7
0
10
11
1
-7
-3
1
-4
-7
2
14
14
1
-4
7
16
12
3
-2
7
12
8
0
-7
-3
-2
4
5
-1
-3
-14
-8
-2
-2
0
2
4
-2
-3
6
13
9
-5
-12
-13
-9
5
6
-6
-12
-11
0
5
3
3
-4
-9
-4
5
4
-3
-11
-13
-7
2
11
9
-3
-4
3
12
8
1
-5
-10
-9
-7
4
2
-1
2
-5
-10
-14
-6
6
5
-2
-1
4
7
8
1
-6
0
5
11
4
-8
-8
-7
-5
-2
-7
-12
-5
-1
3
-1
-7
