SAMPLES:	19601
BITSPERSAMPLE:	16
CHANNELS:	1
SAMPLERATE:	16000
NORMALIZED:	FALSE
0
-1
1
0
1
0
0
0
0
1
1
0
-1
0
1
-1
0
0
0
0
0
0
0
0
0
0
0
0
0
1
-1
0
0
0
0
0
0
0
-1
0
-1
0
0
0
0
0
-1
0
1
0
0
0
1
0
0
0
0
0
0
0
0
0
0
0
0
0
0
1
0
1
0
-1
-1
-1
0
0
0
0
0
0
0
-1
0
0
1
-1
0
1
0
0
0
0
0
0
0
-1
0
0
0
0
0
0
0
0
0
0
0
0
0
0
0
0
0
0
0
0
1
2
2
1
1
0
0
1
3
2
1
-1
1
1
1
1
1
-1
0
1
1
1
0
0
0
0
1
1
0
0
0
1
0
0
0
-1
0
0
0
0
0
0
-1
0
1
0
0
0
0
-1
0
0
-1
0
0
0
0
0
1
2
1
1
1
1
1
1
3
3
3
4
3
3
3
3
4
5
5
4
4
3
4
4
6
6
4
3
3
3
6
6
4
2
1
1
3
3
3
2
0
-1
0
1
2
1
-1
-2
-1
-1
-1
-3
-3
-2
-3
-2
-1
-2
-5
-7
-7
-3
1
1
-9
-17
-17
-6
5
2
-11
-23
-24
-14
-1
4
-5
-19
-27
-21
-7
4
0
-12
-20
-17
-6
2
3
-3
-8
-9
-4
4
7
6
1
0
2
10
14
13
10
6
7
12
18
20
19
13
9
9
16
27
26
14
3
0
5
12
13
8
-4
-15
-16
-12
-6
-10
-20
-28
-33
-35
-37
-38
-36
-39
-47
-54
-59
-58
-55
-54
-52
-55
-63
-72
-73
-63
-52
-46
-49
-60
-69
-71
-56
-36
-29
-38
-56
-57
-41
-24
-12
-9
-16
-19
-22
-10
11
20
19
5
-2
6
24
36
31
23
23
28
34
39
38
29
21
24
54
81
75
33
-16
-7
95
204
189
59
-61
-31
125
274
294
172
7
-53
58
259
373
296
92
-57
-4
197
335
290
121
-19
-27
75
185
205
112
-20
-83
-39
47
71
12
-76
-117
-98
-70
-77
-117
-157
-155
-133
-139
-180
-224
-233
-203
-172
-159
-196
-257
-278
-234
-154
-99
-155
-235
-265
-168
46
65
-52
-232
-222
23
237
276
82
-123
-124
79
312
430
290
39
-108
6
330
463
322
51
-108
-9
181
298
210
-1
-124
-89
9
81
36
-83
-193
-222
-106
-40
-117
-242
-277
-194
-146
-175
-229
-275
-283
-218
-146
-134
-195
-265
-232
-174
-75
-6
-48
-123
-156
-42
94
115
111
146
197
182
154
204
334
444
458
400
299
292
348
471
578
572
455
260
198
332
522
549
349
119
41
115
206
235
153
-10
-170
-220
-118
-38
-90
-255
-391
-404
-346
-284
-307
-413
-485
-482
-432
-401
-416
-443
-447
-433
-386
-335
-312
-343
-326
-298
-196
-149
-79
44
-56
-94
-135
61
318
371
277
98
59
223
422
538
549
354
177
119
335
629
566
318
77
39
198
328
351
160
-77
-137
-70
10
23
-79
-237
-361
-350
-215
-194
-339
-458
-452
-387
-373
-413
-441
-461
-460
-414
-378
-370
-393
-394
-335
-267
-217
-186
-191
-167
-91
37
101
35
5
144
350
481
447
273
220
359
690
890
746
494
358
467
721
903
938
690
342
260
492
799
800
466
150
62
183
346
335
175
-88
-270
-214
-100
-72
-204
-414
-516
-503
-412
-384
-492
-613
-628
-576
-524
-544
-582
-598
-602
-525
-432
-418
-436
-463
-394
-303
-218
-178
-120
-46
-57
-14
14
138
272
355
343
256
272
389
520
558
550
491
411
374
470
610
558
402
263
238
304
333
267
111
-32
-71
-64
-94
-144
-243
-351
-436
-456
-428
-451
-554
-630
-658
-637
-640
-660
-659
-701
-711
-678
-608
-569
-600
-557
-493
-470
-440
-354
-242
-208
-158
-50
12
50
100
194
299
454
662
659
457
388
657
1043
1196
1049
792
681
800
1080
1278
1275
1053
669
517
774
1154
1156
730
349
263
386
527
530
325
13
-228
-261
-135
-49
-160
-475
-714
-697
-581
-545
-633
-767
-859
-911
-864
-782
-791
-823
-856
-865
-809
-733
-637
-625
-645
-584
-479
-393
-330
-304
-247
23
25
8
-47
64
364
458
519
385
309
362
560
745
832
636
430
368
509
818
744
510
273
170
310
407
428
180
-136
-199
-109
-43
-105
-296
-504
-594
-555
-453
-526
-667
-779
-802
-746
-708
-704
-761
-789
-784
-691
-634
-627
-617
-592
-470
-403
-349
-294
-232
-172
-135
103
318
301
156
70
315
839
1149
898
444
279
798
1403
1562
1318
879
655
757
1216
1725
1706
1072
386
336
1028
1542
1286
572
114
139
382
562
587
262
-292
-579
-418
-62
-14
-431
-868
-999
-804
-591
-679
-874
-1040
-1125
-1053
-912
-816
-876
-1030
-1037
-906
-749
-656
-700
-757
-660
-471
-293
-294
-353
-326
-167
-6
294
311
132
75
137
556
796
775
534
338
486
750
866
874
730
544
444
459
732
777
500
225
111
229
254
178
45
-171
-293
-338
-327
-333
-473
-630
-700
-720
-715
-731
-796
-889
-898
-829
-807
-884
-916
-787
-748
-743
-722
-681
-583
-570
-465
-327
-312
-280
-206
-95
5
71
319
432
331
225
324
794
1152
1039
679
516
822
1354
1522
1358
1077
897
957
1102
1476
1712
1301
644
430
945
1438
1214
659
313
260
381
495
503
294
-169
-442
-360
-112
-42
-394
-778
-843
-698
-567
-643
-807
-908
-1004
-945
-796
-775
-830
-949
-957
-809
-679
-626
-711
-762
-613
-473
-386
-330
-370
-350
-294
-76
174
107
4
-30
143
425
493
448
350
301
444
576
610
591
454
443
437
469
539
424
313
208
212
290
164
-19
-115
-159
-143
-200
-304
-432
-611
-603
-535
-548
-647
-829
-888
-875
-778
-690
-740
-903
-973
-840
-693
-633
-672
-671
-664
-590
-431
-292
-235
-272
-238
-87
51
178
309
399
418
353
457
851
1151
1089
796
656
983
1449
1610
1405
1103
1066
1183
1351
1559
1631
1394
910
692
1049
1463
1341
799
380
372
561
622
482
222
-95
-333
-337
-161
-137
-443
-810
-878
-736
-681
-806
-983
-1031
-1029
-1032
-954
-969
-1039
-1131
-1094
-858
-771
-839
-954
-951
-727
-506
-408
-458
-554
-516
-319
-76
72
121
27
-5
70
285
472
526
563
447
343
400
601
756
694
541
465
402
413
531
572
450
189
51
74
88
101
9
-175
-381
-460
-421
-428
-518
-617
-698
-784
-850
-841
-796
-795
-858
-908
-916
-907
-818
-703
-652
-717
-745
-647
-495
-395
-338
-284
-210
-152
-62
82
195
368
449
416
414
569
989
1177
1001
803
801
1188
1537
1576
1377
1158
1141
1272
1478
1704
1693
1250
839
892
1381
1590
1168
677
486
609
734
637
447
175
-122
-211
-74
33
-217
-746
-970
-717
-448
-546
-984
-1295
-1274
-1065
-879
-876
-1077
-1294
-1382
-1213
-889
-753
-892
-1115
-1184
-851
-533
-480
-569
-703
-565
-337
-109
-13
-28
-130
-75
173
423
523
333
259
314
537
724
665
573
438
435
525
621
628
455
282
239
293
280
177
32
-40
-120
-200
-228
-326
-459
-551
-565
-569
-627
-756
-875
-908
-873
-774
-808
-897
-1004
-993
-804
-682
-645
-751
-765
-629
-444
-339
-295
-269
-234
-55
92
254
332
317
380
510
781
1148
1133
843
731
972
1518
1769
1634
1303
1048
1191
1625
1908
1884
1478
1077
1014
1253
1680
1663
1138
606
482
770
953
775
435
36
-200
-128
23
33
-314
-783
-922
-788
-611
-680
-1001
-1253
-1331
-1228
-1035
-1002
-1129
-1356
-1458
-1259
-1028
-903
-980
-1156
-1156
-975
-734
-591
-627
-638
-602
-531
-338
-147
168
54
-152
-99
104
454
616
573
365
211
247
618
841
881
586
240
219
447
831
770
359
79
15
141
271
286
72
-353
-542
-350
-172
-237
-503
-751
-794
-780
-685
-616
-748
-989
-1032
-943
-778
-770
-809
-838
-896
-779
-629
-488
-480
-521
-433
-299
-216
-64
111
236
250
188
326
586
872
1175
1062
817
759
1063
1618
1832
1649
1331
1128
1295
1730
1993
2040
1599
1103
1017
1401
1937
1818
1155
638
598
863
1039
897
567
68
-286
-182
63
154
-213
-802
-1045
-940
-668
-653
-931
-1257
-1484
-1460
-1234
-1036
-1130
-1462
-1671
-1480
-1169
-1059
-1113
-1232
-1234
-1136
-945
-683
-636
-693
-734
-645
-381
-170
107
46
-151
-107
107
419
642
694
479
233
229
651
961
952
665
325
272
459
845
884
480
142
32
119
260
366
215
-283
-637
-450
-160
-144
-450
-806
-898
-848
-656
-600
-754
-982
-1131
-1065
-856
-712
-756
-963
-1078
-885
-596
-449
-592
-718
-575
-325
-141
-94
-12
106
150
165
436
697
939
1059
914
866
910
1369
1778
1768
1539
1369
1452
1657
1864
2031
2019
1670
1347
1288
1684
2001
1694
1165
831
917
1039
971
839
591
227
-85
-102
66
72
-322
-791
-956
-852
-724
-919
-1116
-1221
-1355
-1475
-1478
-1254
-1179
-1424
-1657
-1611
-1349
-1152
-1193
-1274
-1285
-1214
-1024
-849
-713
-692
-754
-725
-462
-138
-13
-75
-141
43
231
343
421
515
572
468
365
508
745
832
687
458
431
481
584
597
526
406
177
-1
3
159
214
-70
-448
-555
-427
-321
-401
-600
-797
-907
-892
-782
-734
-826
-986
-1112
-1040
-854
-748
-796
-915
-888
-722
-553
-533
-486
-414
-308
-226
-113
114
291
341
271
428
732
1210
1223
959
849
1044
1698
1978
1834
1481
1332
1560
1934
2162
2180
1862
1436
1297
1568
2115
2044
1335
801
828
1186
1220
933
600
230
-33
-46
110
113
-265
-809
-1015
-891
-727
-828
-1195
-1419
-1469
-1466
-1438
-1417
-1428
-1571
-1723
-1651
-1484
-1407
-1371
-1392
-1362
-1292
-1207
-1007
-874
-774
-753
-753
-592
-367
-20
18
-57
1
120
331
494
669
713
578
438
519
734
968
981
753
512
464
693
843
749
576
388
209
128
236
311
144
-178
-389
-451
-395
-330
-418
-605
-877
-957
-826
-746
-802
-966
-1093
-1122
-1081
-954
-882
-934
-1025
-1013
-877
-698
-652
-572
-566
-544
-383
-165
179
126
-16
122
470
1030
1114
857
655
811
1496
2002
1902
1465
1251
1428
1931
2256
2385
2055
1457
1299
1681
2360
2400
1659
959
926
1347
1584
1339
886
495
187
148
314
379
86
-540
-876
-794
-614
-652
-983
-1292
-1408
-1452
-1456
-1414
-1429
-1533
-1748
-1793
-1609
-1483
-1464
-1563
-1523
-1388
-1325
-1252
-1104
-956
-862
-852
-728
-431
-353
-257
-176
-12
172
196
276
405
537
644
594
567
688
767
852
760
749
805
672
590
617
694
670
424
226
178
167
209
68
-129
-243
-394
-476
-504
-492
-538
-798
-979
-965
-898
-886
-1026
-1115
-1072
-1116
-1133
-1072
-1028
-933
-960
-945
-876
-765
-610
-526
-450
-304
-92
-69
56
117
525
973
808
686
663
1138
1701
1864
1661
1435
1420
1759
2188
2358
2330
1898
1646
1666
2069
2510
2250
1561
1127
1328
1692
1644
1228
839
565
441
447
399
282
-120
-569
-693
-601
-577
-851
-1221
-1369
-1296
-1376
-1479
-1570
-1611
-1650
-1817
-1717
-1610
-1616
-1651
-1693
-1522
-1402
-1366
-1291
-1187
-1045
-901
-844
-724
-441
-268
-195
-239
-76
181
317
460
478
487
472
508
721
887
852
755
598
600
786
901
788
490
370
434
414
388
296
86
-118
-246
-140
-59
-255
-572
-747
-673
-573
-612
-794
-964
-1046
-1063
-984
-922
-880
-1051
-1180
-1146
-1010
-792
-702
-818
-942
-840
-598
-342
-280
-184
-250
-189
39
415
941
732
458
494
987
1661
1834
1562
1267
1339
1766
2209
2259
2221
1900
1692
1775
2114
2549
2262
1617
1260
1464
1847
1791
1380
932
638
574
698
664
392
-96
-508
-537
-421
-378
-671
-1126
-1403
-1358
-1258
-1275
-1429
-1674
-1801
-1865
-1718
-1599
-1633
-1706
-1825
-1760
-1622
-1431
-1299
-1294
-1273
-1215
-1069
-790
-498
-341
-471
-530
-221
173
352
370
312
307
491
632
850
850
782
751
682
765
881
968
781
534
532
634
544
383
340
251
105
-72
-117
-73
-171
-349
-546
-630
-624
-650
-717
-835
-915
-960
-1031
-1034
-945
-899
-987
-1116
-1111
-945
-802
-782
-814
-816
-739
-629
-473
-169
-116
-257
-154
56
722
834
528
499
621
1287
1725
1700
1398
1201
1457
2055
2272
2293
2025
1679
1733
1933
2468
2488
1844
1329
1315
1709
1897
1577
1105
710
551
633
680
575
222
-363
-641
-537
-341
-426
-888
-1315
-1438
-1380
-1305
-1276
-1480
-1738
-1961
-1911
-1642
-1582
-1602
-1787
-1860
-1720
-1553
-1373
-1305
-1238
-1205
-1189
-971
-634
-488
-325
-403
-287
78
207
349
397
515
669
660
682
829
897
996
902
839
876
831
916
844
707
651
527
379
328
342
328
24
-282
-231
-198
-234
-405
-636
-715
-786
-776
-717
-843
-972
-1072
-1143
-1061
-993
-966
-1034
-1162
-1141
-987
-881
-808
-799
-807
-725
-666
-357
-237
-197
-121
-147
445
642
513
430
587
1231
1597
1471
1266
1277
1493
1980
2140
2266
2039
1651
1690
1954
2474
2505
1879
1335
1334
1775
1996
1631
1137
820
653
733
768
642
340
-265
-511
-402
-240
-338
-831
-1203
-1270
-1217
-1206
-1279
-1427
-1541
-1775
-1819
-1599
-1514
-1553
-1756
-1794
-1625
-1487
-1387
-1397
-1220
-1108
-1174
-970
-725
-358
-292
-491
-329
32
289
395
386
409
549
570
760
865
925
907
683
708
818
976
920
613
499
496
485
399
331
235
29
-166
-200
-157
-245
-406
-600
-705
-734
-745
-772
-877
-973
-1056
-1107
-1063
-1011
-1013
-1063
-1127
-1097
-984
-918
-874
-867
-809
-713
-628
-520
-374
-306
-133
-103
166
568
430
407
478
943
1454
1505
1265
1178
1388
1840
2152
2124
2072
1821
1824
1908
2217
2515
2165
1620
1390
1710
2004
1783
1339
1029
893
830
810
717
534
121
-297
-354
-252
-235
-565
-1004
-1161
-1107
-1113
-1251
-1388
-1448
-1575
-1762
-1715
-1571
-1506
-1581
-1747
-1733
-1598
-1419
-1291
-1283
-1262
-1198
-1035
-726
-570
-613
-588
-440
-64
289
252
71
78
346
782
883
754
609
544
707
903
1056
957
582
376
569
787
794
454
88
-23
98
289
133
-237
-505
-522
-396
-404
-561
-738
-887
-981
-908
-825
-892
-1049
-1177
-1129
-1021
-961
-964
-1022
-1030
-953
-877
-722
-665
-647
-598
-441
-338
-199
-73
70
481
422
379
401
702
1263
1470
1355
1101
1160
1546
1974
2048
2062
1886
1698
1672
1902
2434
2366
1770
1308
1410
1850
1877
1554
1161
886
820
836
838
698
395
6
-246
-285
-172
-245
-613
-929
-1054
-1045
-1076
-1168
-1236
-1365
-1556
-1599
-1509
-1442
-1450
-1542
-1584
-1580
-1494
-1377
-1206
-1157
-1157
-1129
-999
-640
-555
-555
-515
-259
-23
54
122
201
281
345
476
601
710
650
607
594
656
745
742
575
436
475
464
368
241
179
61
-64
-120
-197
-283
-394
-486
-531
-608
-710
-772
-811
-846
-871
-930
-991
-1001
-956
-942
-977
-982
-912
-847
-787
-777
-735
-628
-528
-455
-312
-230
-183
-74
-5
498
595
450
345
492
1181
1523
1439
1093
1043
1361
1871
2036
1980
1826
1632
1638
1742
2227
2353
1825
1291
1250
1733
1874
1514
1098
857
807
782
781
641
398
17
-219
-208
-148
-218
-580
-899
-938
-900
-999
-1120
-1219
-1270
-1420
-1507
-1413
-1395
-1378
-1456
-1489
-1467
-1433
-1317
-1202
-1067
-1032
-1105
-1043
-700
-444
-424
-550
-456
-81
154
197
141
131
290
493
639
650
562
570
550
640
782
773
558
344
433
556
491
238
74
41
4
-54
-147
-283
-433
-491
-540
-608
-666
-757
-871
-931
-910
-913
-976
-1058
-1053
-979
-992
-997
-986
-895
-831
-799
-771
-712
-588
-510
-408
-223
-180
-115
-64
150
710
625
430
328
691
1390
1594
1342
995
1068
1482
1977
2015
1961
1698
1492
1560
1872
2385
2202
1498
1053
1280
1795
1817
1368
873
648
681
814
803
565
205
-202
-276
-147
-54
-254
-713
-998
-926
-804
-867
-1016
-1203
-1269
-1361
-1322
-1174
-1191
-1234
-1340
-1326
-1229
-1175
-1109
-989
-884
-886
-936
-845
-484
-343
-364
-409
-346
9
207
157
105
169
350
461
432
477
570
500
397
432
565
585
328
269
304
279
201
-23
-102
-112
-105
-220
-508
-602
-526
-541
-672
-842
-848
-875
-966
-967
-922
-973
-1094
-1077
-988
-925
-947
-975
-930
-807
-721
-674
-657
-579
-467
-368
-226
-13
-63
-36
118
483
993
730
507
488
927
1632
1863
1506
1068
1129
1687
2204
2186
2126
1789
1543
1558
2005
2579
2281
1476
969
1257
1787
1832
1383
781
512
564
745
719
480
129
-325
-465
-305
-108
-332
-838
-1105
-1008
-884
-961
-1074
-1215
-1292
-1397
-1363
-1201
-1172
-1227
-1349
-1353
-1208
-1116
-1065
-918
-921
-837
-959
-788
-224
-274
-423
-580
-330
236
405
221
-34
-137
312
638
592
504
274
297
242
396
798
644
14
-198
139
514
269
-234
-353
-391
-297
-245
-439
-659
-840
-796
-730
-843
-886
-933
-1099
-1154
-993
-890
-1009
-1193
-1122
-905
-828
-885
-858
-816
-653
-575
-549
-386
-344
-264
-230
70
302
86
154
368
978
1116
674
697
886
1403
1874
1837
1414
1221
1404
2032
2261
2181
2050
1579
1429
1654
2295
2460
1766
1073
1010
1356
1659
1513
979
534
308
415
536
450
240
-196
-584
-579
-300
-234
-591
-1045
-1095
-942
-955
-968
-1109
-1174
-1276
-1397
-1225
-1081
-1017
-1200
-1371
-1196
-969
-905
-903
-879
-779
-712
-853
-560
-91
-207
-420
-514
-89
327
264
139
-59
121
442
563
467
283
229
389
302
301
565
333
-58
-161
179
343
-143
-400
-317
-270
-384
-606
-560
-585
-755
-868
-894
-879
-864
-888
-1070
-1047
-952
-937
-991
-1082
-875
-779
-830
-806
-856
-594
-452
-501
-435
-409
-162
-36
-39
177
208
167
399
653
1207
953
556
783
1113
1724
1912
1645
1261
1186
1600
2299
2252
2022
1753
1424
1525
1825
2373
2204
1295
777
1034
1509
1603
1173
614
314
222
441
564
307
-57
-522
-687
-465
-291
-364
-835
-1238
-1095
-961
-888
-927
-1170
-1226
-1312
-1260
-1049
-981
-1027
-1202
-1269
-1065
-827
-802
-741
-824
-775
-717
-548
-270
-143
-17
-400
-340
42
303
415
298
139
144
181
383
654
489
362
103
128
200
321
542
162
-338
-352
-17
32
-212
-419
-522
-757
-848
-538
-452
-705
-1095
-1215
-921
-800
-798
-891
-1129
-1167
-1020
-902
-714
-779
-863
-869
-892
-607
-435
-309
-340
-484
-343
-52
153
149
198
370
373
423
603
1249
1353
873
734
979
1741
2069
1892
1444
1197
1460
2115
2311
2038
1759
1482
1399
1498
2102
2306
1476
668
696
1339
1601
1098
537
221
160
249
361
258
-100
-560
-782
-672
-395
-278
-812
-1339
-1232
-928
-803
-988
-1188
-1184
-1275
-1246
-1080
-971
-895
-1139
-1266
-1046
-791
-630
-794
-882
-643
-439
-407
-551
-357
-47
47
58
-25
-28
-14
263
624
721
290
-99
-23
456
862
664
177
-258
-169
258
569
337
-212
-546
-567
-299
-59
-96
-559
-1146
-1186
-681
-346
-650
-1173
-1317
-1133
-955
-864
-841
-955
-1236
-1318
-922
-571
-568
-852
-1008
-738
-498
-292
-287
-338
-343
-212
22
177
323
451
425
367
579
997
1633
1313
807
861
1374
2145
2222
1762
1397
1362
1775
2384
2332
2119
1686
1437
1592
1805
2254
2032
1131
708
987
1492
1415
692
364
315
254
290
142
-16
-279
-670
-666
-571
-576
-706
-1128
-1275
-1084
-1022
-1085
-1311
-1372
-1226
-1315
-1348
-1228
-1205
-1136
-1197
-1221
-1093
-1077
-917
-800
-728
-664
-757
-721
-399
-187
46
-95
-284
14
55
284
479
472
286
32
173
585
700
475
176
68
259
322
414
308
-37
-180
-135
-61
-89
-231
-404
-631
-735
-631
-514
-678
-889
-994
-976
-904
-1005
-896
-827
-1030
-1110
-1039
-802
-664
-824
-838
-724
-658
-503
-397
-271
-270
-390
-157
122
315
378
350
412
458
718
1082
1504
1297
896
895
1259
1992
2214
1960
1355
1194
1634
2239
2396
2102
1662
1344
1366
1633
2201
2054
1259
665
756
1294
1358
980
536
215
45
21
148
144
-115
-659
-959
-864
-581
-528
-921
-1268
-1322
-1168
-1152
-1207
-1182
-1193
-1408
-1601
-1388
-1023
-938
-1258
-1468
-1230
-893
-745
-872
-872
-755
-696
-604
-422
-263
-208
-12
-141
-111
100
143
350
435
455
288
77
221
632
743
469
135
152
267
315
511
389
-46
-283
-172
-27
-18
-141
-417
-804
-891
-467
-314
-670
-1043
-1097
-906
-891
-846
-747
-900
-1242
-1163
-809
-638
-717
-942
-898
-686
-456
-397
-497
-420
-232
-89
4
89
277
451
477
456
656
917
1411
1421
1012
936
1215
1902
2165
1978
1593
1353
1461
2100
2469
2244
1792
1420
1497
1603
2051
2205
1578
861
722
1198
1470
1145
668
291
17
69
271
258
-136
-651
-844
-854
-697
-535
-816
-1296
-1501
-1356
-1212
-1192
-1244
-1414
-1638
-1656
-1413
-1191
-1219
-1394
-1438
-1318
-1191
-1031
-936
-893
-891
-917
-804
-553
-323
-276
-278
-244
-100
40
114
227
456
381
178
182
406
718
667
382
208
308
488
521
478
402
118
-39
-2
106
155
-54
-372
-591
-556
-326
-334
-610
-802
-904
-808
-773
-800
-733
-866
-1009
-1009
-871
-729
-743
-814
-776
-681
-649
-551
-396
-267
-294
-276
-108
110
292
294
370
371
483
770
1154
1496
1098
850
940
1508
2193
2164
1703
1221
1301
1904
2457
2370
1964
1490
1395
1586
1963
2334
1907
1081
683
1021
1540
1448
857
364
69
82
294
299
55
-506
-927
-926
-720
-496
-756
-1323
-1658
-1502
-1241
-1253
-1377
-1549
-1658
-1797
-1708
-1401
-1301
-1339
-1580
-1648
-1470
-1168
-907
-983
-1117
-1067
-887
-594
-410
-341
-285
-343
-199
30
284
313
276
329
410
423
511
664
670
600
408
475
587
611
550
518
399
227
148
183
291
172
6
-295
-464
-353
-212
-238
-536
-791
-848
-807
-769
-627
-623
-904
-1240
-1154
-711
-566
-729
-949
-942
-762
-602
-458
-338
-389
-481
-360
-75
213
258
220
176
251
613
966
1361
1148
742
791
1253
1995
2134
1769
1321
1231
1648
2305
2415
2070
1628
1392
1556
1795
2261
2162
1338
726
897
1524
1608
1042
534
249
148
277
409
288
-248
-879
-975
-707
-481
-629
-1229
-1648
-1588
-1316
-1261
-1351
-1542
-1749
-1903
-1849
-1460
-1316
-1440
-1701
-1866
-1570
-1204
-1015
-1098
-1190
-1142
-931
-742
-439
-247
-351
-217
-433
-74
337
328
454
352
293
322
478
819
1034
639
367
316
707
988
734
642
334
128
315
492
560
284
-86
-287
-368
-66
161
-139
-696
-929
-696
-446
-523
-726
-794
-998
-1112
-900
-691
-693
-933
-1054
-912
-747
-584
-548
-609
-610
-573
-336
-90
-10
64
39
189
311
422
768
965
1211
989
792
984
1398
1901
1987
1668
1277
1348
1755
2259
2190
1980
1768
1419
1396
1789
2313
2079
1223
705
996
1429
1470
1078
516
141
-30
251
392
67
-421
-910
-1001
-777
-571
-756
-1358
-1756
-1568
-1349
-1322
-1466
-1729
-1804
-1914
-1756
-1456
-1466
-1600
-1806
-1711
-1384
-1160
-1080
-1132
-1140
-1033
-808
-606
-318
-339
-333
-152
-180
146
257
354
600
467
340
397
621
1031
992
623
471
497
877
967
886
798
382
213
362
673
770
279
-238
-361
-166
148
95
-391
-801
-924
-682
-432
-595
-827
-1006
-1186
-1108
-869
-710
-813
-1202
-1241
-938
-739
-606
-773
-826
-680
-587
-284
-134
-106
-34
-1
208
381
562
767
1021
1221
1000
845
1066
1709
2140
2042
1583
1272
1563
2165
2541
2390
2010
1603
1503
1779
2390
2577
1837
936
739
1445
1818
1450
800
179
8
169
403
269
-279
-898
-1178
-1057
-777
-751
-1268
-1843
-1988
-1693
-1487
-1592
-1786
-2005
-2185
-2145
-1824
-1552
-1603
-1940
-2046
-1715
-1316
-1109
-1224
-1290
-1162
-960
-612
-330
-274
-411
-429
-76
413
536
341
221
366
718
946
935
827
785
752
825
1029
1177
1024
695
610
818
881
727
544
443
338
221
186
81
-72
-138
-236
-425
-535
-587
-597
-771
-893
-789
-868
-1096
-1180
-1003
-865
-1061
-1199
-1103
-946
-868
-870
-848
-771
-739
-606
-342
-215
-138
-169
-40
201
429
655
695
1052
1083
886
964
1285
1894
2058
1825
1449
1420
1850
2326
2405
2250
1938
1656
1643
1874
2472
2348
1486
858
997
1622
1613
1066
501
110
115
224
209
-39
-568
-1039
-1180
-1027
-754
-991
-1672
-2024
-1871
-1530
-1540
-1829
-1978
-2068
-2098
-1910
-1675
-1573
-1749
-1959
-1752
-1431
-1152
-1102
-1230
-1156
-962
-653
-446
-295
-275
-87
-64
17
350
500
687
643
649
684
760
963
1192
1103
895
787
900
1078
1070
1097
873
541
468
688
810
565
195
-45
-144
-96
36
-65
-498
-831
-854
-651
-642
-862
-974
-1137
-1236
-1213
-1083
-978
-1085
-1289
-1281
-1071
-947
-876
-967
-886
-792
-695
-413
-306
-229
-185
12
280
278
399
689
1060
1306
1071
980
1157
1584
2192
2354
1915
1477
1555
2221
2703
2587
2343
1835
1571
1777
2374
2716
2029
1117
822
1229
1645
1503
884
228
-103
8
234
122
-300
-925
-1358
-1333
-975
-863
-1422
-2075
-2202
-1898
-1695
-1764
-1995
-2226
-2323
-2227
-1897
-1708
-1773
-2018
-2069
-1729
-1364
-1173
-1274
-1333
-1115
-837
-628
-407
-309
42
-116
-184
243
551
838
729
662
685
831
974
1360
1341
1133
888
835
1188
1317
1426
1050
553
577
875
991
749
409
211
-3
-98
166
227
-255
-767
-907
-578
-471
-761
-904
-1111
-1265
-1256
-1169
-957
-1082
-1378
-1425
-1280
-1047
-860
-1040
-1040
-1005
-925
-512
-428
-332
-364
-260
54
230
331
552
658
1014
1262
1062
1127
1102
1735
2390
2202
1682
1421
1818
2426
2608
2543
2202
1661
1595
1982
2554
2573
1719
930
884
1328
1777
1409
543
-74
-118
193
232
-76
-588
-1172
-1415
-1170
-915
-1071
-1665
-2169
-2122
-1778
-1631
-1760
-2104
-2307
-2219
-2017
-1712
-1700
-1840
-1951
-1885
-1460
-1196
-1184
-1235
-1181
-930
-669
-441
-279
-350
62
159
106
324
404
792
935
928
844
753
828
1297
1456
1244
901
851
1129
1119
1298
1215
762
417
497
855
857
429
32
-241
-264
3
40
-348
-860
-1027
-798
-708
-891
-972
-1107
-1433
-1447
-1220
-1047
-1133
-1434
-1439
-1329
-1160
-921
-1028
-1009
-961
-827
-532
-471
-274
-144
-94
128
267
411
662
912
1437
1343
986
1092
1448
2285
2630
2133
1601
1530
2151
2836
2777
2531
2105
1716
1806
2276
2837
2508
1462
895
1109
1574
1700
1134
364
-116
-114
127
43
-319
-804
-1331
-1561
-1336
-1092
-1300
-1955
-2387
-2199
-1884
-1851
-2041
-2280
-2362
-2341
-2168
-1860
-1826
-1943
-2038
-1918
-1496
-1227
-1230
-1215
-1122
-858
-666
-446
-171
-206
64
212
404
452
456
746
980
1145
1028
934
958
1252
1418
1421
1090
1018
1189
1186
1227
1174
1043
640
448
698
853
574
54
-239
-167
-64
-114
-352
-748
-981
-938
-782
-831
-1007
-1151
-1471
-1489
-1278
-1069
-1168
-1521
-1578
-1348
-1112
-1020
-1077
-1109
-996
-844
-572
-390
-296
-233
-176
96
354
547
646
847
1397
1338
1012
1116
1606
2359
2482
2024
1691
1685
2224
2814
2829
2560
2019
1808
1937
2312
2813
2470
1423
769
1124
1771
1727
930
236
-47
-24
96
16
-321
-883
-1383
-1462
-1219
-1095
-1387
-2025
-2386
-2090
-1799
-1872
-2177
-2354
-2249
-2226
-2115
-1965
-1912
-1928
-2045
-1833
-1458
-1285
-1306
-1282
-1088
-809
-650
-503
-315
-262
246
108
112
439
597
1011
980
891
868
950
1205
1568
1434
1233
957
1123
1411
1319
1434
1113
658
604
891
1075
740
205
-30
-87
-16
84
-130
-625
-939
-898
-685
-768
-1015
-1120
-1323
-1523
-1403
-1151
-1159
-1442
-1657
-1424
-1278
-1217
-1176
-1191
-1030
-974
-894
-675
-442
-306
-220
-157
94
240
411
720
910
1402
1269
962
1157
1568
2410
2649
2086
1578
1638
2348
2960
2876
2580
2062
1718
1923
2389
2890
2459
1348
754
1089
1729
1745
987
193
-195
-126
118
30
-346
-892
-1444
-1541
-1240
-1054
-1309
-2004
-2405
-2150
-1835
-1821
-2115
-2335
-2283
-2287
-2148
-1919
-1812
-1814
-1920
-1836
-1496
-1211
-1147
-1140
-1043
-777
-590
-462
-233
112
72
94
259
544
964
876
956
866
988
1197
1336
1396
1273
1188
1126
1240
1341
1443
1115
923
889
888
850
651
572
263
8
37
27
-119
-459
-652
-674
-773
-898
-945
-1103
-1308
-1342
-1397
-1368
-1385
-1399
-1480
-1660
-1537
-1285
-1265
-1286
-1290
-1171
-976
-873
-674
-537
-463
-317
-102
102
267
408
620
867
1325
1370
1060
1095
1625
2416
2554
2064
1662
1835
2369
2915
2934
2508
2061
1861
2107
2517
2783
2397
1427
925
1293
1891
1728
917
244
37
106
173
121
-334
-944
-1379
-1339
-1042
-1087
-1463
-2064
-2340
-2004
-1737
-1895
-2317
-2484
-2230
-2165
-2214
-2085
-1977
-1950
-2038
-1890
-1499
-1322
-1361
-1322
-1119
-783
-647
-437
-309
-124
56
14
273
645
905
775
721
801
1163
1357
1336
1289
1153
1179
1256
1484
1500
1303
1081
966
971
1121
1064
734
432
246
313
303
106
-155
-463
-579
-579
-592
-719
-997
-1187
-1249
-1280
-1308
-1329
-1472
-1540
-1647
-1565
-1418
-1420
-1393
-1491
-1373
-1154
-1008
-909
-782
-685
-482
-377
-169
155
203
391
560
1026
1369
1076
1034
1284
1915
2502
2311
1860
1712
2008
2637
2886
2700
2414
2015
2009
2279
2704
2801
2050
1244
1132
1618
1951
1492
667
179
129
252
235
-67
-517
-1062
-1403
-1220
-1014
-1147
-1732
-2318
-2285
-1909
-1822
-2097
-2449
-2481
-2311
-2243
-2113
-2051
-2044
-2059
-2023
-1733
-1408
-1291
-1327
-1317
-1035
-774
-446
-408
-165
188
-54
101
351
839
1129
940
824
868
1016
1351
1606
1542
1338
1037
1250
1405
1575
1703
1214
783
732
1121
1291
864
424
148
88
108
171
48
-376
-856
-903
-687
-706
-865
-1205
-1474
-1583
-1498
-1382
-1442
-1643
-1876
-1828
-1595
-1423
-1462
-1518
-1469
-1308
-1141
-962
-731
-660
-582
-427
-112
32
222
504
953
1205
901
970
1264
1865
2442
2396
1962
1666
1945
2732
3076
2854
2471
2078
2120
2345
2870
2991
2244
1442
1241
1733
2088
1760
982
323
155
350
440
157
-323
-947
-1335
-1286
-1029
-945
-1533
-2244
-2443
-2116
-1831
-1950
-2289
-2571
-2612
-2477
-2166
-1968
-2017
-2198
-2272
-1947
-1522
-1260
-1292
-1318
-1256
-955
-586
-272
82
-227
-63
-23
382
1065
1002
966
728
845
1202
1555
1600
1547
1267
1183
1251
1500
1781
1492
1178
870
889
1124
1163
860
455
211
115
174
146
-32
-385
-814
-867
-798
-735
-960
-1356
-1458
-1537
-1603
-1535
-1474
-1607
-1800
-1922
-1740
-1492
-1474
-1493
-1605
-1451
-1204
-987
-771
-707
-576
-398
-314
-114
385
694
1023
916
742
1015
1401
2167
2419
2197
1842
1747
2256
2882
3159
2937
2417
2119
2291
2709
3082
2887
2145
1481
1473
1947
2187
1714
969
407
297
433
486
279
-331
-970
-1301
-1218
-956
-1042
-1579
-2208
-2426
-2171
-2019
-2016
-2215
-2521
-2747
-2728
-2286
-1925
-2014
-2365
-2479
-2091
-1647
-1385
-1357
-1380
-1344
-1126
-752
-265
4
-67
-169
-137
487
958
1119
974
843
964
1173
1448
1674
1754
1488
1217
1200
1583
1851
1669
1278
999
978
1060
1020
941
727
379
-1
-108
124
143
-285
-804
-989
-878
-845
-1054
-1211
-1406
-1614
-1768
-1729
-1521
-1538
-1788
-2061
-1992
-1644
-1348
-1508
-1685
-1564
-1335
-1007
-905
-741
-566
-469
-375
-111
288
678
1027
941
788
947
1546
2219
2399
2189
1858
1915
2360
2958
3192
2911
2457
2242
2422
2761
3128
2922
2154
1532
1612
2126
2163
1616
963
565
375
390
457
240
-329
-969
-1233
-1167
-972
-1107
-1616
-2158
-2304
-2133
-2062
-2096
-2250
-2400
-2679
-2769
-2389
-2004
-1997
-2330
-2457
-2154
-1730
-1429
-1335
-1374
-1301
-1086
-603
-366
-156
-56
-119
167
519
868
966
844
871
1202
1277
1433
1561
1617
1520
1274
1385
1554
1666
1548
1283
1111
1035
1022
931
794
684
466
108
-158
-63
16
-241
-710
-985
-963
-1006
-1099
-1184
-1401
-1583
-1788
-1814
-1663
-1633
-1711
-1919
-2073
-1803
-1573
-1565
-1584
-1622
-1354
-1191
-1036
-817
-575
-434
-449
-140
181
721
1034
835
794
1030
1746
2379
2396
2013
1878
2137
2746
3163
3114
2881
2476
2492
2740
3083
3241
2707
2040
1782
2091
2357
2040
1400
968
783
626
517
371
101
-464
-958
-1092
-1007
-1020
-1414
-1894
-2132
-2094
-2088
-2252
-2430
-2400
-2451
-2679
-2695
-2482
-2186
-2253
-2411
-2325
-2139
-1831
-1613
-1469
-1307
-1317
-938
-702
-540
-51
-56
43
234
498
859
980
918
1123
1151
1173
1490
1605
1718
1444
1363
1451
1392
1600
1620
1341
1016
898
968
916
763
662
393
-45
-171
-95
-30
-325
-778
-929
-1043
-1091
-1062
-1230
-1518
-1712
-1734
-1692
-1732
-1752
-1805
-1918
-1958
-1799
-1670
-1594
-1534
-1508
-1347
-1195
-1011
-759
-583
-505
-235
29
399
865
797
696
901
1597
2258
2226
1936
1860
2161
2688
3097
3102
2851
2530
2533
2875
3153
3248
2860
2177
1912
2279
2616
2277
1518
1094
1085
940
745
542
233
-216
-715
-850
-823
-925
-1278
-1788
-2059
-2025
-1992
-2170
-2411
-2502
-2484
-2610
-2707
-2539
-2391
-2426
-2545
-2414
-2156
-2017
-1874
-1647
-1508
-1335
-1262
-934
-323
-387
-264
-247
95
699
806
824
701
918
1269
1476
1488
1499
1469
1557
1479
1600
1840
1588
1321
1209
1428
1475
1078
771
654
662
573
333
98
-137
-360
-433
-454
-665
-919
-1207
-1307
-1344
-1333
-1462
-1769
-1868
-1854
-1758
-1862
-1989
-1921
-1851
-1834
-1849
-1786
-1515
-1377
-1298
-1223
-1042
-701
-602
-398
-186
299
755
572
514
842
1443
2154
2235
1889
1759
1972
2713
3178
3128
2908
2592
2558
2785
3311
3601
3069
2198
1953
2453
2781
2515
1795
1232
1083
1062
1039
751
339
-82
-541
-767
-780
-739
-1054
-1685
-2035
-1938
-1867
-2080
-2349
-2408
-2450
-2668
-2699
-2517
-2340
-2420
-2601
-2532
-2229
-1993
-1888
-1838
-1630
-1447
-1123
-988
-926
-475
-204
15
50
276
450
716
935
1197
1248
1019
1182
1444
1825
1649
1519
1437
1346
1498
1668
1661
1234
951
925
1008
939
763
533
123
-68
-3
14
-294
-737
-901
-888
-1007
-1170
-1243
-1439
-1651
-1814
-1728
-1610
-1741
-1907
-2104
-2019
-1745
-1650
-1793
-1876
-1706
-1442
-1243
-1195
-1086
-910
-693
-467
-198
87
508
683
552
648
1142
1947
2256
1989
1789
1929
2388
2976
3199
3059
2747
2543
2766
3047
3381
3344
2702
2087
2111
2630
2746
2109
1406
1219
1190
1054
826
555
197
-262
-548
-661
-761
-929
-1382
-1723
-1780
-1812
-1951
-2291
-2390
-2275
-2326
-2568
-2716
-2530
-2336
-2377
-2454
-2372
-2186
-2010
-1897
-1739
-1545
-1130
-1237
-1182
-578
-411
-114
-112
37
470
555
666
958
1117
1151
1159
1318
1546
1522
1617
1496
1294
1493
1626
1471
1212
1118
1158
940
697
737
678
311
-18
-47
32
-264
-611
-654
-770
-975
-1084
-1213
-1337
-1404
-1582
-1666
-1735
-1677
-1693
-1961
-1952
-1833
-1685
-1797
-1880
-1652
-1484
-1394
-1323
-1171
-999
-790
-585
-317
-172
217
691
526
572
940
1516
2073
2020
1929
1956
2075
2637
3097
3074
2936
2665
2694
2817
3084
3509
3070
2268
2028
2424
2745
2328
1721
1436
1230
1065
955
770
466
7
-408
-582
-623
-683
-963
-1528
-1810
-1676
-1699
-2016
-2304
-2275
-2200
-2462
-2585
-2444
-2340
-2370
-2506
-2401
-2167
-2058
-1998
-1827
-1655
-1451
-1312
-1262
-879
-377
-289
-353
-279
121
581
757
809
854
840
889
1268
1590
1650
1350
1137
1172
1411
1755
1622
1120
824
916
1117
1021
739
554
239
-15
32
157
-12
-520
-819
-780
-800
-852
-1022
-1249
-1417
-1531
-1498
-1498
-1545
-1611
-1761
-1863
-1805
-1583
-1480
-1673
-1691
-1540
-1324
-1151
-1100
-987
-771
-633
-466
-166
84
550
585
486
692
1111
1796
2034
1920
1801
1877
2297
2782
2946
2909
2760
2597
2620
2753
3164
3271
2676
2099
2051
2488
2522
2030
1569
1331
1173
915
776
664
408
-86
-497
-661
-645
-713
-1096
-1480
-1694
-1660
-1801
-2078
-2097
-2076
-2203
-2550
-2594
-2276
-2143
-2328
-2537
-2390
-2087
-1970
-1892
-1758
-1598
-1409
-1390
-1129
-663
-335
-390
-543
-201
338
609
633
638
765
876
941
1312
1538
1458
1201
1102
1283
1497
1603
1359
1025
899
989
1000
822
671
530
248
5
21
82
-124
-519
-738
-676
-742
-943
-1085
-1162
-1249
-1452
-1502
-1454
-1472
-1603
-1781
-1734
-1518
-1531
-1619
-1643
-1603
-1328
-1200
-1131
-1079
-969
-710
-545
-332
-105
302
566
350
432
893
1571
1967
1755
1580
1672
2074
2620
2845
2796
2623
2473
2549
2737
3085
3283
2776
2085
2016
2504
2781
2270
1574
1323
1309
1232
1058
828
538
56
-328
-388
-388
-460
-903
-1436
-1587
-1501
-1553
-1866
-2060
-2071
-2143
-2379
-2423
-2205
-2140
-2278
-2498
-2387
-2087
-1947
-1892
-1893
-1735
-1563
-1194
-1196
-1105
-646
-535
-372
-213
57
272
336
453
849
901
772
880
1176
1409
1209
1197
1186
1086
1218
1399
1348
997
775
796
828
739
658
511
84
-139
-24
99
-238
-685
-732
-696
-886
-1011
-1032
-1153
-1364
-1568
-1443
-1349
-1496
-1665
-1739
-1602
-1414
-1487
-1579
-1575
-1358
-1110
-1125
-1122
-988
-691
-535
-337
-218
118
507
433
429
688
1329
1870
1859
1573
1636
1956
2435
2867
2857
2673
2397
2469
2782
3091
3268
2923
2256
1988
2437
2819
2577
1794
1332
1389
1282
1208
1022
691
200
-343
-334
-243
-389
-777
-1349
-1555
-1470
-1517
-1716
-1996
-2116
-2127
-2344
-2429
-2306
-2171
-2274
-2533
-2455
-2163
-2033
-2015
-2003
-1800
-1556
-1528
-1202
-1060
-739
-706
-800
-254
164
350
179
122
487
1000
969
983
944
1057
1213
1150
1370
1292
1171
1068
1040
1245
1242
890
577
538
667
686
334
39
-46
-160
-231
-411
-478
-615
-929
-1071
-1024
-974
-1114
-1419
-1542
-1433
-1394
-1500
-1642
-1622
-1489
-1551
-1570
-1464
-1384
-1240
-1247
-1131
-873
-821
-628
-426
-206
353
344
165
305
773
1677
1920
1543
1296
1523
2167
2709
2819
2694
2401
2329
2525
2889
3329
3215
2499
1917
2195
2799
2888
2226
1523
1367
1449
1432
1250
961
548
82
-189
-183
-125
-350
-891
-1415
-1383
-1187
-1407
-1757
-2005
-1939
-1978
-2256
-2274
-2168
-2107
-2230
-2385
-2252
-2078
-2036
-1903
-1922
-1633
-1571
-1463
-1081
-1013
-687
-876
-688
-164
200
303
130
118
485
843
941
1010
843
958
967
1085
1316
1305
1027
714
801
1116
1150
697
395
366
384
358
171
100
-155
-489
-546
-501
-469
-669
-968
-1157
-1155
-1106
-1075
-1280
-1441
-1391
-1448
-1411
-1473
-1395
-1244
-1429
-1426
-1283
-1085
-936
-1072
-903
-664
-594
-365
-213
241
462
122
187
663
1431
1906
1519
1192
1345
1906
2635
2687
2515
2324
2208
2421
2713
3146
3137
2478
1888
2062
2658
2807
2242
1553
1367
1361
1429
1351
1004
566
80
-81
-1
-9
-271
-767
-1253
-1322
-1080
-1100
-1438
-1879
-1984
-1928
-1944
-1911
-1962
-2101
-2288
-2296
-2072
-1909
-1928
-1900
-1901
-1781
-1643
-1236
-948
-1145
-1089
-953
-444
107
102
-134
-165
139
770
996
797
642
647
942
1063
1224
1246
891
661
738
1027
1139
830
432
275
380
531
396
20
-204
-256
-194
-283
-520
-664
-773
-858
-890
-919
-1060
-1232
-1306
-1228
-1144
-1208
-1380
-1520
-1430
-1179
-1055
-1133
-1308
-1234
-1059
-808
-620
-637
-581
-578
-153
379
319
85
144
677
1441
1669
1342
1093
1280
1915
2496
2567
2330
2073
2009
2277
2762
3161
2828
1974
1673
2180
2686
2528
1856
1370
1254
1285
1385
1300
917
393
-37
-64
102
110
-223
-820
-1178
-1101
-942
-1071
-1337
-1543
-1704
-1897
-1878
-1608
-1563
-1865
-2148
-2147
-1807
-1679
-1668
-1720
-1577
-1458
-1512
-1037
-1012
-906
-867
-811
-298
48
-8
-217
-172
253
775
733
559
342
603
887
900
962
858
605
445
684
944
841
366
57
179
340
323
74
-189
-366
-459
-299
-312
-537
-766
-846
-865
-825
-770
-955
-1077
-1160
-1097
-982
-1045
-1055
-1073
-1080
-1074
-1018
-865
-801
-858
-752
-618
-578
-373
-265
20
352
208
66
208
795
1469
1497
1080
910
1205
1830
2290
2240
2100
1786
1709
2037
2411
2847
2498
1692
1408
1794
2399
2303
1589
1104
1023
1107
1194
1055
832
386
-44
-124
-27
131
-92
-680
-1048
-1007
-793
-819
-1173
-1355
-1388
-1507
-1564
-1555
-1399
-1407
-1691
-1764
-1716
-1499
-1357
-1341
-1278
-1357
-1320
-1070
-781
-609
-544
-663
-516
-239
4
226
186
131
213
411
576
706
650
584
467
564
765
722
574
346
379
412
297
191
130
53
-79
-187
-214
-276
-435
-463
-513
-646
-734
-782
-699
-735
-904
-959
-967
-916
-896
-913
-968
-1004
-918
-842
-800
-802
-770
-713
-687
-590
-403
-312
-284
-258
12
423
387
185
159
570
1325
1539
1203
850
909
1520
2087
2207
1958
1622
1532
1757
2183
2546
2293
1600
1202
1463
2095
2123
1469
887
776
1017
1147
981
635
255
1
23
97
53
-214
-625
-803
-748
-658
-751
-1018
-1202
-1244
-1251
-1240
-1223
-1254
-1346
-1429
-1356
-1256
-1281
-1279
-1239
-1014
-1039
-676
-772
-1099
-820
-612
-30
127
-145
-463
-444
-82
697
825
283
-143
-51
592
796
840
597
-2
-145
373
781
683
24
-415
-342
-169
145
111
-414
-864
-872
-370
-249
-611
-810
-962
-1026
-865
-609
-646
-1002
-1218
-1044
-744
-684
-789
-900
-914
-740
-570
-435
-560
-571
-442
-394
-157
-80
3
-29
88
571
660
459
423
622
1238
1694
1496
1113
927
1380
2060
2198
2021
1735
1487
1514
1853
2432
2454
1631
995
1181
1721
1990
1533
925
537
494
815
865
661
239
-221
-404
-230
73
17
-553
-1100
-1031
-662
-604
-868
-1100
-1236
-1333
-1281
-1063
-931
-1124
-1359
-1434
-1209
-986
-946
-1029
-996
-901
-727
-503
-736
-675
-474
-231
-12
17
-137
-232
-101
275
661
444
134
-66
271
619
654
547
119
-143
9
411
513
130
-351
-539
-351
-45
34
-348
-808
-978
-717
-325
-417
-800
-1138
-1128
-875
-673
-673
-947
-1145
-1019
-795
-607
-635
-814
-780
-694
-449
-348
-453
-390
-329
-221
-60
21
80
230
198
587
890
662
532
593
1183
1725
1661
1213
929
1185
1886
2193
2028
1748
1452
1522
1657
2058
2381
1892
1086
859
1399
1878
1633
927
451
363
619
772
580
199
-247
-472
-360
-131
-134
-518
-1078
-1233
-871
-613
-805
-1189
-1352
-1249
-1198
-1106
-998
-1043
-1219
-1325
-1171
-948
-895
-940
-925
-802
-706
-414
-415
-638
-528
-231
161
199
58
-150
-115
143
558
699
340
44
76
445
600
607
417
-20
-183
137
474
352
-94
-454
-506
-360
-125
-102
-557
-988
-1023
-667
-455
-669
-940
-1168
-1177
-952
-664
-722
-1076
-1209
-1021
-764
-673
-646
-725
-798
-627
-429
-302
-289
-263
-113
-128
-33
188
373
417
359
782
963
730
667
927
1567
1871
1582
1137
1097
1588
2141
2215
1883
1616
1570
1602
1748
2116
2205
1590
841
947
1531
1701
1254
587
320
323
429
529
336
-40
-487
-707
-544
-280
-274
-778
-1363
-1380
-867
-720
-1023
-1324
-1389
-1316
-1357
-1180
-962
-1020
-1246
-1367
-1153
-875
-775
-773
-796
-756
-559
-363
-355
-283
-155
55
96
64
268
332
354
384
500
540
488
449
507
553
481
450
352
275
198
217
194
22
-99
-247
-338
-382
-335
-407
-715
-883
-860
-748
-829
-955
-1097
-1179
-1138
-1046
-961
-1093
-1189
-1136
-995
-971
-939
-833
-794
-788
-690
-552
-500
-380
-201
-56
-115
-30
171
363
566
568
937
1010
707
822
1171
1758
1976
1605
1240
1265
1768
2327
2292
1945
1693
1621
1746
1886
2122
2175
1544
898
1069
1558
1662
1128
525
404
471
513
405
157
-79
-388
-615
-579
-428
-423
-823
-1305
-1291
-906
-872
-1213
-1406
-1327
-1255
-1385
-1339
-1156
-1105
-1212
-1380
-1254
-1013
-834
-800
-853
-695
-666
-568
-445
-303
4
34
-129
-38
287
430
435
304
338
448
560
623
540
528
399
297
420
505
351
159
-7
-7
55
-113
-268
-344
-415
-568
-768
-747
-696
-789
-933
-1117
-1141
-1040
-1027
-1083
-1156
-1210
-1177
-1116
-1013
-956
-966
-946
-909
-750
-599
-556
-487
-382
-195
-42
-81
12
256
464
609
640
929
1177
984
987
1246
1767
2150
1908
1551
1525
1906
2390
2513
2241
2015
1877
1867
1985
2208
2343
1834
1126
1050
1439
1649
1225
566
305
301
314
238
9
-283
-601
-865
-865
-753
-780
-1052
-1457
-1570
-1312
-1256
-1442
-1591
-1580
-1523
-1674
-1600
-1352
-1260
-1351
-1543
-1439
-1121
-958
-827
-902
-878
-792
-322
-3
-277
-249
-286
158
641
769
488
75
81
729
1293
1107
624
203
423
692
1019
1034
440
-100
-55
429
605
280
-287
-584
-486
-253
-151
-529
-1011
-1100
-874
-715
-941
-1149
-1244
-1306
-1280
-1094
-1007
-1207
-1393
-1324
-976
-845
-865
-977
-956
-720
-573
-437
-384
-281
-184
-82
-12
274
471
531
598
755
1270
1220
1083
1174
1447
2092
2232
1889
1623
1713
2151
2515
2525
2355
2024
1745
1800
2179
2602
2279
1351
870
1140
1654
1664
1008
304
67
180
326
270
-69
-557
-989
-1011
-777
-673
-892
-1402
-1744
-1587
-1317
-1263
-1411
-1702
-1779
-1741
-1578
-1359
-1345
-1457
-1629
-1532
-1229
-1051
-985
-993
-966
-929
-725
-154
-67
-338
-491
-317
341
767
600
153
-44
296
980
1139
800
372
326
580
702
945
879
237
-192
112
582
512
-76
-459
-388
-320
-316
-376
-602
-882
-1025
-905
-833
-965
-1034
-1144
-1324
-1194
-1022
-1046
-1196
-1287
-993
-892
-963
-892
-824
-718
-663
-486
-421
-342
-189
-10
21
95
344
519
684
738
1241
1373
1093
1150
1477
2090
2353
2106
1823
1706
2046
2716
2859
2604
2172
1885
2007
2239
2662
2613
1752
1010
1087
1702
1845
1247
534
139
134
340
339
17
-474
-955
-1087
-981
-821
-871
-1344
-1883
-1942
-1564
-1392
-1637
-1924
-1984
-1958
-1902
-1730
-1621
-1673
-1819
-1780
-1550
-1330
-1199
-1141
-1141
-1119
-821
-468
-31
-224
-547
-439
68
829
924
383
-103
101
780
1394
1222
659
221
334
781
1157
1171
601
-74
-219
416
905
559
-306
-755
-561
-184
-51
-306
-776
-1217
-1218
-781
-591
-833
-1240
-1469
-1340
-1085
-928
-1032
-1319
-1315
-1134
-937
-838
-910
-855
-733
-630
-486
-349
-293
-122
-3
150
296
477
670
831
1247
1407
1181
1203
1562
2103
2504
2278
1910
1836
2139
2771
3012
2686
2292
2032
2124
2384
2710
2697
1933
1164
1227
1781
1953
1395
589
292
262
393
381
67
-382
-910
-1123
-995
-799
-847
-1357
-1954
-1980
-1606
-1492
-1719
-2030
-2084
-2060
-2121
-1941
-1739
-1733
-1949
-2094
-1789
-1502
-1293
-1367
-1270
-1185
-1129
-690
-681
-318
-214
-321
-183
58
380
578
482
378
619
718
881
821
868
881
726
744
727
764
740
511
333
346
321
149
11
-118
-210
-373
-521
-506
-632
-716
-864
-1007
-1036
-1065
-1020
-1053
-1201
-1284
-1203
-1158
-1053
-1005
-980
-1015
-1085
-843
-651
-597
-582
-527
-362
-207
-129
61
329
408
538
670
1048
1462
1312
1223
1327
1850
2426
2406
2039
1839
2141
2597
2955
2837
2569
2320
2161
2356
2680
2826
2313
1489
1275
1680
1949
1618
885
395
364
377
370
181
-232
-738
-1159
-1055
-829
-890
-1316
-1939
-2095
-1812
-1650
-1798
-2059
-2218
-2193
-2222
-2159
-1917
-1803
-1946
-2198
-2058
-1617
-1376
-1374
-1515
-1452
-1163
-873
-197
-376
-636
-635
-411
573
940
666
61
-169
401
1459
1607
1037
344
317
939
1262
1498
1145
317
-31
427
1044
1016
149
-533
-507
-188
113
-47
-626
-1150
-1256
-748
-562
-917
-1203
-1497
-1490
-1236
-1058
-1039
-1394
-1614
-1320
-1031
-932
-1005
-1053
-909
-819
-638
-389
-347
-251
-145
-113
229
460
674
774
835
1342
1448
1321
1455
1720
2323
2565
2232
2075
2083
2495
2963
2968
2782
2456
2285
2313
2569
2960
2738
1884
1243
1499
2012
1980
1311
632
401
338
428
382
121
-447
-1088
-1229
-968
-711
-969
-1660
-2176
-2096
-1698
-1627
-1892
-2171
-2297
-2364
-2303
-1981
-1746
-1946
-2322
-2340
-1829
-1417
-1409
-1574
-1657
-1439
-1106
-434
-420
-778
-881
-709
107
630
560
71
-241
56
979
1433
1095
437
304
694
1019
1366
1181
554
51
286
876
957
402
-225
-379
-153
102
101
-351
-837
-968
-706
-549
-754
-957
-1141
-1320
-1244
-964
-946
-1130
-1337
-1211
-1036
-939
-830
-846
-787
-795
-649
-511
-390
-204
-60
-83
-3
333
590
736
766
1184
1495
1285
1267
1504
2043
2566
2360
2025
1920
2199
2822
2986
2819
2577
2301
2216
2405
2855
2999
2247
1434
1409
1832
2044
1629
950
490
286
363
498
292
-177
-834
-1215
-1035
-780
-842
-1390
-2076
-2197
-1862
-1712
-1871
-2175
-2366
-2460
-2404
-2145
-1945
-2041
-2305
-2365
-2075
-1658
-1560
-1631
-1637
-1483
-1179
-976
-750
-570
-541
-491
-404
30
431
408
296
252
596
873
940
881
771
827
857
897
956
948
759
515
442
579
627
344
-4
-101
-33
-127
-330
-450
-534
-706
-827
-858
-885
-901
-1055
-1129
-1114
-1132
-1154
-1192
-1126
-1008
-1006
-1037
-1038
-874
-620
-578
-644
-499
-258
-123
-50
43
346
420
474
733
1024
1438
1393
1171
1341
1695
2293
2541
2182
1951
1972
2435
2856
2849
2769
2421
2142
2256
2522
2792
2569
1883
1436
1470
1788
1827
1357
770
417
381
448
318
59
-365
-863
-992
-885
-828
-1069
-1587
-1870
-1850
-1727
-1738
-1978
-2149
-2206
-2244
-2194
-2102
-2012
-2024
-2227
-2203
-1948
-1641
-1549
-1766
-1561
-1433
-1191
-916
-815
-629
-680
-608
-327
94
212
179
35
209
609
803
805
536
554
776
829
844
856
746
544
344
527
745
474
61
-113
-11
108
-87
-261
-463
-586
-520
-495
-615
-825
-902
-937
-911
-918
-866
-980
-1119
-1004
-805
-707
-848
-857
-700
-594
-508
-352
-181
-229
-283
-129
222
530
511
494
557
988
1454
1366
1217
1310
1725
2260
2325
2096
1962
1966
2355
2748
2820
2598
2182
2062
2239
2523
2743
2379
1629
1265
1532
1870
1686
1100
574
330
322
425
349
-42
-633
-1001
-867
-717
-794
-1156
-1678
-1884
-1753
-1596
-1681
-1981
-2148
-2222
-2297
-2135
-1916
-1911
-2198
-2348
-2065
-1690
-1721
-1806
-1797
-1338
-910
-1354
-1426
-1167
-575
24
-93
-487
-494
-288
252
833
805
492
-23
94
648
1274
1470
596
-174
147
972
1268
796
179
-58
-70
156
559
455
-274
-920
-691
-49
-18
-425
-877
-1082
-916
-585
-519
-828
-1080
-1102
-1005
-885
-683
-672
-888
-968
-788
-400
-383
-508
-296
-140
-137
-153
141
428
473
578
637
976
1343
1294
1131
1323
1853
2349
2230
1836
1893
2165
2529
2745
2770
2553
2146
2103
2492
2812
2718
2147
1490
1425
1816
2060
1675
877
514
480
595
643
392
-83
-730
-960
-649
-475
-758
-1332
-1777
-1799
-1593
-1456
-1627
-2010
-2244
-2198
-2102
-2039
-1954
-2001
-2230
-2325
-2078
-1765
-1758
-1870
-1851
-1263
-1095
-1493
-1494
-1176
-491
-115
-321
-685
-645
-263
383
720
560
185
-49
233
699
1236
1167
340
-200
296
1078
1124
549
11
-115
6
295
529
236
-416
-812
-454
-1
-149
-536
-848
-983
-833
-494
-550
-867
-1094
-1027
-852
-849
-737
-777
-876
-829
-664
-490
-491
-508
-190
8
-157
-226
45
457
620
728
713
865
1196
1292
1303
1513
1929
2226
2094
1870
1999
2362
2629
2664
2641
2458
2231
2247
2544
2792
2612
2082
1524
1553
1993
2032
1493
823
596
701
656
499
242
-113
-584
-829
-657
-561
-873
-1399
-1667
-1640
-1488
-1587
-1883
-2049
-2070
-2011
-2075
-2151
-2080
-2035
-2096
-2168
-2072
-1846
-1794
-1870
-1734
-1574
-857
-982
-1613
-1402
-979
-29
184
-357
-722
-577
-64
736
985
557
-39
-135
535
1028
1351
950
-29
-244
499
1204
1055
249
-281
-238
73
386
495
-80
-856
-950
-279
86
-383
-813
-1038
-1064
-741
-479
-633
-1028
-1292
-1002
-689
-701
-718
-843
-826
-749
-515
-303
-445
-351
-32
-38
-97
135
387
705
647
793
1175
1145
1236
1313
1606
2121
2200
2041
1836
1888
2434
2735
2714
2596
2322
2125
2159
2529
2934
2565
1718
1326
1577
2073
1993
1355
715
443
575
686
553
214
-306
-769
-870
-639
-471
-838
-1515
-1843
-1606
-1363
-1512
-1869
-2056
-2072
-2071
-1965
-1865
-1931
-2051
-2234
-2044
-1764
-1720
-1572
-1799
-1672
-1372
-1242
-1039
-1008
-949
-753
-584
-435
-235
-267
-114
28
221
334
230
318
406
502
600
585
409
352
372
418
566
431
177
-49
-57
215
136
-156
-411
-500
-420
-394
-427
-518
-782
-910
-777
-689
-629
-819
-950
-958
-893
-662
-669
-758
-787
-646
-483
-480
-422
-257
-154
-80
-40
106
340
454
603
808
998
1160
1127
1149
1483
1829
2215
2061
1739
1892
2171
2566
2677
2505
2452
2324
2163
2335
2621
2688
2247
1602
1514
1800
2011
1715
1024
701
667
696
641
360
55
-355
-660
-673
-596
-667
-1052
-1498
-1577
-1442
-1460
-1624
-1878
-1971
-1941
-2012
-2001
-1926
-1943
-1991
-2095
-1995
-1841
-1712
-1672
-1557
-1708
-1159
-803
-1456
-1294
-1146
-360
141
-249
-663
-744
-431
400
1017
599
-64
-444
280
792
1102
1106
111
-510
-9
1015
1242
447
-386
-535
-154
286
572
93
-830
-1158
-557
127
-169
-660
-972
-1191
-896
-407
-351
-786
-1265
-1086
-679
-609
-480
-636
-779
-741
-500
-91
-211
-351
-140
-13
32
208
394
604
552
781
1151
996
1024
1291
1634
2014
1957
1767
1727
1857
2405
2607
2437
2293
2209
2244
2215
2397
2730
2422
1653
1403
1668
1998
1859
1340
806
433
537
798
687
198
-380
-718
-686
-518
-490
-811
-1430
-1753
-1513
-1251
-1379
-1725
-1935
-2040
-2033
-1805
-1689
-1836
-2048
-2077
-1892
-1687
-1681
-1643
-1572
-1485
-1025
-1149
-1326
-1236
-909
-198
-157
-498
-655
-570
-153
539
707
294
-208
-117
433
875
992
599
0
-151
376
908
817
194
-328
-325
-94
271
415
-245
-955
-1023
-374
-19
-460
-941
-1168
-1066
-740
-625
-729
-1051
-1260
-978
-719
-661
-729
-866
-823
-656
-329
-226
-476
-475
-113
153
195
202
235
508
646
1042
1385
1074
932
1152
1858
2397
2192
1757
1594
1986
2585
2888
2664
2272
2164
2260
2447
2666
2749
2302
1644
1498
1861
2057
1716
1160
730
617
595
636
574
137
-373
-663
-620
-472
-566
-947
-1469
-1688
-1412
-1244
-1457
-1751
-1966
-1979
-1930
-1780
-1620
-1762
-2020
-2055
-1798
-1554
-1591
-1666
-1588
-1456
-864
-946
-1417
-1318
-907
-86
127
-482
-851
-656
-96
692
729
207
-334
-255
478
930
1067
561
-315
-302
487
1012
783
-67
-512
-352
-45
262
200
-416
-1039
-1032
-434
-152
-478
-937
-1296
-1241
-842
-517
-702
-1194
-1353
-1103
-787
-671
-697
-817
-908
-749
-444
-238
-332
-341
-154
-50
122
280
406
485
595
1027
1266
1033
1009
1286
1856
2316
2125
1745
1627
2057
2707
2897
2587
2271
2228
2333
2576
2800
2756
2181
1560
1703
2137
2220
1683
978
734
826
927
759
421
76
-311
-562
-523
-379
-464
-1019
-1599
-1598
-1236
-1132
-1443
-1826
-1944
-1900
-1857
-1676
-1630
-1768
-1922
-2028
-1793
-1546
-1587
-1495
-1683
-1300
-903
-1275
-1130
-1231
-756
-183
-227
-319
-617
-611
-6
581
628
200
-310
34
448
837
997
289
-221
-36
422
788
513
-45
-403
-515
-172
229
19
-646
-1123
-919
-488
-531
-666
-1018
-1352
-1280
-982
-719
-832
-1267
-1481
-1263
-907
-588
-750
-1108
-1018
-708
-341
-334
-454
-364
-271
-92
249
380
405
398
498
1179
1405
1239
1121
1183
1898
2484
2364
1911
1684
2134
2759
3022
2932
2479
2151
2296
2741
3175
2953
2087
1590
1796
2253
2316
1754
1020
647
791
967
827
418
-98
-484
-585
-421
-388
-662
-1163
-1566
-1534
-1344
-1283
-1501
-1837
-2017
-1987
-1784
-1670
-1805
-1890
-1957
-1895
-1696
-1625
-1628
-1577
-1502
-1312
-833
-1032
-1192
-1181
-843
-78
137
-137
-665
-666
-65
764
940
432
-271
-183
394
968
1205
555
-173
-337
316
935
743
36
-595
-624
-184
123
56
-589
-1210
-1166
-706
-478
-747
-1149
-1427
-1456
-1211
-884
-955
-1296
-1534
-1454
-1053
-839
-882
-1056
-1114
-887
-511
-388
-486
-478
-267
-3
153
272
419
504
654
1118
1320
1191
1150
1377
1994
2455
2267
1982
1896
2218
2813
3076
2939
2513
2272
2357
2713
3140
3001
2237
1596
1725
2237
2402
1850
1036
678
731
869
922
555
-54
-537
-690
-437
-341
-603
-1160
-1652
-1598
-1303
-1208
-1451
-1837
-2023
-1985
-1778
-1570
-1566
-1879
-2076
-1924
-1458
-1331
-1588
-1586
-1473
-1165
-925
-884
-883
-851
-782
-361
-3
20
-155
-310
-31
414
726
537
151
110
404
769
824
516
160
2
147
464
533
105
-425
-586
-371
-135
-240
-670
-1056
-1153
-1006
-783
-905
-1196
-1475
-1526
-1346
-1225
-1158
-1387
-1604
-1538
-1211
-1010
-1086
-1218
-1154
-851
-673
-536
-485
-475
-341
-126
170
276
359
500
710
1135
1282
1247
1272
1514
2086
2496
2345
2076
2092
2484
2932
3107
3019
2684
2480
2521
2777
3124
3021
2413
1814
1801
2251
2385
1882
1148
828
861
870
817
507
-12
-453
-624
-470
-463
-722
-1178
-1549
-1569
-1366
-1300
-1579
-1904
-2031
-1906
-1786
-1751
-1774
-1897
-2030
-1865
-1590
-1482
-1623
-1634
-1427
-1133
-595
-993
-1220
-1092
-699
186
305
-124
-575
-559
41
952
1125
546
-245
-188
514
1170
1347
570
-277
-334
414
976
757
-16
-711
-758
-310
171
107
-747
-1490
-1403
-731
-531
-937
-1356
-1704
-1725
-1361
-1059
-1156
-1563
-1888
-1668
-1207
-1019
-1103
-1406
-1410
-1027
-581
-482
-733
-679
-416
-139
119
279
434
406
565
1157
1506
1392
1218
1360
2046
2604
2509
2179
1938
2354
2943
3202
3132
2760
2526
2439
2770
3306
3265
2503
1741
1770
2293
2492
1987
1248
757
703
878
888
586
30
-500
-736
-589
-438
-609
-1126
-1687
-1763
-1436
-1278
-1512
-1872
-2072
-2037
-1833
-1628
-1643
-1853
-2003
-1895
-1566
-1388
-1423
-1513
-1298
-1023
-1068
-1038
-898
-574
-272
-251
-249
-210
-177
90
451
624
504
175
207
470
796
1012
628
133
94
447
656
384
115
-61
-282
-392
-243
-117
-483
-948
-1038
-860
-869
-1072
-1197
-1314
-1461
-1436
-1421
-1472
-1489
-1507
-1539
-1613
-1454
-1258
-1278
-1404
-1334
-943
-768
-893
-819
-628
-433
-305
-13
132
214
399
579
1068
1369
1321
1157
1297
1902
2631
2689
2107
1873
2288
2937
3341
3231
2858
2532
2519
2921
3361
3338
2727
1965
1856
2344
2630
2332
1417
831
869
1077
1096
684
167
-351
-625
-473
-330
-555
-1114
-1652
-1738
-1431
-1326
-1530
-1967
-2204
-2055
-1889
-1743
-1831
-2009
-2044
-1968
-1733
-1499
-1620
-1668
-1545
-1249
-618
-913
-1203
-1083
-728
147
317
-26
-419
-467
92
917
1171
635
-89
-97
512
1153
1383
732
-148
-271
397
1007
849
103
-533
-678
-362
110
147
-576
-1344
-1452
-879
-610
-879
-1240
-1686
-1840
-1566
-1221
-1190
-1540
-1921
-1882
-1570
-1289
-1159
-1386
-1513
-1333
-1019
-734
-774
-679
-487
-469
-271
79
314
451
491
839
1245
1229
1304
1441
1846
2420
2508
2265
2076
2317
2904
3265
3160
2884
2704
2663
2878
3252
3361
2857
2139
1971
2297
2614
2374
1621
997
861
1035
1088
832
311
-241
-569
-563
-411
-459
-898
-1518
-1793
-1586
-1360
-1446
-1777
-2105
-2187
-2023
-1776
-1754
-1897
-2025
-2047
-1816
-1584
-1498
-1459
-1518
-1347
-809
-912
-996
-950
-690
-110
-28
-62
-251
-341
-42
591
872
574
52
68
456
880
1129
720
92
-85
398
804
694
168
-310
-505
-406
-35
103
-459
-1171
-1313
-887
-688
-914
-1199
-1549
-1691
-1582
-1312
-1238
-1568
-1854
-1805
-1557
-1286
-1234
-1441
-1523
-1260
-843
-729
-871
-832
-558
-331
-257
-59
241
249
342
755
1226
1358
1117
1122
1593
2335
2661
2321
1913
2071
2655
3239
3281
2919
2737
2584
2738
3196
3498
3173
2324
1967
2261
2668
2632
1941
1206
968
1051
1160
994
462
-47
-406
-526
-459
-450
-707
-1293
-1735
-1593
-1360
-1455
-1773
-2104
-2091
-2005
-1982
-1866
-1932
-2027
-2055
-1949
-1723
-1659
-1632
-1529
-1401
-1156
-847
-1046
-1132
-886
-389
122
7
-301
-386
-157
392
918
786
324
-76
245
876
1106
978
308
-112
96
636
934
479
-168
-469
-359
-17
138
-165
-802
-1226
-1107
-707
-690
-1022
-1422
-1696
-1693
-1392
-1161
-1353
-1749
-1938
-1695
-1415
-1249
-1325
-1473
-1446
-1240
-967
-849
-836
-709
-520
-511
-319
49
332
420
454
848
1192
1173
1245
1519
1988
2395
2312
2136
2165
2467
3053
3197
2982
2851
2787
2923
3045
3253
3316
2805
2239
2188
2538
2696
2228
1543
1174
1138
1198
1084
691
237
-186
-447
-472
-431
-563
-1033
-1577
-1683
-1399
-1316
-1601
-1997
-2116
-1997
-1937
-1902
-1949
-2018
-2036
-1985
-1820
-1747
-1677
-1626
-1457
-1402
-1044
-906
-952
-963
-965
-355
-29
79
-118
-264
-181
351
746
779
495
125
337
600
922
895
533
161
76
421
682
500
-14
-419
-453
-212
7
-291
-773
-1217
-1203
-859
-823
-1003
-1449
-1742
-1613
-1330
-1208
-1421
-1769
-1787
-1503
-1324
-1308
-1388
-1368
-1268
-1074
-908
-900
-770
-621
-385
-326
-226
37
188
441
681
1028
1181
1024
1105
1600
2154
2408
2261
1978
2040
2468
3088
3284
2926
2697
2713
2887
3085
3218
3211
2776
2203
2075
2460
2612
2255
1610
1122
1044
1105
1115
757
232
-177
-429
-474
-400
-481
-910
-1492
-1694
-1385
-1226
-1511
-1916
-2059
-1956
-1971
-1943
-1861
-1899
-1986
-2061
-1948
-1760
-1576
-1512
-1547
-1504
-1344
-795
-728
-936
-981
-841
-259
162
176
-115
-333
-234
437
913
812
395
74
165
517
1010
1066
420
-157
-59
454
769
413
-218
-552
-530
-207
12
-380
-1059
-1395
-1123
-795
-933
-1282
-1613
-1735
-1535
-1352
-1343
-1557
-1798
-1695
-1486
-1328
-1248
-1311
-1312
-1195
-1044
-823
-770
-599
-359
-311
-264
-43
360
630
729
799
1174
1286
1345
1587
1901
2391
2501
2318
2231
2465
2882
3182
3119
2991
2962
2852
2774
2952
3309
3217
2456
1917
2052
2432
2448
1855
1176
891
922
968
843
432
-81
-486
-639
-525
-449
-746
-1385
-1749
-1561
-1281
-1389
-1757
-2003
-1984
-1951
-1902
-1809
-1814
-1904
-2112
-2034
-1712
-1474
-1468
-1615
-1651
-1183
-959
-993
-886
-910
-643
-471
-299
4
-18
-318
-178
143
537
642
283
161
118
486
747
515
321
174
91
204
298
290
-16
-475
-445
-186
-264
-612
-886
-886
-869
-939
-977
-1151
-1294
-1266
-1252
-1326
-1352
-1364
-1365
-1451
-1435
-1126
-1084
-1190
-1192
-1047
-776
-755
-659
-446
-409
-270
-203
-47
235
392
637
689
905
1299
1378
1353
1438
1881
2415
2462
2169
2093
2302
2779
3155
3141
2910
2583
2500
2760
3175
3321
2819
1961
1705
2205
2603
2271
1423
865
831
1012
1049
752
190
-338
-537
-462
-303
-462
-967
-1496
-1649
-1293
-1112
-1394
-1855
-2080
-1924
-1784
-1728
-1711
-1899
-2078
-2058
-1803
-1472
-1513
-1668
-1716
-1566
-1256
-1026
-590
-818
-1174
-1190
-716
238
425
-184
-795
-652
131
996
835
168
-326
-131
512
837
955
440
-332
-450
249
898
584
-333
-810
-533
-123
18
-217
-823
-1235
-1179
-675
-515
-934
-1355
-1582
-1452
-1042
-871
-1176
-1579
-1673
-1195
-861
-937
-1069
-1276
-1106
-793
-458
-321
-580
-587
-314
36
260
411
433
482
644
1201
1552
1327
1246
1360
2034
2601
2483
2096
1847
2206
2961
3273
3001
2562
2326
2463
2825
3222
3164
2356
1658
1757
2301
2589
2048
1202
738
805
1102
1113
633
-17
-429
-566
-375
-238
-435
-1044
-1704
-1621
-1179
-1055
-1405
-1958
-2081
-1889
-1728
-1610
-1725
-1976
-2100
-2051
-1732
-1530
-1578
-1695
-1592
-1426
-1307
-1093
-1039
-838
-713
-700
-559
-403
-285
-151
-117
10
137
138
123
75
368
526
324
112
133
319
314
172
111
57
-73
-236
-213
-173
-309
-497
-661
-710
-733
-692
-780
-991
-1066
-1095
-1079
-1129
-1093
-1092
-1194
-1221
-1151
-970
-930
-915
-928
-874
-739
-555
-383
-386
-399
-273
-37
70
308
419
517
701
992
1373
1249
1192
1334
1804
2351
2349
2043
1844
2043
2679
3058
2849
2535
2343
2453
2670
2879
2942
2469
1869
1729
2118
2426
2058
1354
857
878
1094
1082
698
131
-260
-358
-305
-307
-450
-887
-1391
-1522
-1244
-1093
-1387
-1796
-1922
-1785
-1769
-1777
-1753
-1826
-1955
-2013
-1806
-1633
-1576
-1634
-1690
-1596
-1343
-665
-942
-1456
-1378
-933
-45
114
-385
-823
-840
-373
642
900
293
-449
-489
248
860
1144
488
-427
-486
278
958
771
44
-573
-629
-269
269
390
-453
-1263
-1178
-411
-127
-606
-1151
-1411
-1295
-923
-671
-888
-1225
-1468
-1265
-897
-738
-753
-1052
-1151
-871
-381
-307
-527
-548
-333
-150
-72
276
416
352
392
755
1337
1364
1109
1105
1500
2193
2469
2130
1743
1820
2437
2981
2917
2676
2386
2168
2372
2880
3257
2749
1832
1499
1943
2510
2340
1586
856
693
1006
1167
987
453
-205
-562
-433
-68
-48
-683
-1479
-1648
-1231
-928
-1180
-1658
-1928
-1926
-1787
-1629
-1556
-1722
-1978
-2124
-1854
-1493
-1437
-1638
-1792
-1634
-1289
-630
-970
-1430
-1377
-1015
-170
9
-302
-723
-910
-508
455
827
406
-459
-584
58
684
1121
505
-386
-537
107
790
660
76
-481
-666
-337
169
325
-423
-1200
-1130
-519
-266
-542
-936
-1225
-1265
-980
-672
-805
-1027
-1202
-1159
-935
-766
-611
-751
-938
-832
-500
-387
-444
-253
-141
-164
-248
89
417
436
535
642
1033
1155
1068
1117
1381
1856
2209
2070
1699
1754
2191
2684
2815
2652
2399
2132
2249
2699
3017
2833
2168
1642
1717
2239
2402
1969
1145
699
908
1130
1153
751
101
-406
-493
-165
14
-374
-1106
-1572
-1417
-1031
-1040
-1408
-1804
-1976
-1829
-1684
-1647
-1717
-1918
-2118
-2047
-1763
-1505
-1469
-1798
-1857
-1579
-1169
-935
-1055
-1128
-1103
-941
-566
-215
-212
-395
-540
-243
220
449
323
38
1
263
579
609
405
232
170
210
359
454
242
-206
-303
-86
36
-188
-561
-702
-649
-573
-565
-762
-952
-1019
-999
-882
-934
-983
-1039
-1171
-1077
-885
-779
-891
-971
-863
-632
-519
-505
-415
-371
-238
-163
-5
164
261
413
534
646
1085
1295
1115
1032
1233
1912
2362
2167
1738
1729
2078
2619
2902
2701
2359
2147
2257
2552
2910
2952
2299
1518
1532
2135
2464
1904
995
663
854
1020
1002
640
34
-391
-490
-235
-109
-471
-1036
-1552
-1473
-1021
-1024
-1366
-1832
-1950
-1718
-1648
-1611
-1644
-1891
-2093
-2031
-1671
-1415
-1632
-1841
-1711
-1523
-875
-1015
-1503
-1423
-1144
-353
-115
-444
-824
-762
-466
288
650
253
-325
-480
122
642
979
562
-178
-362
215
797
675
97
-372
-356
-148
171
340
-231
-978
-995
-348
-11
-420
-948
-1098
-1032
-727
-519
-701
-891
-1197
-1155
-851
-644
-531
-793
-1079
-901
-436
-233
-407
-547
-390
-204
-156
48
260
297
259
388
757
1166
1348
1043
888
1213
1901
2458
2202
1635
1565
2030
2677
2930
2612
2195
2039
2263
2595
2877
2814
2191
1505
1559
2171
2419
1835
968
701
957
1202
1042
485
-78
-266
-247
-174
-262
-545
-1049
-1527
-1421
-1051
-1030
-1519
-2029
-2014
-1738
-1644
-1758
-1951
-2077
-2046
-1895
-1720
-1728
-1825
-1883
-1747
-1513
-1333
-927
-1240
-1434
-1295
-877
-142
-111
-436
-781
-647
-101
703
667
119
-251
-45
468
724
902
459
-79
-146
382
883
661
60
-356
-319
-39
320
251
-504
-919
-697
-202
-153
-531
-851
-1076
-1009
-724
-505
-693
-1102
-1275
-977
-683
-590
-728
-1010
-983
-670
-326
-368
-594
-551
-302
-95
20
44
180
256
330
612
896
1249
1255
899
925
1478
2209
2409
1900
1603
1791
2303
2790
2762
2486
2237
2143
2355
2627
2811
2612
1937
1471
1794
2358
2242
1434
857
933
1093
1008
697
295
-9
-222
-284
-295
-451
-774
-1183
-1392
-1267
-1093
-1341
-1859
-2075
-1831
-1635
-1803
-2050
-2152
-2063
-1953
-1909
-1929
-1947
-1887
-1735
-1423
-1606
-1650
-1518
-1359
-883
-738
-760
-894
-909
-516
95
166
-26
-270
-241
190
565
824
460
-31
58
472
814
751
376
147
37
159
526
563
109
-338
-405
-145
32
-106
-397
-717
-756
-547
-458
-584
-797
-839
-766
-807
-812
-702
-684
-798
-904
-773
-544
-468
-578
-682
-504
-264
-132
-82
-162
-27
150
357
485
542
688
862
1235
1328
1205
1162
1479
1995
2309
2050
1661
1739
2119
2629
2730
2433
2164
2051
2128
2405
2634
2458
1864
1352
1510
1935
1955
1531
919
613
554
623
678
378
-151
-571
-716
-624
-514
-747
-1229
-1577
-1566
-1419
-1471
-1663
-1828
-1976
-2097
-2047
-1871
-1786
-2000
-2242
-2080
-1819
-1658
-1745
-1837
-1747
-1483
-1401
-1083
-517
-999
-1278
-1197
-402
544
268
-546
-788
-334
513
1111
661
205
-121
216
659
1027
1305
578
-308
-143
865
1330
674
-274
-416
-13
242
413
94
-628
-966
-674
-114
-185
-651
-1014
-1225
-1032
-603
-579
-880
-1228
-1244
-896
-790
-707
-670
-916
-1000
-745
-353
-338
-522
-365
-139
5
66
215
440
528
633
809
1172
1474
1380
1146
1240
1883
2507
2414
1851
1675
1992
2563
2938
2785
2397
2005
2065
2459
2838
2876
2211
1431
1334
1969
2400
1864
850
431
593
893
969
493
-198
-734
-714
-401
-364
-667
-1289
-1849
-1868
-1427
-1169
-1546
-2220
-2450
-2126
-1834
-1815
-2046
-2282
-2326
-2163
-1903
-1813
-1805
-1906
-1935
-1819
-1441
-1253
-966
-905
-1399
-1240
-825
-146
244
-232
-665
-495
-104
600
883
513
111
-47
388
820
1121
968
356
1
457
1067
959
354
-20
172
370
317
296
37
-380
-497
-243
53
-217
-703
-874
-796
-499
-318
-643
-1034
-1089
-750
-414
-633
-847
-806
-715
-560
-415
-298
-363
-461
-270
117
170
111
176
294
484
670
958
1096
1205
1120
995
1301
1732
2184
2172
1658
1525
1890
2358
2582
2406
2130
2006
2008
2128
2308
2422
2165
1509
1232
1534
1841
1660
999
486
521
610
522
270
-245
-558
-685
-665
-584
-840
-1301
-1759
-1784
-1413
-1338
-1739
-2178
-2257
-1998
-1830
-1995
-2084
-2105
-2149
-2059
-1932
-1683
-1639
-1819
-1817
-1513
-1189
-1080
-1337
-875
-464
-864
-864
-800
19
521
62
-297
-217
96
737
1048
757
474
166
434
815
1365
1365
424
-106
393
1163
1178
508
-12
69
152
218
483
189
-445
-736
-443
-11
-261
-656
-935
-965
-633
-544
-758
-1006
-1059
-835
-708
-813
-815
-797
-881
-651
-375
-329
-573
-533
-94
97
138
63
266
486
614
751
921
1232
1404
1260
1045
1334
1935
2422
2115
1635
1617
1799
2386
2720
2571
2097
1640
1788
2230
2635
2491
1767
1059
1063
1767
2046
1462
499
158
348
551
548
111
-505
-921
-918
-693
-678
-1025
-1578
-1970
-1782
-1391
-1471
-1975
-2451
-2277
-1838
-1829
-2055
-2256
-2234
-2029
-1841
-1746
-1741
-1779
-1822
-1583
-1288
-1008
-1153
-1103
-570
-803
-656
-640
-211
422
255
-86
-211
57
536
1070
760
420
248
550
784
1029
1298
724
157
321
1038
1230
732
188
84
288
351
517
310
-361
-623
-309
69
-227
-648
-783
-826
-678
-498
-695
-983
-1038
-841
-640
-812
-868
-798
-764
-699
-505
-279
-475
-589
-200
113
92
47
186
428
521
670
927
1181
1312
1112
933
1324
1902
2292
2107
1433
1435
1875
2302
2601
2382
1920
1678
1775
2147
2429
2343
1842
1148
1052
1604
1932
1529
593
204
367
519
432
22
-468
-883
-961
-815
-796
-1066
-1540
-1950
-1847
-1516
-1526
-1923
-2313
-2238
-1917
-1819
-2004
-2169
-2137
-1976
-1824
-1697
-1635
-1689
-1705
-1525
-1239
-902
-1096
-1092
-448
-631
-670
-680
-304
475
331
-26
-79
66
501
999
923
680
310
420
671
1020
1432
909
180
198
906
1268
817
262
176
284
257
382
366
-131
-523
-403
10
-34
-539
-840
-911
-690
-405
-655
-1025
-1132
-926
-573
-708
-826
-829
-859
-674
-449
-255
-369
-506
-304
94
134
139
259
381
511
633
877
1109
1285
1295
1084
1154
1647
2155
2245
1671
1456
1692
2137
2535
2492
2124
1716
1702
1981
2314
2414
1980
1247
882
1287
1809
1580
748
81
88
272
323
78
-508
-936
-1109
-984
-887
-1151
-1553
-1996
-2041
-1673
-1590
-1919
-2319
-2369
-2017
-1921
-2048
-2121
-2163
-2029
-1883
-1774
-1636
-1594
-1624
-1442
-1319
-1018
-902
-1069
-835
-627
-357
-336
-242
56
74
45
217
535
774
679
489
656
776
975
1009
875
917
933
910
851
985
1042
734
457
479
684
601
236
8
-1
-2
-76
-93
-218
-519
-698
-637
-516
-454
-721
-1091
-1066
-808
-547
-673
-995
-1036
-844
-657
-540
-457
-485
-558
-503
-156
0
52
141
225
293
433
751
1124
1253
928
795
1124
1774
2183
2009
1407
1298
1813
2298
2460
2213
1951
1747
1722
2011
2378
2318
1728
1085
1073
1537
1693
1314
553
69
228
369
283
-159
-681
-800
-974
-998
-919
-1192
-1542
-1920
-1902
-1509
-1600
-1963
-2276
-2267
-1873
-1810
-1964
-2081
-2105
-1929
-1791
-1664
-1498
-1546
-1643
-1504
-1213
-814
-811
-533
-645
-1035
-724
-261
630
863
10
-564
-114
667
1582
1363
476
159
370
1136
1452
1569
1125
322
209
961
1695
1414
366
-211
264
770
799
496
-199
-571
-359
59
224
-273
-867
-1054
-845
-383
-315
-866
-1268
-1331
-873
-560
-867
-1065
-1123
-1002
-703
-503
-605
-837
-756
-358
-30
-81
-246
-99
228
564
595
727
1036
1007
946
1030
1535
2115
2123
1625
1431
1776
2264
2594
2398
2094
1944
1969
2145
2372
2467
2078
1405
1151
1563
1893
1574
737
182
313
508
439
77
-463
-848
-950
-854
-769
-925
-1501
-2056
-2048
-1635
-1375
-1816
-2383
-2504
-2210
-1870
-1919
-2117
-2201
-2181
-1960
-1737
-1652
-1651
-1641
-1680
-1217
-544
-963
-1252
-1283
-586
340
196
-285
-478
-222
364
966
964
773
342
380
723
1307
1746
1093
358
443
1250
1666
1223
657
568
675
626
798
874
471
1
-170
144
196
-8
-263
-478
-540
-594
-644
-722
-714
-761
-958
-1279
-1294
-944
-791
-973
-1148
-1177
-1105
-947
-701
-474
-632
-851
-721
-309
-11
123
78
52
270
697
1159
1166
940
878
1254
1906
2311
1996
1505
1494
2072
2709
2602
2266
1998
1905
2119
2379
2581
2227
1559
1242
1494
1867
1724
1048
401
365
544
547
190
-293
-561
-789
-844
-802
-880
-1218
-1778
-2003
-1742
-1529
-1706
-2119
-2324
-2160
-2054
-1984
-1972
-2068
-2101
-2112
-1830
-1540
-1522
-1527
-1644
-1459
-1110
-833
-760
-838
-824
-526
-152
-58
148
76
59
272
508
813
775
597
629
735
871
1022
1043
924
819
814
908
981
906
715
517
466
546
531
335
118
-7
-5
-83
-140
-189
-424
-583
-662
-617
-607
-782
-942
-1035
-1047
-1041
-1009
-1004
-1026
-1063
-987
-920
-826
-695
-644
-653
-602
-317
-115
-37
-42
152
471
806
956
802
823
1041
1539
2029
1952
1671
1576
1710
2223
2630
2516
2162
1947
2035
2246
2472
2532
2156
1532
1277
1601
1954
1673
941
473
391
495
529
213
-277
-671
-917
-887
-781
-873
-1327
-1934
-2044
-1722
-1537
-1782
-2222
-2363
-2248
-2174
-2084
-1988
-1985
-2184
-2219
-1902
-1596
-1368
-1618
-1756
-1365
-1000
-777
-789
-835
-692
-454
-182
218
279
96
9
319
933
1069
840
560
560
974
1251
1177
996
913
941
1011
1092
1213
1051
573
463
741
914
648
181
47
152
166
60
-163
-380
-412
-459
-522
-634
-780
-818
-999
-1024
-953
-1079
-1205
-1220
-1004
-901
-1072
-1205
-1072
-785
-641
-663
-758
-724
-430
-74
48
-12
83
449
750
808
775
807
1179
1700
1871
1629
1377
1499
2031
2448
2396
2144
1859
1770
2041
2419
2538
2049
1415
1277
1610
1962
1686
980
482
468
647
630
303
-135
-465
-729
-765
-624
-712
-1117
-1621
-1781
-1565
-1466
-1619
-1938
-2074
-1979
-1931
-1928
-1870
-1813
-1874
-1865
-1871
-1604
-1326
-1353
-1312
-1287
-1119
-899
-734
-610
-469
-304
-221
-118
30
214
392
539
560
546
577
697
931
1093
923
652
719
914
1189
1135
771
604
612
792
817
669
508
230
89
132
196
181
-124
-413
-463
-366
-370
-545
-699
-779
-825
-942
-1036
-994
-918
-1011
-1201
-1206
-1054
-918
-949
-1020
-950
-826
-697
-637
-514
-334
-279
-190
-82
251
759
733
484
467
933
1751
1940
1523
1185
1263
1896
2493
2488
2072
1765
1825
2100
2378
2527
2254
1582
1249
1610
2104
1907
1104
593
662
791
770
455
64
-261
-519
-548
-571
-621
-915
-1390
-1590
-1474
-1345
-1542
-1901
-1940
-1800
-1865
-1995
-2012
-1829
-1735
-1825
-1848
-1730
-1650
-1439
-1445
-877
-609
-1430
-1455
-1163
76
722
-115
-855
-763
-46
1050
1400
621
91
-193
553
1258
1706
1474
276
-218
588
1765
1795
828
56
272
690
846
1014
596
-29
-239
26
478
240
-201
-461
-571
-323
-288
-608
-767
-850
-771
-799
-1142
-1064
-1019
-1050
-1013
-1152
-1165
-1210
-1080
-820
-844
-907
-924
-832
-583
-339
-373
-286
-152
154
636
445
420
559
936
1542
1725
1491
1200
1313
1846
2401
2386
2140
1897
1841
2108
2408
2622
2310
1666
1412
1677
2104
2071
1466
768
713
932
953
635
202
-7
-275
-426
-455
-486
-675
-1110
-1409
-1350
-1261
-1372
-1617
-1827
-1800
-1785
-1898
-1939
-1898
-1695
-1821
-1971
-1858
-1697
-1384
-1327
-1372
-1380
-1303
-1096
-658
-454
-524
-571
-550
-158
169
346
286
143
229
507
740
778
718
649
676
663
866
974
787
680
656
804
779
543
480
463
480
419
236
64
-29
-10
29
-101
-257
-410
-553
-513
-441
-446
-737
-962
-931
-804
-827
-994
-982
-984
-960
-943
-1016
-912
-825
-779
-767
-683
-497
-359
-383
-269
64
350
603
380
278
542
1029
1639
1719
1217
1038
1312
1875
2491
2377
1946
1637
1669
2135
2553
2521
2096
1421
1225
1718
2165
2023
1172
531
646
885
988
732
135
-239
-532
-481
-219
-364
-824
-1435
-1624
-1285
-1115
-1355
-1775
-2024
-1863
-1766
-1802
-1771
-1905
-1925
-1951
-1795
-1620
-1296
-1223
-1719
-1681
-1346
-566
-253
-644
-1034
-907
-394
325
714
210
-189
-220
396
920
1121
900
278
105
675
1355
1307
743
287
440
745
917
1036
601
52
42
478
770
404
-46
-243
-175
52
89
-136
-494
-702
-585
-416
-517
-699
-899
-994
-906
-888
-901
-1060
-1054
-912
-947
-999
-1079
-933
-746
-665
-672
-737
-663
-420
-219
-44
49
355
518
216
282
709
1475
1778
1348
908
1055
1601
2272
2485
2160
1795
1560
1822
2353
2895
2662
1742
1097
1513
2374
2473
1723
818
664
1036
1215
1093
600
40
-271
-339
-96
-19
-444
-1132
-1427
-1199
-967
-1122
-1559
-1826
-1824
-1753
-1792
-1707
-1777
-1859
-2014
-1985
-1644
-1488
-1525
-1711
-1557
-1302
-1126
-1073
-965
-792
-670
-606
-452
-157
-79
-6
-6
94
380
401
386
378
499
681
580
469
540
685
719
617
525
579
558
444
404
396
393
289
142
123
35
-55
-101
-120
-30
-222
-549
-586
-442
-252
-391
-767
-900
-862
-749
-625
-673
-803
-997
-1071
-729
-551
-553
-692
-881
-694
-352
-159
-195
-393
-237
126
630
891
367
106
323
1310
2125
1759
839
598
1212
2167
2683
2259
1674
1237
1569
2240
2842
2699
1728
1047
1243
2145
2513
1808
847
573
872
1115
1080
683
146
-300
-422
-191
-22
-302
-974
-1415
-1355
-988
-994
-1400
-1712
-1841
-1687
-1686
-1746
-1670
-1919
-1956
-1790
-1624
-1484
-1562
-1749
-1548
-1247
-1093
-1003
-1158
-968
-742
-518
-380
-352
-191
-166
-59
197
280
231
225
335
556
670
499
373
492
663
754
615
521
580
594
515
461
485
542
365
179
179
116
89
-18
-82
-111
-283
-443
-529
-419
-422
-597
-783
-876
-786
-771
-794
-885
-901
-885
-892
-873
-839
-759
-749
-675
-601
-523
-392
-366
-283
-19
110
655
637
191
211
509
1523
1951
1492
958
849
1344
2337
2592
2265
1799
1467
1777
2196
2856
2811
1862
1080
1313
2213
2537
1852
965
710
837
1133
1227
781
270
-243
-388
-122
41
-131
-900
-1445
-1228
-942
-991
-1395
-1621
-1637
-1827
-1811
-1700
-1580
-1663
-1947
-1991
-1810
-1629
-1477
-1527
-1588
-1514
-1511
-1323
-1000
-722
-844
-1085
-982
-449
-92
-177
-346
-385
-145
19
221
336
299
213
110
261
576
756
592
350
342
539
678
541
504
509
363
291
276
361
362
184
91
54
32
13
-54
-92
-217
-356
-443
-417
-380
-481
-672
-780
-608
-482
-575
-722
-762
-617
-501
-438
-468
-505
-431
-334
-223
-105
-37
-74
458
614
492
291
147
1045
1723
1561
928
667
955
1918
2295
1970
1574
1245
1485
1806
2382
2500
1857
1102
1056
1830
2304
1845
1001
614
717
985
1148
810
317
-156
-350
-105
126
-12
-650
-1239
-1199
-799
-763
-1020
-1549
-1696
-1621
-1576
-1349
-1462
-1732
-1868
-1807
-1570
-1344
-1458
-1578
-1605
-1444
-1263
-1128
-988
-1004
-1033
-971
-696
-408
-345
-499
-442
-216
-36
51
9
67
221
298
217
217
351
559
594
392
392
453
564
537
503
566
459
348
294
304
412
390
195
36
-54
20
67
-35
-148
-262
-371
-387
-432
-417
-453
-550
-598
-721
-644
-554
-612
-632
-690
-634
-499
-469
-365
-378
-390
-242
-109
-37
280
385
385
317
215
739
1180
1334
1120
838
864
1428
1892
1945
1697
1433
1482
1561
1971
2191
2019
1518
1181
1472
1832
1874
1511
1024
765
863
1113
1049
661
195
-65
-100
68
98
-249
-742
-1067
-816
-677
-880
-1203
-1451
-1439
-1355
-1351
-1460
-1602
-1760
-1659
-1570
-1481
-1465
-1587
-1640
-1523
-1315
-1209
-1287
-1284
-1068
-967
-953
-890
-670
-543
-570
-583
-407
-208
-150
-157
-47
77
64
81
161
323
444
382
323
411
495
497
424
472
560
503
356
293
417
502
413
271
197
145
88
92
93
78
-111
-370
-337
-161
-102
-278
-554
-543
-353
-311
-392
-479
-517
-478
-394
-292
-211
-267
-308
-234
-64
99
371
246
242
345
382
821
1002
1032
951
813
925
1430
1538
1572
1444
1339
1457
1529
1838
1801
1629
1416
1379
1499
1579
1466
1217
1079
860
860
934
756
599
184
-61
53
92
-8
-407
-733
-743
-765
-831
-960
-1191
-1213
-1333
-1417
-1380
-1441
-1447
-1529
-1581
-1523
-1435
-1471
-1481
-1432
-1391
-1289
-1297
-1216
-1083
-1041
-964
-922
-807
-646
-604
-561
-489
-365
-252
-206
-126
-19
62
61
64
128
253
374
370
369
353
405
439
408
538
609
511
321
241
427
560
447
217
102
162
213
187
76
-11
-81
-187
-237
-228
-170
-268
-446
-443
-352
-386
-443
-483
-451
-359
-421
-367
-319
-288
-233
-183
-108
-29
286
266
223
269
393
694
819
839
911
1045
1009
1205
1201
1371
1567
1543
1428
1338
1602
1702
1656
1526
1530
1478
1330
1248
1320
1331
1012
740
696
704
670
405
156
43
-27
-131
-262
-338
-565
-812
-991
-891
-769
-948
-1329
-1533
-1437
-1249
-1219
-1411
-1571
-1683
-1579
-1444
-1365
-1367
-1512
-1570
-1438
-1196
-1071
-1151
-1187
-1093
-912
-776
-696
-606
-574
-484
-402
-289
-162
-59
-2
-30
53
157
286
337
353
465
448
432
463
566
646
635
560
488
513
568
599
552
424
351
304
267
271
207
145
83
-31
-87
-154
-167
-143
-244
-305
-381
-379
-374
-352
-351
-397
-401
-349
-251
-276
-288
-281
-224
-49
25
73
195
124
246
394
494
685
703
704
787
916
1042
1169
1124
1193
1289
1315
1327
1294
1426
1437
1345
1307
1274
1306
1240
1128
1028
990
879
813
727
507
455
324
234
143
-10
-141
-283
-425
-468
-601
-736
-753
-894
-975
-1140
-1167
-1079
-1191
-1322
-1423
-1434
-1363
-1357
-1392
-1406
-1411
-1374
-1337
-1255
-1154
-1150
-1160
-1124
-980
-814
-815
-825
-721
-576
-448
-407
-363
-254
-179
-104
-50
33
138
164
220
260
313
363
355
438
532
530
432
356
445
571
600
454
304
268
321
389
329
217
102
11
32
30
24
-52
-230
-261
-233
-142
-162
-331
-395
-356
-217
-167
-197
-254
-262
-194
-79
81
82
70
59
153
443
576
523
429
464
785
1039
1043
895
845
942
1192
1408
1439
1264
1070
1161
1348
1573
1498
1255
1093
1091
1216
1237
1123
922
796
627
601
621
544
320
8
-58
-56
-80
-260
-477
-628
-697
-765
-840
-912
-1080
-1129
-1231
-1266
-1270
-1367
-1410
-1472
-1406
-1412
-1489
-1512
-1461
-1358
-1327
-1364
-1334
-1207
-1125
-1042
-1040
-993
-880
-759
-653
-596
-558
-492
-355
-219
-110
-95
-62
12
134
289
315
332
309
377
547
642
635
546
536
602
698
744
676
551
468
493
555
562
431
267
206
206
207
141
52
-47
-103
-171
-177
-163
-225
-280
-334
-322
-257
-260
-336
-362
-278
-144
-96
-123
-116
-66
29
162
260
300
254
299
463
592
681
679
696
777
907
970
1011
992
1018
1105
1122
1230
1203
1184
1141
1137
1170
1119
1091
1003
957
866
812
760
641
547
444
361
246
137
-3
-134
-228
-342
-424
-549
-659
-773
-873
-960
-1012
-1052
-1145
-1240
-1304
-1289
-1282
-1279
-1354
-1388
-1344
-1330
-1297
-1244
-1211
-1185
-1181
-1171
-1051
-920
-846
-827
-821
-757
-651
-522
-388
-314
-295
-297
-243
-19
169
175
135
121
249
445
518
526
492
490
550
586
676
681
594
506
428
537
611
504
352
227
223
258
215
110
19
-48
-90
-127
-146
-159
-230
-276
-293
-256
-219
-266
-301
-279
-192
-112
-84
-93
-81
9
103
181
237
252
256
324
456
554
603
575
579
742
801
816
797
806
967
984
963
942
979
1022
995
970
984
1025
979
883
780
814
854
731
628
564
526
420
274
241
219
75
-107
-206
-272
-315
-444
-547
-670
-776
-824
-912
-948
-987
-1067
-1155
-1204
-1199
-1151
-1185
-1233
-1230
-1226
-1196
-1129
-1063
-1061
-1092
-1041
-902
-792
-731
-746
-717
-618
-491
-361
-311
-252
-203
-147
-83
-11
85
139
160
221
319
389
380
348
369
442
549
582
566
510
451
451
462
481
441
363
285
234
225
185
129
39
-46
-62
-96
-153
-238
-307
-337
-334
-331
-347
-377
-402
-354
-308
-291
-297
-271
-212
-125
0
68
60
65
142
293
450
493
463
459
528
708
849
852
816
771
818
896
991
1055
972
870
817
874
977
999
876
726
657
672
712
676
594
513
423
342
325
288
240
123
-5
-68
-113
-123
-188
-284
-378
-447
-486
-532
-570
-638
-717
-795
-828
-797
-799
-846
-926
-955
-929
-883
-878
-893
-906
-913
-832
-774
-732
-744
-744
-669
-596
-535
-522
-472
-461
-387
-299
-251
-182
-189
-151
-86
-12
83
85
65
105
145
209
251
267
269
218
225
276
309
295
224
190
182
191
193
124
51
25
19
-8
-44
-98
-131
-159
-170
-158
-167
-209
-230
-163
-112
-82
-94
-110
-56
12
65
98
130
169
242
324
384
458
474
503
532
601
655
661
710
704
734
739
714
751
750
715
659
622
660
674
607
538
482
472
439
361
323
286
227
140
82
88
111
41
-79
-135
-126
-117
-157
-227
-286
-316
-336
-355
-367
-376
-413
-453
-468
-454
-437
-425
-461
-490
-486
-470
-463
-454
-432
-464
-471
-474
-448
-406
-403
-403
-391
-368
-352
-342
-336
-287
-258
-257
-243
-213
-172
-163
-154
-100
-54
-40
-34
-21
28
59
54
66
82
87
103
93
98
112
82
50
49
55
26
-52
-92
-70
-79
-113
-171
-207
-194
-192
-207
-230
-272
-273
-231
-185
-170
-211
-229
-172
-88
-28
-16
-12
46
111
182
237
274
305
320
349
420
477
535
540
518
547
557
625
660
634
611
563
551
577
597
617
558
477
433
405
427
416
364
310
242
221
212
153
95
21
-45
-51
-38
-52
-118
-207
-256
-252
-250
-243
-292
-354
-373
-370
-309
-310
-338
-376
-380
-328
-279
-247
-279
-304
-289
-231
-192
-179
-175
-171
-164
-151
-145
-113
-81
-82
-72
-101
-90
-61
-63
-48
-47
-38
-19
-31
-12
-9
-35
-40
-26
16
16
-18
-46
-34
-34
-31
-26
-45
-56
-96
-112
-120
-139
-144
-179
-210
-228
-241
-245
-260
-278
-298
-331
-331
-303
-280
-282
-293
-303
-296
-252
-217
-177
-153
-138
-119
-87
-12
73
120
118
116
161
239
312
357
354
352
368
418
477
524
528
467
433
456
527
571
537
464
408
401
413
400
379
362
330
270
222
212
209
189
150
124
101
74
33
-3
-26
-38
-43
-68
-94
-108
-116
-151
-152
-151
-130
-135
-198
-212
-227
-202
-169
-163
-175
-213
-230
-208
-170
-139
-138
-185
-204
-170
-102
-60
-97
-107
-94
-61
-4
-5
-19
-22
1
63
76
55
41
43
70
87
96
102
72
34
27
37
58
24
-26
-54
-85
-93
-117
-139
-156
-194
-229
-250
-266
-265
-280
-314
-337
-348
-352
-349
-350
-356
-349
-353
-329
-280
-240
-214
-222
-204
-152
-93
-49
-48
-46
-2
51
83
121
158
199
221
228
276
299
301
313
324
362
357
316
305
320
346
361
326
288
267
266
277
280
268
230
183
162
175
173
149
94
76
98
87
83
42
17
16
-8
-4
-7
-10
-44
-78
-73
-22
-12
-65
-94
-104
-63
-57
-71
-66
-65
-61
-85
-67
-25
-19
-31
-56
-44
-12
-8
-16
-10
2
4
7
29
57
49
10
16
49
72
70
53
50
35
33
28
33
36
31
23
-2
-17
-35
-31
-37
-45
-63
-114
-151
-179
-180
-184
-198
-211
-247
-285
-297
-277
-276
-288
-306
-314
-307
-303
-275
-248
-245
-260
-264
-235
-206
-182
-150
-124
-108
-98
-66
-19
49
83
80
84
94
114
141
168
179
186
194
222
252
275
275
260
258
272
293
268
230
212
203
216
224
211
175
136
119
131
133
105
68
38
36
34
28
-2
-36
-38
-27
-28
-39
-55
-90
-71
-40
-30
-30
-59
-63
-55
-26
10
17
8
-19
-11
34
68
69
34
15
45
86
124
112
78
69
89
128
141
124
102
100
102
115
141
131
109
97
120
146
131
98
61
47
49
40
23
8
-31
-66
-81
-99
-116
-148
-186
-204
-226
-261
-301
-320
-322
-325
-339
-359
-388
-397
-392
-390
-382
-366
-331
-315
-317
-323
-308
-271
-228
-180
-166
-179
-178
-124
-40
9
22
-1
15
62
105
145
146
152
158
174
197
225
245
253
270
285
285
255
242
260
290
322
316
291
258
239
237
250
250
232
197
149
122
118
143
135
92
41
11
13
16
20
2
-26
-43
-56
-65
-79
-86
-87
-100
-106
-99
-86
-83
-81
-47
-12
-13
-26
-36
-28
-10
-4
-3
-3
3
9
25
46
76
102
91
90
95
104
100
80
81
90
93
84
76
80
83
71
54
48
36
32
16
-13
-42
-79
-96
-95
-106
-131
-163
-191
-197
-205
-223
-239
-245
-252
-271
-295
-294
-277
-281
-288
-289
-263
-242
-238
-210
-174
-156
-166
-182
-157
-100
-66
-62
-71
-77
-57
-12
28
64
76
63
57
82
122
136
125
120
134
148
152
150
150
146
149
165
178
181
178
180
188
210
210
200
170
141
147
164
178
145
110
102
115
124
123
114
94
58
37
51
55
40
10
-11
-8
-5
-2
-17
-31
-23
-6
-6
-23
-12
11
21
12
8
26
31
16
16
49
60
50
54
70
82
75
68
78
88
93
90
74
63
67
70
60
38
19
14
-1
-12
-1
-23
-60
-99
-113
-112
-136
-161
-191
-215
-235
-262
-274
-280
-291
-305
-305
-314
-327
-333
-334
-319
-308
-308
-325
-339
-320
-269
-225
-210
-211
-203
-175
-135
-88
-55
-45
-38
-20
24
78
106
110
102
121
169
201
201
201
216
229
237
251
272
266
248
233
233
224
207
203
208
204
183
167
154
154
155
155
143
121
109
94
104
123
117
90
59
57
75
98
93
70
54
44
62
78
83
68
48
47
45
55
47
30
27
25
25
24
13
-5
-4
4
15
5
-19
-24
-18
-2
0
-17
-31
-36
-35
-36
-26
-6
-12
-47
-51
-34
-19
-21
-39
-33
-33
-46
-63
-80
-67
-59
-70
-81
-100
-121
-136
-147
-143
-137
-168
-200
-214
-217
-213
-222
-245
-260
-257
-259
-272
-274
-263
-263
-268
-253
-233
-220
-203
-195
-175
-158
-151
-129
-94
-57
-47
-41
-12
32
68
87
94
108
133
144
157
175
186
194
196
197
199
216
226
222
219
204
193
190
191
202
198
180
155
140
146
154
149
138
130
123
111
107
108
123
131
108
90
90
100
116
119
111
90
77
77
95
113
103
92
82
84
83
83
82
65
62
60
51
32
20
14
16
28
23
8
-7
-23
-34
-35
-36
-40
-53
-61
-66
-67
-62
-67
-71
-81
-98
-120
-135
-124
-118
-125
-150
-178
-175
-165
-158
-157
-178
-194
-214
-218
-199
-190
-204
-240
-256
-236
-215
-206
-211
-206
-203
-215
-222
-205
-178
-164
-157
-174
-169
-148
-130
-100
-90
-79
-75
-72
-62
-48
-13
11
16
28
43
64
90
106
121
128
128
133
147
174
185
189
202
210
217
217
209
207
215
206
202
204
199
188
178
184
186
176
169
157
138
129
133
134
129
118
102
101
112
122
140
139
116
102
115
131
129
105
90
92
98
102
100
102
88
74
64
68
75
63
38
16
15
16
21
12
-8
-23
-37
-40
-43
-56
-61
-65
-80
-98
-113
-113
-111
-129
-150
-160
-172
-178
-192
-204
-204
-216
-238
-253
-251
-242
-251
-266
-273
-277
-279
-280
-277
-265
-256
-251
-249
-244
-234
-209
-188
-175
-168
-167
-158
-136
-112
-97
-86
-71
-57
-41
-26
-6
24
38
43
54
71
80
90
107
117
137
144
145
162
181
192
193
186
187
196
196
189
186
189
183
176
176
182
180
170
158
151
154
147
139
136
130
135
137
130
131
134
132
120
119
126
129
128
121
118
109
108
115
109
102
83
68
65
58
55
50
34
30
21
11
10
7
-2
-16
-25
-32
-41
-56
-53
-46
-58
-63
-73
-75
-76
-81
-80
-85
-91
-100
-113
-118
-115
-114
-120
-133
-144
-145
-149
-159
-156
-155
-169
-189
-192
-182
-177
-188
-197
-192
-181
-181
-185
-181
-183
-183
-174
-161
-145
-137
-138
-140
-132
-111
-87
-73
-74
-76
-64
-41
-18
-8
6
20
27
37
55
78
87
85
92
102
106
114
129
137
130
129
133
139
142
140
141
139
134
130
126
123
119
118
126
136
129
109
95
103
124
135
125
105
106
118
128
125
114
114
123
125
109
100
102
104
107
111
114
97
70
63
78
86
76
52
36
29
27
34
41
28
5
-3
3
7
-11
-31
-41
-44
-42
-47
-58
-71
-75
-66
-63
-82
-104
-109
-108
-113
-128
-134
-141
-159
-161
-150
-150
-170
-189
-185
-173
-179
-201
-211
-207
-202
-201
-199
-204
-208
-191
-180
-179
-188
-188
-173
-163
-155
-151
-142
-129
-115
-91
-70
-64
-66
-46
-20
0
19
25
35
51
76
105
112
114
117
129
159
179
182
174
174
187
209
214
204
196
194
201
199
196
188
180
179
169
166
164
149
138
143
147
135
110
100
99
93
88
85
85
68
55
57
61
60
52
49
48
47
49
51
52
45
41
48
47
42
35
28
23
28
24
17
9
-6
-12
-17
-21
-33
-38
-44
-66
-77
-88
-90
-92
-109
-129
-137
-140
-144
-151
-154
-159
-175
-180
-182
-182
-180
-182
-191
-187
-188
-192
-187
-190
-187
-185
-185
-190
-187
-174
-171
-175
-169
-156
-151
-144
-139
-128
-117
-112
-104
-85
-73
-66
-45
-32
-21
-14
2
26
44
65
74
77
89
109
125
133
139
151
165
171
183
197
203
202
203
216
227
228
226
221
221
216
218
220
214
204
192
179
175
165
153
146
137
121
107
93
81
74
68
63
46
27
16
17
20
10
-1
-12
-17
-22
-18
-10
-18
-28
-34
-32
-30
-31
-30
-32
-36
-36
-28
-26
-24
-30
-27
-25
-26
-24
-22
-20
-31
-34
-35
-34
-38
-50
-53
-52
-57
-74
-89
-98
-104
-113
-120
-125
-139
-153
-160
-159
-163
-171
-188
-194
-197
-206
-205
-208
-204
-199
-196
-197
-206
-199
-184
-178
-176
-173
-174
-170
-155
-144
-126
-114
-105
-99
-82
-59
-45
-34
-16
4
23
38
42
60
80
107
122
128
143
156
169
192
215
228
228
223
235
254
261
261
261
269
278
274
266
268
271
264
254
252
247
229
210
202
198
188
167
154
147
131
116
97
80
69
65
61
52
28
3
-8
-7
-2
-11
-27
-47
-61
-60
-52
-49
-57
-76
-83
-78
-81
-90
-97
-99
-103
-107
-107
-115
-122
-119
-115
-117
-116
-119
-126
-128
-128
-123
-120
-128
-132
-135
-136
-138
-140
-142
-142
-140
-137
-141
-152
-153
-154
-147
-142
-147
-156
-164
-165
-165
-155
-154
-157
-158
-153
-146
-144
-141
-136
-126
-117
-117
-114
-107
-105
-94
-76
-62
-56
-57
-44
-23
2
15
22
40
55
70
87
105
121
132
143
162
181
192
196
205
220
234
240
241
245
251
252
249
259
262
255
247
240
242
240
233
227
219
218
220
204
190
182
177
177
167
145
129
116
115
110
92
82
63
48
44
37
26
5
-15
-24
-26
-32
-43
-59
-71
-82
-86
-86
-94
-101
-112
-118
-117
-122
-128
-130
-124
-127
-134
-133
-131
-135
-139
-145
-149
-145
-146
-149
-156
-159
-161
-168
-171
-167
-162
-167
-180
-186
-176
-174
-176
-178
-173
-170
-173
-168
-160
-157
-164
-164
-152
-146
-147
-151
-148
-136
-128
-124
-117
-110
-99
-90
-81
-67
-58
-52
-40
-22
-8
1
11
19
36
56
72
83
100
118
138
145
152
172
183
191
192
204
214
215
224
235
249
252
251
257
261
261
263
263
260
258
246
242
240
235
222
210
206
197
191
176
162
153
144
135
122
109
90
74
68
54
41
31
20
5
-5
-15
-31
-43
-58
-64
-70
-83
-91
-102
-111
-114
-119
-127
-134
-137
-142
-149
-153
-151
-151
-165
-167
-157
-153
-157
-164
-162
-153
-153
-159
-155
-152
-145
-143
-140
-132
-136
-140
-138
-127
-123
-132
-137
-134
-126
-122
-122
-122
-122
-124
-121
-113
-112
-114
-114
-109
-104
-105
-103
-105
-108
-99
-85
-80
-84
-84
-67
-50
-41
-36
-28
-18
-11
1
16
27
28
33
44
60
80
87
95
110
124
141
145
151
164
172
187
191
197
211
219
225
228
235
249
255
252
258
264
259
256
258
259
253
243
236
230
220
214
207
195
183
170
157
137
123
117
104
91
69
52
40
26
15
-4
-16
-28
-38
-48
-61
-73
-83
-95
-107
-114
-121
-134
-149
-161
-163
-168
-179
-187
-187
-182
-184
-194
-193
-192
-198
-196
-195
-196
-206
-213
-205
-195
-194
-199
-198
-186
-183
-185
-178
-168
-166
-170
-168
-163
-163
-162
-156
-149
-139
-138
-132
-128
-118
-104
-97
-91
-89
-76
-64
-59
-55
-43
-26
-21
-12
-1
14
20
24
44
60
70
76
82
98
108
109
113
125
142
148
153
167
176
189
200
209
222
225
232
232
235
239
238
233
229
235
239
237
231
226
223
223
224
213
206
196
183
175
167
153
135
120
113
104
96
85
77
66
60
54
46
30
11
5
-5
-16
-36
-55
-62
-70
-81
-87
-92
-103
-111
-118
-119
-131
-149
-161
-172
-175
-184
-187
-185
-188
-190
-189
-186
-187
-192
-194
-193
-193
-193
-196
-201
-202
-195
-190
-190
-187
-180
-175
-170
-167
-159
-151
-148
-145
-140
-133
-130
-123
-116
-109
-106
-108
-97
-84
-75
-64
-51
-41
-30
-20
-14
-1
7
5
8
15
28
35
43
55
69
82
96
105
118
129
137
142
149
164
169
167
171
183
195
194
196
204
208
212
213
217
220
219
218
228
231
226
223
219
221
220
207
198
191
184
176
167
165
157
142
130
123
117
96
75
70
63
49
32
22
13
4
-6
-22
-27
-41
-58
-69
-79
-87
-100
-114
-120
-124
-126
-135
-141
-141
-150
-157
-165
-172
-180
-189
-196
-197
-197
-204
-206
-208
-202
-202
-208
-208
-205
-204
-207
-206
-198
-193
-193
-185
-173
-165
-162
-161
-155
-152
-141
-135
-136
-128
-116
-113
-112
-107
-95
-83
-81
-79
-66
-55
-43
-35
-21
-13
-5
1
12
29
42
51
54
67
79
89
103
109
118
123
128
138
147
160
168
169
174
187
191
191
196
202
208
207
209
218
224
219
220
226
231
229
227
228
229
227
217
212
213
213
200
189
185
175
162
146
135
129
117
100
86
76
62
56
47
34
22
12
-1
-14
-21
-41
-51
-60
-72
-77
-92
-103
-106
-113
-130
-143
-152
-159
-166
-180
-188
-195
-202
-206
-207
-207
-211
-219
-226
-229
-228
-233
-235
-226
-225
-223
-216
-214
-205
-201
-201
-191
-187
-188
-184
-171
-165
-158
-154
-150
-143
-134
-125
-121
-116
-108
-103
-95
-85
-78
-73
-64
-49
-32
-23
-18
-4
14
30
40
51
64
71
83
96
110
124
127
137
153
164
167
171
173
183
191
190
198
201
205
207
214
221
219
214
217
225
227
230
225
227
231
228
228
225
220
213
210
202
192
184
170
160
149
147
138
123
109
99
94
75
59
50
39
27
16
13
-2
-15
-27
-34
-37
-55
-71
-81
-85
-95
-106
-109
-117
-129
-140
-148
-153
-157
-169
-177
-174
-178
-187
-191
-191
-190
-196
-204
-207
-207
-210
-209
-208
-204
-198
-194
-198
-203
-193
-188
-186
-187
-182
-173
-166
-162
-158
-151
-149
-144
-138
-139
-136
-126
-118
-111
-98
-87
-80
-72
-64
-54
-41
-37
-35
-21
-11
-4
11
24
36
43
52
61
69
81
93
108
120
127
137
154
164
167
179
186
197
205
213
229
238
243
244
246
250
250
246
245
245
244
246
242
240
236
232
229
224
212
201
189
174
165
155
143
133
123
119
105
87
77
67
54
38
22
13
-3
-19
-32
-39
-52
-69
-82
-89
-97
-108
-116
-130
-143
-151
-153
-154
-162
-172
-171
-170
-174
-172
-170
-171
-172
-176
-173
-168
-165
-162
-158
-147
-137
-138
-140
-141
-139
-131
-129
-129
-130
-125
-124
-123
-121
-123
-120
-122
-129
-121
-106
-106
-111
-105
-97
-91
-91
-90
-83
-82
-87
-85
-79
-72
-67
-63
-56
-44
-42
-41
-32
-20
-10
-2
7
18
29
37
44
56
66
73
78
90
104
114
125
137
149
163
175
185
196
201
203
213
223
225
221
223
229
235
230
225
223
225
219
208
205
199
195
188
178
176
165
151
140
129
123
113
96
81
74
69
55
45
36
23
8
-11
-21
-30
-43
-56
-67
-71
-81
-91
-99
-102
-112
-120
-127
-131
-127
-133
-138
-141
-148
-153
-154
-154
-159
-162
-164
-159
-153
-153
-152
-153
-150
-153
-151
-152
-148
-144
-145
-145
-143
-138
-146
-147
-136
-135
-129
-130
-130
-120
-116
-109
-100
-94
-87
-86
-85
-79
-74
-69
-63
-58
-50
-43
-39
-29
-23
-12
-7
1
7
17
34
42
51
59
70
78
80
91
100
109
115
125
136
143
146
150
161
168
171
167
171
178
181
186
185
189
193
187
188
192
188
175
168
167
166
156
145
136
134
128
116
111
105
95
88
80
77
65
54
48
38
27
9
3
-5
-12
-17
-22
-30
-39
-48
-52
-56
-62
-73
-82
-86
-92
-95
-95
-98
-103
-106
-106
-112
-113
-114
-113
-107
-104
-107
-110
-108
-111
-110
-108
-115
-114
-116
-114
-115
-118
-120
-123
-119
-113
-111
-113
-114
-114
-106
-104
-112
-105
-101
-101
-98
-95
-90
-90
-88
-81
-70
-70
-72
-67
-61
-54
-50
-43
-36
-30
-28
-19
-10
-6
-3
4
18
30
41
51
59
66
69
74
83
92
93
97
110
113
121
127
134
137
137
145
156
163
162
168
173
172
171
171
173
176
169
159
161
161
153
143
131
126
124
115
105
97
88
76
68
61
56
46
37
31
25
16
5
-4
-14
-21
-33
-42
-46
-55
-61
-69
-76
-81
-88
-93
-96
-102
-107
-108
-108
-114
-119
-116
-114
-114
-114
-114
-111
-108
-102
-97
-96
-92
-87
-87
-85
-84
-84
-83
-84
-84
-82
-82
-83
-78
-74
-70
-69
-65
-59
-58
-58
-63
-67
-63
-59
-61
-67
-64
-62
-64
-63
-60
-53
-49
-46
-39
-28
-21
-24
-24
-20
-15
-14
-9
0
10
16
23
32
43
52
59
74
85
93
101
105
112
119
120
126
131
134
140
146
157
160
163
169
170
171
167
165
164
157
149
139
134
130
120
114
106
94
88
83
79
73
64
58
48
39
26
13
3
-8
-20
-28
-33
-45
-56
-63
-65
-70
-77
-83
-87
-91
-95
-95
-94
-96
-98
-102
-104
-103
-98
-91
-93
-98
-98
-96
-93
-92
-88
-84
-85
-90
-91
-85
-79
-81
-83
-81
-80
-84
-83
-74
-70
-75
-78
-72
-65
-64
-67
-62
-57
-53
-53
-52
-44
-44
-48
-46
-37
-31
-33
-29
-17
-12
-11
-9
-2
2
8
13
13
19
25
29
35
40
47
51
52
58
65
71
75
80
90
93
97
101
105
109
107
108
115
114
111
111
118
123
111
112
114
113
110
105
105
103
94
91
92
88
80
70
68
62
56
50
44
39
28
16
12
9
0
-14
-18
-20
-32
-38
-43
-44
-49
-62
-68
-66
-69
-75
-78
-77
-72
-78
-82
-75
-69
-67
-72
-70
-64
-65
-65
-63
-61
-54
-50
-52
-52
-51
-45
-44
-45
-43
-42
-41
-43
-43
-42
-44
-48
-49
-45
-42
-48
-48
-45
-48
-44
-43
-44
-46
-47
-47
-44
-46
-50
-53
-49
-48
-53
-48
-45
-44
-39
-34
-28
-24
-24
-28
-24
-14
-4
-3
-2
6
14
22
28
36
46
52
57
65
71
74
70
77
83
85
90
92
98
100
103
111
113
114
115
116
122
120
117
121
124
125
118
110
110
106
100
99
96
94
82
74
70
61
49
39
35
29
14
3
-2
-6
-17
-28
-32
-39
-51
-61
-68
-69
-75
-86
-93
-92
-94
-99
-99
-91
-92
-97
-95
-89
-88
-93
-94
-88
-78
-83
-85
-74
-68
-64
-61
-53
-45
-47
-45
-38
-34
-33
-37
-33
-25
-23
-25
-24
-20
-21
-23
-20
-21
-22
-24
-21
-20
-23
-25
-29
-29
-33
-39
-41
-45
-48
-50
-45
-40
-40
-45
-40
-34
-31
-29
-28
-22
-20
-18
-9
-3
1
2
12
25
29
31
36
40
46
56
64
72
78
80
90
103
106
109
114
119
120
122
127
123
121
122
122
129
126
122
121
114
109
106
96
86
78
68
59
50
45
43
34
24
17
10
4
-3
-8
-6
-11
-22
-26
-27
-30
-33
-41
-47
-49
-55
-54
-55
-60
-67
-69
-63
-60
-62
-71
-70
-69
-68
-66
-66
-65
-67
-70
-64
-62
-63
-61
-59
-58
-59
-61
-56
-51
-53
-52
-50
-46
-47
-48
-47
-42
-42
-47
-45
-46
-49
-50
-48
-44
-45
-48
-49
-45
-48
-46
-41
-36
-37
-39
-37
-30
-27
-22
-26
-26
-24
-20
-9
-7
-2
6
14
15
21
29
31
31
33
48
54
55
57
61
69
70
73
83
84
84
87
87
90
93
94
96
96
97
101
101
97
93
93
98
92
85
84
86
82
76
73
68
62
51
49
45
39
31
28
28
21
13
8
4
1
-7
-15
-23
-33
-37
-40
-40
-46
-46
-46
-52
-56
-59
-63
-68
-72
-71
-68
-71
-69
-65
-63
-67
-71
-70
-66
-68
-68
-61
-52
-47
-53
-51
-48
-46
-44
-41
-34
-30
-35
-36
-32
-28
-32
-32
-28
-25
-29
-34
-34
-32
-30
-30
-31
-33
-32
-30
-29
-26
-25
-25
-24
-20
-19
-21
-14
-14
-21
-21
-19
-17
-19
-19
-12
-5
-4
0
4
5
9
9
13
26
32
36
43
50
52
57
62
70
78
82
84
88
91
89
94
97
97
94
90
91
93
87
79
78
77
70
65
66
66
60
57
58
54
53
54
47
40
35
31
26
15
9
2
-7
-10
-13
-18
-23
-26
-27
-27
-34
-35
-37
-38
-40
-41
-45
-47
-50
-55
-54
-54
-55
-57
-57
-51
-50
-55
-56
-55
-55
-52
-53
-48
-43
-46
-45
-39
-41
-42
-40
-38
-37
-42
-42
-42
-46
-47
-46
-42
-40
-44
-42
-40
-38
-37
-37
-34
-35
-37
-35
-31
-29
-29
-30
-31
-24
-22
-21
-19
-18
-14
-8
-2
2
4
11
18
21
19
23
31
34
32
32
31
36
34
34
39
44
48
50
52
52
58
65
63
63
62
66
71
69
73
79
79
77
79
79
76
75
69
69
70
61
55
50
48
42
39
37
32
24
19
18
11
2
0
-5
-13
-22
-23
-26
-32
-31
-34
-37
-38
-41
-41
-43
-47
-49
-51
-53
-53
-55
-53
-49
-46
-44
-39
-40
-38
-31
-29
-30
-29
-26
-26
-29
-31
-27
-23
-28
-28
-24
-24
-22
-24
-21
-17
-20
-18
-16
-15
-21
-29
-24
-24
-31
-35
-35
-30
-34
-40
-36
-31
-34
-37
-33
-26
-20
-20
-18
-6
3
7
13
19
25
27
25
30
34
36
34
30
35
32
32
35
35
39
37
40
41
38
38
38
37
35
33
31
31
29
28
30
33
31
31
32
32
35
35
34
36
32
26
27
27
23
19
17
16
12
9
4
7
7
4
4
5
9
8
11
13
11
9
8
7
3
-3
-11
-11
-12
-22
-24
-27
-27
-27
-30
-32
-34
-37
-37
-33
-29
-26
-28
-27
-23
-16
-14
-18
-19
-19
-18
-21
-18
-16
-20
-21
-21
-22
-27
-34
-32
-28
-27
-29
-33
-28
-27
-31
-36
-35
-31
-32
-37
-38
-36
-36
-41
-40
-36
-37
-40
-42
-36
-28
-26
-21
-15
-9
-10
-9
-2
1
3
6
10
20
22
25
32
41
46
50
55
59
62
62
66
71
71
73
72
72
77
77
77
73
74
74
72
69
66
63
60
52
45
40
34
27
22
18
16
11
8
4
