SAMPLES:	21190
BITSPERSAMPLE:	16
CHANNELS:	1
SAMPLERATE:	16000
NORMALIZED:	FALSE
-1
-1
-1
0
0
1
0
0
0
0
-1
0
0
1
0
0
1
0
0
0
1
0
0
0
-1
0
0
0
0
0
0
0
-1
0
0
0
0
0
0
0
0
0
0
0
0
0
0
1
0
1
0
0
0
1
0
0
-1
1
0
-1
0
0
-1
0
0
0
0
-1
0
0
0
0
1
0
0
0
1
0
0
1
-1
0
0
0
0
0
0
-1
0
1
0
0
0
1
-1
0
0
0
0
0
0
0
-1
0
1
0
-1
0
0
-1
-1
0
0
0
0
-1
-1
-1
0
0
0
0
0
0
0
0
0
1
0
-1
0
1
0
0
0
0
0
-1
0
1
0
0
0
0
-1
1
0
0
0
0
1
1
0
0
-1
0
1
0
0
0
0
0
1
0
0
0
0
-1
1
0
0
1
0
0
0
0
0
0
0
-1
0
0
0
-1
0
-1
0
1
0
-1
0
0
-1
1
0
0
0
0
0
1
1
0
1
0
0
0
0
0
0
0
-1
0
0
1
1
0
0
0
-1
-1
0
1
0
-1
0
0
0
0
-1
0
0
0
0
0
-1
-1
-1
0
-1
-1
0
-1
0
-1
-1
-1
-1
-1
-1
0
-1
-1
0
0
1
0
0
0
1
0
1
1
1
1
1
1
2
1
1
1
1
1
1
0
0
0
-2
-2
-2
-3
-3
-2
-2
-3
-2
-2
-2
-2
-1
-1
-2
0
-1
-1
-1
0
1
0
1
1
1
2
2
2
4
3
4
4
4
5
5
6
6
6
6
7
7
6
6
5
6
5
3
2
2
1
-1
-2
-3
-5
-6
-7
-9
-10
-11
-11
-13
-12
-13
-12
-13
-13
-11
-10
-9
-8
-7
-6
-6
-4
-3
-2
-2
0
0
1
2
2
5
4
5
6
8
9
9
9
11
12
13
13
13
13
13
13
13
12
12
10
9
8
5
4
2
1
-3
-4
-6
-7
-11
-11
-13
-14
-15
-17
-17
-17
-17
-14
-13
-9
-5
-1
3
5
11
16
22
29
29
32
33
34
34
32
30
29
27
21
18
11
12
10
5
0
-7
-8
-13
-16
-21
-24
-27
-35
-42
-49
-52
-58
-64
-72
-80
-86
-90
-94
-95
-97
-100
-97
-94
-88
-82
-70
-54
-40
-25
-8
14
40
59
80
100
124
144
161
176
189
200
204
206
203
199
193
182
169
149
131
111
95
73
49
28
10
-9
-30
-47
-63
-77
-91
-109
-122
-135
-147
-160
-174
-184
-196
-203
-210
-212
-212
-211
-207
-199
-186
-173
-152
-131
-108
-85
-62
-33
-6
22
47
71
96
116
137
153
172
185
196
204
209
214
217
217
213
207
195
184
172
155
137
116
94
71
46
21
-4
-26
-51
-78
-104
-126
-148
-169
-188
-206
-224
-239
-253
-265
-278
-289
-292
-295
-294
-293
-288
-274
-260
-244
-221
-189
-152
-115
-75
-27
26
78
132
186
243
297
349
392
429
461
487
513
522
524
512
500
481
448
411
371
331
285
231
178
128
80
30
-18
-63
-105
-146
-183
-219
-253
-284
-312
-341
-369
-398
-418
-432
-447
-463
-472
-468
-460
-452
-436
-411
-376
-338
-296
-250
-199
-144
-92
-39
11
58
102
142
181
209
229
248
269
283
291
294
302
307
310
309
319
334
338
348
344
342
344
336
332
312
282
245
204
157
105
45
-9
-62
-125
-186
-240
-279
-310
-346
-377
-399
-408
-412
-418
-424
-420
-411
-406
-403
-400
-391
-380
-369
-365
-360
-347
-327
-300
-274
-241
-202
-154
-97
-39
26
101
179
262
334
405
478
548
605
651
684
717
736
736
723
698
671
632
584
533
478
421
352
286
231
172
117
60
10
-39
-93
-142
-186
-227
-270
-321
-366
-407
-456
-497
-533
-565
-595
-626
-638
-641
-639
-629
-603
-563
-522
-483
-427
-359
-295
-232
-173
-108
-43
7
56
102
148
186
218
246
274
302
329
362
385
418
450
484
519
531
552
565
579
581
558
530
494
439
375
303
223
148
60
-28
-108
-188
-253
-314
-365
-410
-452
-482
-502
-514
-529
-535
-544
-543
-548
-556
-551
-552
-545
-543
-541
-533
-521
-498
-463
-433
-396
-347
-292
-215
-145
-66
38
126
223
307
406
511
612
696
761
831
884
937
971
986
994
988
968
926
873
813
759
691
602
512
420
345
266
183
101
20
-47
-120
-185
-248
-304
-353
-411
-474
-538
-584
-630
-667
-714
-760
-789
-813
-819
-819
-806
-781
-738
-690
-635
-566
-486
-391
-304
-220
-138
-52
27
96
162
216
259
297
328
358
379
395
416
444
450
471
501
529
580
571
590
603
603
610
573
531
477
403
313
219
107
6
-95
-208
-309
-424
-501
-558
-619
-662
-713
-732
-741
-752
-760
-751
-745
-737
-722
-731
-706
-695
-674
-647
-647
-623
-591
-544
-498
-451
-395
-311
-238
-162
-77
25
147
245
353
453
558
674
777
892
993
1074
1153
1222
1285
1338
1374
1386
1386
1354
1310
1255
1183
1098
999
883
751
616
485
372
252
129
12
-97
-198
-293
-375
-441
-507
-577
-647
-723
-787
-842
-885
-927
-985
-1034
-1058
-1067
-1072
-1071
-1045
-983
-925
-868
-790
-681
-561
-454
-353
-241
-122
-17
81
171
249
311
370
405
463
495
523
562
551
576
588
621
662
661
657
658
653
640
612
562
524
451
350
249
138
47
-59
-182
-298
-407
-500
-581
-651
-724
-764
-810
-845
-865
-887
-871
-865
-850
-839
-835
-805
-781
-740
-706
-663
-627
-584
-531
-482
-397
-341
-256
-182
-124
-26
51
140
233
307
393
478
549
647
737
826
924
1003
1099
1179
1250
1328
1389
1441
1457
1449
1424
1383
1319
1230
1129
1001
866
725
576
436
294
166
54
-65
-173
-258
-325
-383
-446
-502
-541
-574
-622
-674
-709
-749
-787
-840
-889
-911
-944
-958
-966
-965
-938
-905
-851
-783
-707
-615
-511
-410
-305
-206
-104
-8
63
128
189
241
279
306
333
353
384
384
425
456
486
529
509
541
554
562
580
540
492
445
369
292
200
91
15
-81
-195
-300
-407
-460
-522
-597
-658
-709
-733
-761
-793
-817
-811
-808
-822
-834
-840
-827
-806
-807
-792
-774
-739
-695
-638
-583
-519
-428
-349
-247
-161
-80
40
139
225
311
378
496
590
668
771
868
980
1100
1188
1311
1438
1529
1635
1692
1731
1759
1743
1710
1658
1557
1440
1306
1149
982
810
635
482
322
167
31
-98
-190
-270
-352
-422
-499
-555
-602
-662
-725
-788
-847
-924
-995
-1074
-1130
-1165
-1212
-1230
-1244
-1231
-1191
-1140
-1059
-965
-864
-747
-613
-486
-361
-244
-126
-17
59
131
200
264
318
344
371
407
435
495
527
578
617
625
672
686
702
699
665
621
562
466
370
272
150
40
-98
-231
-347
-464
-550
-641
-720
-791
-846
-877
-908
-930
-943
-944
-940
-946
-948
-933
-913
-894
-872
-854
-808
-750
-694
-607
-538
-455
-338
-256
-138
-39
48
189
258
345
415
482
581
658
725
811
925
1002
1119
1217
1314
1458
1542
1635
1725
1755
1791
1792
1752
1703
1618
1493
1375
1197
1016
858
673
512
335
163
39
-86
-208
-290
-371
-427
-468
-546
-585
-623
-683
-719
-792
-864
-912
-988
-1047
-1096
-1155
-1178
-1196
-1209
-1192
-1156
-1095
-1010
-930
-839
-724
-614
-493
-380
-284
-174
-77
2
74
139
193
247
292
320
410
443
497
547
534
605
625
656
689
654
634
599
535
469
392
303
237
125
-1
-105
-215
-279
-374
-476
-557
-632
-689
-745
-800
-847
-869
-920
-949
-979
-1001
-991
-992
-982
-988
-969
-935
-866
-794
-728
-633
-552
-439
-343
-241
-121
-10
103
189
264
338
431
514
600
697
752
899
994
1099
1243
1319
1494
1623
1712
1819
1873
1917
1948
1907
1853
1784
1667
1548
1394
1199
1022
828
651
480
290
126
-7
-131
-242
-340
-423
-466
-521
-587
-632
-678
-721
-772
-850
-922
-985
-1056
-1122
-1171
-1233
-1253
-1266
-1276
-1237
-1209
-1139
-1043
-956
-835
-727
-619
-491
-379
-261
-157
-84
3
77
122
193
222
291
372
387
468
471
502
558
568
630
621
584
570
534
485
420
335
274
215
93
-14
-111
-188
-254
-368
-457
-533
-595
-657
-716
-780
-828
-858
-900
-921
-956
-974
-951
-946
-946
-942
-920
-858
-777
-739
-657
-563
-487
-349
-292
-178
-38
17
144
207
270
382
455
510
631
698
784
963
1012
1173
1300
1385
1593
1699
1805
1921
1956
2006
2025
1972
1913
1842
1703
1575
1400
1181
1012
805
619
455
263
99
-24
-164
-250
-333
-428
-460
-526
-603
-645
-729
-781
-824
-929
-1005
-1089
-1188
-1232
-1309
-1371
-1377
-1409
-1392
-1350
-1327
-1233
-1126
-1020
-875
-770
-651
-492
-377
-254
-145
-64
27
80
123
185
246
302
359
400
434
471
504
565
621
634
628
618
604
582
526
465
418
337
247
144
45
-29
-112
-201
-297
-399
-489
-550
-621
-695
-765
-845
-875
-929
-989
-1010
-1033
-1028
-1035
-1058
-1044
-1001
-954
-885
-829
-761
-660
-565
-451
-347
-240
-122
-3
101
205
287
401
524
584
718
791
940
1107
1179
1359
1465
1606
1782
1874
2009
2094
2133
2167
2154
2101
2026
1923
1784
1636
1430
1204
1009
807
609
415
221
56
-79
-234
-344
-433
-525
-587
-673
-751
-807
-884
-931
-990
-1086
-1157
-1244
-1306
-1338
-1408
-1433
-1434
-1442
-1408
-1381
-1316
-1197
-1091
-971
-840
-729
-592
-458
-327
-195
-109
-27
46
106
167
199
300
344
385
430
409
510
532
568
635
608
611
590
554
541
479
399
354
273
173
83
-18
-59
-153
-272
-361
-446
-497
-575
-648
-715
-776
-846
-906
-941
-989
-1013
-1030
-1047
-1054
-1075
-1053
-993
-926
-886
-816
-738
-631
-501
-441
-293
-179
-78
71
135
248
377
462
585
694
781
916
1086
1198
1367
1495
1598
1807
1924
2048
2176
2222
2286
2309
2245
2193
2100
1980
1856
1658
1430
1223
1008
818
620
397
223
59
-108
-241
-366
-471
-528
-634
-735
-822
-922
-982
-1038
-1142
-1226
-1317
-1408
-1445
-1514
-1554
-1548
-1557
-1532
-1510
-1471
-1357
-1236
-1121
-998
-890
-769
-612
-498
-369
-247
-169
-68
-5
46
124
220
274
348
364
358
452
492
556
606
572
569
564
524
516
470
402
371
272
176
97
8
-22
-109
-211
-300
-391
-440
-498
-574
-635
-693
-767
-816
-887
-943
-960
-988
-1020
-1052
-1079
-1062
-1018
-968
-922
-857
-783
-680
-568
-459
-345
-216
-90
32
137
231
369
471
599
684
777
903
1036
1195
1319
1482
1586
1735
1904
2017
2177
2263
2315
2371
2353
2304
2248
2154
2033
1906
1674
1451
1247
1022
862
642
427
237
50
-110
-256
-403
-498
-580
-704
-814
-939
-1024
-1071
-1161
-1257
-1362
-1463
-1520
-1567
-1618
-1639
-1648
-1648
-1616
-1599
-1542
-1420
-1295
-1169
-1064
-976
-826
-663
-539
-404
-305
-207
-103
-46
14
126
223
286
377
364
423
510
544
648
664
630
650
627
597
596
511
470
423
304
235
139
76
36
-84
-184
-283
-368
-427
-494
-596
-668
-750
-852
-905
-992
-1046
-1073
-1128
-1167
-1191
-1220
-1192
-1137
-1102
-1043
-981
-910
-765
-668
-553
-419
-309
-144
-23
81
239
372
507
649
734
886
1030
1225
1385
1556
1694
1818
2039
2188
2352
2482
2537
2616
2642
2574
2527
2443
2341
2199
1991
1740
1524
1295
1095
875
629
396
183
-4
-170
-336
-483
-576
-717
-852
-995
-1113
-1167
-1249
-1378
-1485
-1604
-1677
-1728
-1790
-1822
-1823
-1820
-1796
-1759
-1703
-1582
-1442
-1300
-1169
-1068
-920
-753
-592
-449
-336
-225
-121
-36
30
115
229
309
373
415
420
506
571
631
695
686
669
681
642
617
581
490
445
356
237
150
50
-7
-94
-223
-336
-437
-498
-562
-642
-734
-797
-874
-942
-991
-1063
-1097
-1125
-1172
-1195
-1233
-1246
-1183
-1151
-1103
-1052
-993
-863
-741
-624
-499
-362
-226
-61
63
206
382
515
680
785
897
1055
1245
1440
1593
1746
1865
2050
2228
2375
2531
2625
2693
2735
2713
2660
2609
2500
2387
2226
1968
1740
1505
1303
1100
834
581
354
143
-62
-252
-423
-537
-676
-847
-1004
-1153
-1252
-1331
-1439
-1559
-1683
-1795
-1854
-1894
-1939
-1956
-1957
-1932
-1893
-1854
-1751
-1594
-1441
-1298
-1184
-1062
-883
-711
-556
-411
-303
-200
-96
-32
60
175
243
353
400
430
521
575
673
738
745
744
741
719
704
660
583
524
429
323
222
112
33
-52
-155
-274
-389
-476
-534
-600
-698
-781
-853
-914
-985
-1063
-1110
-1133
-1180
-1226
-1259
-1285
-1266
-1245
-1195
-1153
-1092
-1020
-895
-743
-643
-499
-365
-167
-14
109
277
453
638
766
886
1059
1236
1438
1600
1777
1934
2076
2271
2427
2597
2700
2771
2836
2853
2783
2712
2615
2509
2353
2104
1852
1623
1390
1159
921
666
427
195
-24
-215
-394
-565
-695
-861
-1020
-1181
-1314
-1384
-1488
-1615
-1742
-1861
-1928
-1978
-2024
-2048
-2040
-2022
-1975
-1912
-1829
-1682
-1511
-1348
-1201
-1064
-902
-712
-538
-385
-260
-151
-58
39
115
224
313
393
475
494
551
616
695
775
794
772
768
762
728
701
621
547
477
348
243
143
56
-20
-116
-232
-345
-434
-505
-552
-629
-723
-803
-868
-931
-996
-1072
-1103
-1135
-1193
-1233
-1291
-1277
-1241
-1212
-1161
-1132
-1054
-949
-823
-703
-565
-416
-258
-76
54
221
387
545
716
828
974
1130
1328
1502
1671
1818
1943
2149
2291
2466
2599
2663
2741
2769
2735
2685
2590
2481
2373
2162
1910
1659
1416
1225
993
734
481
249
48
-159
-347
-529
-646
-794
-955
-1117
-1275
-1362
-1443
-1561
-1690
-1816
-1910
-1946
-1992
-2036
-2029
-2022
-1980
-1922
-1863
-1724
-1559
-1385
-1230
-1098
-942
-745
-559
-393
-252
-141
-28
63
138
221
326
413
484
523
546
628
694
768
826
829
813
803
778
752
709
604
544
448
331
232
112
50
-32
-146
-264
-364
-431
-499
-575
-674
-750
-831
-907
-969
-1052
-1111
-1154
-1206
-1250
-1293
-1327
-1283
-1246
-1225
-1174
-1136
-1023
-912
-802
-674
-546
-387
-239
-87
45
229
391
570
705
828
1004
1202
1421
1583
1754
1878
2080
2255
2419
2585
2667
2739
2777
2748
2700
2616
2511
2400
2220
1957
1694
1454
1243
1047
791
551
314
116
-81
-256
-425
-559
-693
-851
-1012
-1183
-1294
-1381
-1489
-1624
-1774
-1884
-1941
-1985
-2027
-2044
-2020
-1983
-1916
-1854
-1733
-1561
-1384
-1210
-1062
-912
-728
-529
-355
-215
-111
-21
83
158
241
305
401
479
514
554
550
644
713
765
795
756
750
736
692
655
583
498
433
323
210
107
17
-36
-140
-258
-367
-434
-466
-532
-604
-701
-753
-815
-873
-935
-1015
-1050
-1088
-1138
-1191
-1242
-1245
-1201
-1179
-1156
-1121
-1049
-919
-821
-722
-598
-475
-297
-154
-43
121
271
438
584
681
830
1029
1246
1433
1612
1728
1911
2127
2288
2477
2578
2650
2734
2727
2667
2603
2503
2418
2279
2026
1775
1546
1337
1154
905
652
422
219
29
-148
-330
-476
-589
-758
-917
-1097
-1228
-1295
-1410
-1558
-1710
-1841
-1904
-1950
-2003
-2022
-2012
-1987
-1926
-1870
-1774
-1600
-1417
-1237
-1092
-966
-792
-595
-428
-277
-171
-68
33
101
171
262
350
430
490
499
562
631
699
776
783
773
765
738
717
683
611
532
447
335
243
154
66
9
-83
-186
-286
-360
-405
-452
-522
-605
-677
-746
-808
-881
-953
-1003
-1058
-1113
-1162
-1214
-1220
-1206
-1192
-1158
-1143
-1093
-989
-901
-785
-688
-578
-403
-289
-145
6
142
361
468
600
772
938
1214
1391
1565
1732
1901
2142
2328
2512
2652
2745
2829
2827
2803
2750
2658
2571
2408
2174
1917
1651
1450
1248
1001
754
500
307
102
-112
-282
-434
-569
-741
-943
-1112
-1240
-1363
-1478
-1627
-1784
-1921
-2017
-2071
-2107
-2153
-2159
-2126
-2079
-2017
-1930
-1769
-1561
-1394
-1247
-1102
-917
-702
-528
-354
-221
-113
0
74
175
288
350
469
505
541
608
640
756
806
808
820
794
792
761
701
652
571
481
368
259
181
99
17
-75
-189
-274
-351
-396
-439
-506
-580
-660
-722
-793
-854
-922
-974
-1031
-1089
-1147
-1211
-1222
-1218
-1203
-1185
-1174
-1114
-1022
-927
-819
-704
-599
-445
-326
-198
-26
101
283
423
537
710
875
1123
1344
1524
1693
1867
2103
2303
2504
2650
2763
2867
2871
2853
2820
2745
2682
2538
2314
2076
1804
1585
1394
1154
902
641
412
218
18
-175
-334
-472
-638
-825
-1024
-1167
-1282
-1402
-1548
-1725
-1875
-1993
-2073
-2127
-2173
-2199
-2184
-2150
-2096
-2006
-1876
-1686
-1507
-1350
-1196
-1037
-815
-626
-453
-314
-205
-68
25
105
222
312
427
493
497
575
623
707
776
771
784
762
728
713
671
616
550
454
351
251
153
88
19
-78
-181
-286
-345
-389
-440
-505
-580
-660
-721
-788
-850
-904
-967
-1026
-1092
-1158
-1205
-1216
-1213
-1193
-1184
-1162
-1131
-1044
-961
-846
-749
-648
-513
-381
-250
-100
52
220
389
491
681
871
1140
1368
1553
1724
1928
2165
2394
2593
2740
2853
2950
2983
2946
2913
2828
2787
2646
2410
2148
1913
1706
1529
1266
1003
761
533
329
116
-92
-245
-381
-566
-759
-983
-1123
-1242
-1391
-1574
-1770
-1934
-2041
-2154
-2231
-2287
-2313
-2309
-2288
-2243
-2149
-2000
-1827
-1637
-1487
-1324
-1142
-926
-723
-537
-372
-226
-77
29
137
254
350
452
511
564
619
663
707
742
752
747
724
699
684
645
596
525
445
373
294
217
140
68
-8
-100
-193
-286
-348
-411
-480
-564
-662
-728
-797
-862
-922
-989
-1041
-1092
-1154
-1197
-1214
-1208
-1180
-1177
-1170
-1125
-1059
-956
-870
-798
-690
-585
-457
-337
-214
-50
109
257
406
556
790
1046
1272
1508
1673
1909
2165
2380
2603
2745
2872
2988
3011
3000
2957
2913
2858
2721
2503
2252
2046
1856
1655
1425
1166
931
718
480
284
77
-91
-242
-448
-655
-885
-1060
-1201
-1360
-1550
-1758
-1939
-2081
-2200
-2294
-2360
-2391
-2406
-2398
-2360
-2268
-2124
-1950
-1779
-1622
-1462
-1271
-1055
-858
-666
-497
-348
-206
-93
26
174
286
414
484
530
605
673
774
840
863
863
857
838
813
772
718
660
563
455
362
274
196
112
21
-80
-174
-274
-340
-398
-482
-570
-685
-763
-845
-925
-996
-1057
-1108
-1178
-1243
-1289
-1294
-1278
-1264
-1246
-1221
-1178
-1110
-1015
-923
-823
-719
-610
-463
-354
-215
-65
101
267
408
559
786
1044
1281
1495
1654
1912
2165
2408
2607
2742
2892
2998
3030
3019
2970
2934
2859
2709
2482
2231
2018
1815
1613
1372
1113
886
687
463
270
65
-76
-219
-425
-638
-845
-993
-1137
-1312
-1522
-1725
-1885
-2017
-2136
-2231
-2304
-2320
-2337
-2339
-2296
-2204
-2050
-1889
-1748
-1583
-1414
-1219
-1020
-828
-629
-464
-314
-191
-64
67
196
328
431
500
560
631
717
805
843
869
876
863
844
804
783
743
669
569
464
382
300
212
129
37
-66
-171
-254
-316
-390
-474
-562
-642
-722
-826
-895
-958
-1024
-1085
-1171
-1215
-1257
-1287
-1277
-1268
-1246
-1241
-1212
-1132
-1059
-963
-894
-790
-664
-578
-449
-318
-170
-5
111
270
460
686
937
1161
1374
1568
1827
2088
2343
2555
2697
2842
2956
2974
2979
2940
2900
2849
2672
2457
2225
2023
1843
1634
1394
1149
928
735
524
327
146
2
-152
-359
-583
-784
-945
-1094
-1283
-1495
-1700
-1875
-2007
-2135
-2238
-2306
-2345
-2354
-2352
-2330
-2234
-2082
-1917
-1773
-1623
-1451
-1237
-1036
-845
-646
-467
-309
-180
-44
93
222
345
436
519
588
646
740
805
841
867
867
879
865
835
816
777
716
633
552
484
405
321
222
127
23
-97
-190
-272
-342
-426
-530
-619
-710
-790
-868
-945
-1000
-1056
-1114
-1169
-1220
-1241
-1229
-1231
-1220
-1210
-1184
-1100
-1048
-958
-900
-813
-711
-610
-492
-377
-232
-76
61
208
380
598
869
1079
1293
1462
1699
1958
2205
2406
2554
2677
2791
2837
2830
2794
2753
2711
2565
2370
2127
1940
1769
1574
1343
1105
880
699
494
316
136
-9
-157
-343
-545
-744
-882
-1009
-1158
-1368
-1565
-1733
-1847
-1960
-2064
-2130
-2162
-2185
-2192
-2189
-2103
-1968
-1825
-1683
-1557
-1396
-1208
-1010
-825
-653
-498
-331
-194
-63
63
202
340
437
505
582
656
732
796
836
867
864
862
859
841
814
764
710
642
548
465
392
326
234
129
34
-53
-149
-231
-304
-376
-474
-579
-658
-728
-800
-889
-955
-1009
-1073
-1142
-1199
-1219
-1228
-1241
-1242
-1242
-1214
-1162
-1107
-1041
-975
-900
-797
-693
-588
-457
-310
-159
-11
140
306
562
791
1030
1229
1388
1656
1902
2141
2337
2458
2597
2711
2732
2740
2701
2679
2628
2486
2295
2084
1912
1749
1576
1360
1114
915
723
535
366
167
41
-111
-302
-501
-692
-822
-941
-1119
-1329
-1521
-1682
-1802
-1922
-2022
-2086
-2121
-2146
-2141
-2118
-2038
-1895
-1750
-1607
-1483
-1354
-1167
-973
-791
-629
-483
-337
-203
-87
48
207
349
460
529
604
697
796
893
949
976
975
964
954
920
880
821
750
656
538
433
347
271
190
78
-28
-128
-211
-281
-356
-427
-516
-603
-701
-782
-853
-922
-988
-1062
-1124
-1194
-1241
-1276
-1278
-1279
-1273
-1281
-1248
-1185
-1122
-1035
-984
-870
-758
-665
-535
-418
-253
-95
30
177
379
618
847
1093
1249
1488
1737
1971
2234
2381
2518
2652
2731
2757
2741
2674
2649
2574
2395
2172
1972
1806
1660
1455
1212
1013
841
653
486
293
153
44
-147
-333
-552
-721
-845
-1006
-1194
-1397
-1587
-1719
-1845
-1960
-2053
-2101
-2123
-2135
-2122
-2089
-1965
-1802
-1674
-1535
-1400
-1238
-1028
-870
-702
-538
-399
-255
-154
-37
104
232
365
437
522
601
679
781
827
875
900
894
892
863
830
796
716
620
523
430
343
249
167
83
-8
-106
-200
-249
-305
-366
-436
-511
-582
-675
-742
-809
-885
-954
-1042
-1104
-1161
-1240
-1258
-1256
-1262
-1257
-1266
-1210
-1126
-1072
-1004
-930
-811
-715
-604
-490
-341
-189
-45
93
268
494
692
959
1127
1334
1590
1810
2088
2273
2393
2568
2665
2717
2724
2685
2686
2650
2506
2305
2128
1971
1831
1641
1410
1199
1031
832
663
479
302
185
26
-160
-367
-565
-697
-824
-1030
-1246
-1448
-1581
-1704
-1846
-1959
-2015
-2048
-2079
-2090
-2064
-1953
-1824
-1717
-1588
-1469
-1322
-1127
-972
-811
-670
-542
-390
-266
-178
-39
94
224
333
378
480
583
674
758
781
812
828
815
799
765
722
670
604
498
396
314
230
166
81
-30
-107
-193
-257
-297
-366
-420
-492
-558
-623
-706
-773
-845
-903
-977
-1063
-1110
-1170
-1188
-1207
-1231
-1204
-1217
-1187
-1120
-1079
-986
-924
-839
-714
-648
-523
-421
-264
-119
6
165
352
584
805
1006
1198
1442
1678
1940
2140
2304
2447
2580
2668
2693
2682
2660
2631
2547
2370
2182
2025
1867
1723
1499
1278
1091
923
756
589
415
293
156
0
-195
-390
-533
-661
-812
-1028
-1235
-1398
-1523
-1656
-1782
-1878
-1913
-1940
-1961
-1971
-1919
-1795
-1664
-1561
-1457
-1332
-1162
-990
-847
-702
-568
-435
-318
-219
-118
0
110
219
288
344
425
499
574
615
620
647
657
649
616
581
546
489
423
334
260
182
98
30
-49
-143
-220
-291
-338
-392
-455
-514
-563
-621
-675
-733
-794
-836
-885
-930
-975
-1033
-1062
-1055
-1067
-1071
-1080
-1046
-1005
-953
-933
-860
-781
-704
-619
-542
-438
-312
-187
-73
94
235
477
679
897
1067
1259
1519
1766
1994
2149
2275
2429
2519
2543
2563
2535
2548
2462
2329
2150
1997
1857
1718
1555
1362
1169
1019
878
719
562
421
321
186
1
-204
-341
-475
-609
-819
-1025
-1198
-1343
-1481
-1607
-1710
-1766
-1803
-1841
-1850
-1834
-1747
-1628
-1522
-1435
-1335
-1207
-1039
-921
-790
-677
-550
-414
-339
-239
-154
-43
74
126
185
256
333
417
453
476
500
512
516
505
479
448
402
345
275
194
118
46
-1
-71
-149
-227
-284
-303
-352
-397
-443
-480
-513
-568
-617
-665
-698
-739
-788
-827
-889
-934
-935
-953
-954
-975
-978
-928
-909
-901
-858
-806
-716
-646
-596
-497
-382
-276
-147
-24
151
376
571
797
957
1181
1425
1674
1896
2032
2180
2319
2401
2448
2435
2425
2435
2340
2219
2039
1895
1789
1661
1502
1308
1137
1025
879
741
587
478
405
250
67
-118
-241
-353
-506
-722
-923
-1095
-1234
-1376
-1499
-1599
-1659
-1693
-1736
-1763
-1740
-1646
-1521
-1414
-1352
-1255
-1116
-960
-821
-706
-594
-456
-358
-271
-183
-76
40
129
199
257
314
381
453
499
530
527
534
525
502
478
436
392
334
247
174
87
17
-38
-110
-179
-254
-313
-346
-377
-421
-454
-499
-523
-560
-615
-656
-695
-722
-752
-814
-859
-895
-905
-895
-941
-935
-932
-927
-883
-902
-860
-802
-771
-685
-639
-571
-460
-372
-226
-97
86
292
492
700
843
1103
1355
1587
1792
1899
2057
2208
2228
2275
2267
2262
2265
2134
2010
1866
1732
1633
1503
1343
1173
1022
923
798
675
534
458
391
236
70
-91
-193
-293
-484
-681
-860
-1024
-1150
-1304
-1418
-1507
-1572
-1613
-1636
-1644
-1600
-1498
-1382
-1289
-1214
-1128
-982
-824
-723
-613
-516
-418
-311
-256
-162
-21
52
163
216
267
364
427
524
598
614
613
606
593
577
534
480
424
347
231
137
54
-18
-67
-145
-219
-273
-338
-357
-363
-396
-421
-462
-494
-518
-565
-607
-634
-672
-724
-793
-835
-864
-882
-896
-930
-896
-910
-888
-847
-851
-766
-739
-683
-603
-582
-493
-414
-330
-208
-101
103
272
460
614
793
1070
1287
1517
1694
1822
1979
2076
2105
2152
2122
2133
2092
1952
1795
1647
1546
1451
1300
1129
968
860
750
624
536
438
391
287
144
12
-116
-217
-321
-513
-699
-881
-1028
-1147
-1301
-1405
-1479
-1520
-1557
-1584
-1570
-1479
-1370
-1254
-1165
-1068
-944
-802
-655
-556
-435
-324
-228
-121
-81
8
105
170
266
301
365
439
488
543
579
587
592
576
559
536
489
436
368
300
209
112
41
-30
-91
-175
-253
-293
-342
-370
-408
-431
-446
-469
-498
-523
-547
-580
-603
-623
-652
-683
-716
-744
-737
-780
-782
-788
-769
-729
-762
-736
-724
-661
-615
-595
-537
-493
-424
-356
-274
-144
53
203
395
528
676
928
1135
1372
1534
1635
1778
1870
1915
1931
1919
1931
1880
1762
1595
1465
1368
1274
1164
1002
839
742
650
558
466
353
333
255
124
-14
-135
-194
-290
-473
-646
-814
-943
-1046
-1168
-1244
-1320
-1361
-1375
-1392
-1373
-1304
-1192
-1068
-1007
-930
-827
-696
-559
-489
-408
-311
-235
-168
-101
-27
89
178
240
316
380
467
560
618
662
675
659
656
636
597
544
476
398
304
197
96
24
-52
-130
-209
-284
-340
-378
-397
-407
-435
-464
-485
-496
-506
-544
-576
-600
-618
-666
-723
-748
-777
-774
-804
-832
-821
-798
-765
-735
-735
-715
-650
-626
-542
-506
-437
-353
-292
-203
-96
95
240
446
566
705
945
1133
1365
1534
1612
1763
1845
1858
1898
1863
1884
1843
1693
1534
1394
1305
1210
1089
943
773
678
545
457
380
267
246
165
32
-103
-224
-273
-340
-519
-690
-853
-957
-1062
-1188
-1267
-1321
-1344
-1380
-1388
-1348
-1271
-1145
-1038
-968
-869
-792
-648
-506
-425
-331
-258
-188
-114
-49
25
130
210
255
321
378
454
547
584
624
639
608
603
576
521
483
410
314
222
120
31
-34
-117
-202
-265
-338
-389
-422
-444
-445
-470
-503
-512
-515
-521
-540
-559
-565
-577
-617
-635
-665
-675
-664
-690
-684
-689
-666
-623
-603
-596
-574
-520
-474
-424
-385
-334
-264
-179
-125
30
180
335
533
621
840
1032
1207
1436
1543
1644
1754
1769
1802
1791
1739
1733
1655
1512
1352
1239
1153
1072
954
775
678
606
474
414
314
263
254
125
7
-99
-208
-260
-371
-547
-682
-832
-932
-1023
-1119
-1185
-1215
-1225
-1238
-1224
-1192
-1090
-950
-874
-812
-728
-630
-489
-413
-352
-268
-196
-154
-102
-67
15
119
137
211
258
311
403
441
492
523
497
495
471
426
379
318
244
163
60
-45
-132
-205
-303
-375
-434
-512
-536
-588
-586
-579
-606
-587
-580
-577
-564
-586
-587
-572
-587
-612
-621
-635
-642
-633
-643
-635
-594
-589
-559
-503
-530
-448
-415
-386
-293
-277
-221
-96
-58
75
245
351
575
663
829
1058
1237
1442
1568
1669
1794
1850
1864
1843
1815
1787
1703
1579
1392
1271
1183
1064
974
807
661
615
476
410
316
227
220
141
22
-78
-177
-255
-318
-479
-629
-771
-887
-983
-1085
-1177
-1222
-1220
-1227
-1233
-1194
-1119
-978
-868
-804
-700
-613
-509
-401
-342
-269
-191
-163
-75
-50
-4
89
129
225
267
293
361
421
460
483
464
463
447
395
347
278
214
132
24
-84
-191
-273
-363
-434
-497
-573
-610
-650
-658
-656
-664
-669
-645
-630
-624
-624
-632
-603
-598
-615
-625
-627
-614
-609
-626
-612
-597
-547
-540
-506
-453
-453
-367
-353
-295
-219
-202
-109
-39
39
225
336
521
674
782
1032
1195
1412
1564
1652
1782
1840
1858
1850
1806
1805
1740
1635
1463
1301
1214
1094
993
858
710
623
524
407
359
267
239
187
70
-31
-129
-221
-273
-396
-555
-682
-821
-905
-1005
-1086
-1130
-1153
-1160
-1167
-1140
-1051
-962
-835
-747
-673
-573
-498
-369
-274
-221
-135
-81
-43
8
-4
78
152
168
216
216
258
296
308
344
341
331
301
265
246
171
115
49
-34
-122
-260
-358
-404
-485
-570
-653
-718
-741
-785
-806
-805
-799
-777
-770
-746
-714
-697
-661
-619
-595
-579
-581
-548
-523
-511
-495
-485
-425
-403
-388
-342
-311
-266
-229
-204
-118
-61
-12
73
138
317
463
598
793
859
1053
1237
1385
1589
1644
1725
1820
1822
1818
1765
1721
1696
1598
1447
1267
1159
1057
940
836
670
568
497
371
316
234
176
174
86
-28
-129
-222
-270
-352
-517
-654
-774
-867
-954
-1057
-1110
-1117
-1116
-1114
-1114
-1060
-949
-833
-729
-671
-584
-494
-395
-293
-240
-147
-91
-60
-11
-22
44
116
157
215
202
213
261
284
311
307
297
298
273
227
187
146
91
23
-61
-159
-251
-337
-420
-486
-571
-639
-678
-708
-726
-743
-744
-726
-708
-703
-680
-647
-625
-591
-570
-549
-530
-524
-486
-470
-462
-443
-424
-388
-360
-357
-324
-284
-255
-226
-193
-142
-90
-47
24
122
286
405
551
702
814
1028
1200
1370
1539
1609
1694
1778
1752
1740
1689
1639
1597
1451
1268
1111
1005
905
792
664
512
430
339
220
181
91
74
52
-65
-151
-233
-301
-337
-454
-593
-707
-825
-899
-993
-1068
-1106
-1123
-1113
-1117
-1099
-1013
-892
-749
-663
-592
-481
-367
-231
-138
-77
29
70
115
151
154
224
263
289
302
289
292
331
365
387
385
367
349
342
306
244
200
140
66
-20
-130
-208
-281
-370
-447
-540
-604
-654
-693
-713
-725
-745
-742
-742
-712
-679
-669
-631
-600
-573
-554
-540
-515
-472
-465
-458
-432
-407
-369
-361
-334
-303
-262
-238
-208
-142
-115
-50
-10
63
155
293
432
573
724
788
979
1157
1316
1482
1547
1623
1717
1703
1676
1647
1588
1549
1421
1247
1075
942
845
732
609
442
320
244
133
78
-12
-47
-55
-157
-262
-364
-409
-434
-526
-653
-789
-896
-972
-1058
-1117
-1159
-1160
-1148
-1157
-1133
-1070
-954
-801
-718
-643
-545
-437
-286
-201
-133
-39
47
108
161
193
253
338
383
420
449
479
535
594
599
598
590
566
546
495
414
364
294
208
121
10
-88
-166
-248
-327
-412
-497
-545
-577
-606
-646
-670
-681
-684
-682
-703
-705
-696
-694
-680
-686
-694
-671
-661
-624
-614
-599
-555
-513
-462
-448
-417
-366
-305
-261
-227
-202
-126
-64
8
85
227
386
550
692
785
1000
1175
1382
1543
1621
1722
1812
1803
1807
1739
1680
1648
1514
1337
1135
991
880
773
609
425
302
226
103
31
-77
-104
-120
-236
-341
-443
-496
-529
-617
-758
-893
-1007
-1073
-1164
-1230
-1294
-1285
-1268
-1281
-1254
-1183
-1035
-870
-779
-682
-565
-429
-272
-182
-84
-1
71
129
164
210
287
378
450
473
511
557
640
713
726
743
737
709
675
612
555
516
434
336
228
116
13
-74
-173
-266
-358
-440
-504
-555
-595
-616
-638
-671
-684
-699
-706
-707
-728
-719
-699
-725
-719
-731
-714
-678
-704
-673
-627
-592
-540
-528
-484
-409
-368
-285
-240
-171
-109
-59
61
104
268
414
535
734
778
960
1196
1355
1551
1625
1697
1827
1816
1795
1752
1708
1670
1523
1347
1139
1005
893
733
606
412
264
197
47
-20
-116
-188
-188
-311
-434
-535
-602
-628
-727
-884
-1004
-1103
-1171
-1251
-1315
-1348
-1332
-1319
-1327
-1284
-1204
-1063
-899
-790
-676
-560
-424
-248
-134
-25
77
167
241
274
328
400
481
536
550
580
613
650
692
715
731
722
699
674
638
588
545
478
394
291
167
64
-28
-121
-212
-317
-415
-492
-552
-596
-640
-674
-707
-714
-728
-741
-754
-766
-751
-738
-757
-754
-765
-742
-707
-724
-686
-665
-616
-563
-563
-513
-467
-402
-320
-284
-194
-109
-31
88
156
294
494
616
825
913
1020
1249
1371
1590
1699
1750
1863
1883
1887
1855
1788
1758
1671
1548
1352
1170
1068
930
824
642
439
347
206
93
-8
-140
-172
-274
-394
-519
-633
-693
-778
-881
-1015
-1153
-1250
-1324
-1380
-1414
-1454
-1436
-1414
-1387
-1329
-1244
-1096
-957
-867
-779
-668
-516
-380
-253
-153
-50
47
97
187
267
344
426
482
517
562
584
639
691
696
694
659
635
611
563
521
451
374
281
160
56
-45
-128
-197
-293
-389
-467
-533
-549
-582
-605
-623
-644
-647
-675
-693
-708
-701
-677
-691
-717
-728
-732
-689
-688
-684
-659
-629
-568
-552
-524
-470
-379
-303
-234
-194
-107
7
110
225
312
518
658
850
982
1073
1320
1482
1664
1805
1840
1953
2028
2003
1988
1911
1867
1811
1681
1480
1302
1179
1046
909
714
499
402
279
135
38
-107
-155
-229
-372
-513
-618
-708
-762
-881
-1055
-1183
-1276
-1350
-1445
-1516
-1563
-1528
-1505
-1515
-1464
-1373
-1230
-1075
-991
-867
-745
-604
-445
-331
-206
-93
-8
78
155
221
310
383
456
482
514
551
599
657
664
666
655
623
593
549
500
433
339
254
138
37
-75
-170
-234
-328
-434
-521
-587
-610
-635
-682
-699
-717
-714
-733
-751
-741
-730
-698
-725
-736
-740
-748
-691
-696
-680
-641
-617
-553
-526
-505
-428
-355
-257
-207
-143
-41
49
200
265
372
601
710
949
1080
1133
1420
1554
1741
1911
1934
2063
2148
2112
2097
2036
1984
1913
1796
1604
1409
1312
1113
992
826
571
487
341
181
100
-79
-149
-207
-371
-510
-637
-741
-808
-933
-1097
-1227
-1335
-1419
-1511
-1566
-1622
-1607
-1584
-1588
-1529
-1460
-1331
-1159
-1066
-957
-823
-707
-531
-421
-324
-206
-137
-63
15
59
178
279
346
434
449
527
605
661
729
740
726
697
670
616
547
481
369
283
152
-6
-97
-186
-260
-330
-445
-511
-558
-600
-600
-606
-616
-634
-644
-672
-691
-706
-729
-701
-736
-799
-814
-845
-805
-810
-805
-767
-716
-678
-627
-567
-495
-370
-299
-202
-123
-37
57
200
309
419
624
732
942
1134
1182
1461
1630
1793
2038
2075
2181
2315
2302
2330
2300
2179
2144
2033
1836
1620
1470
1286
1139
968
677
548
419
222
138
-27
-156
-214
-386
-515
-635
-783
-886
-983
-1163
-1343
-1486
-1599
-1666
-1744
-1836
-1826
-1789
-1783
-1729
-1652
-1507
-1318
-1204
-1081
-918
-793
-609
-454
-334
-204
-133
-51
57
118
191
304
380
459
506
524
625
720
755
804
795
752
742
664
597
545
411
302
189
32
-82
-177
-277
-339
-433
-558
-606
-644
-659
-657
-679
-676
-666
-695
-718
-719
-739
-726
-752
-801
-823
-858
-854
-831
-809
-802
-749
-688
-634
-561
-508
-405
-271
-210
-123
-31
55
196
318
386
582
733
870
1124
1169
1381
1614
1744
1988
2092
2151
2306
2332
2326
2325
2231
2172
2081
1915
1679
1527
1340
1167
1036
753
582
476
257
158
-1
-163
-202
-354
-511
-651
-801
-928
-1024
-1208
-1395
-1534
-1664
-1751
-1819
-1905
-1918
-1886
-1873
-1818
-1750
-1617
-1422
-1265
-1129
-985
-854
-657
-486
-362
-239
-140
-52
45
118
188
326
435
501
589
622
706
841
882
960
988
952
963
922
843
801
681
564
453
275
143
33
-89
-184
-308
-433
-505
-560
-593
-613
-630
-666
-673
-720
-765
-772
-812
-820
-840
-914
-935
-987
-1012
-982
-1010
-981
-948
-893
-830
-751
-682
-571
-440
-351
-239
-144
-33
79
217
325
430
656
778
987
1183
1223
1521
1691
1839
2099
2143
2271
2418
2373
2407
2380
2282
2239
2109
1910
1683
1520
1304
1136
956
655
497
336
114
18
-180
-321
-366
-549
-702
-837
-989
-1079
-1206
-1403
-1557
-1677
-1780
-1861
-1921
-1980
-1954
-1929
-1909
-1823
-1736
-1585
-1396
-1237
-1090
-925
-768
-573
-383
-258
-127
3
106
224
308
394
521
606
671
738
775
842
910
932
969
941
903
882
834
789
701
595
503
373
253
128
19
-60
-163
-261
-373
-451
-487
-527
-545
-594
-643
-656
-705
-741
-775
-815
-831
-866
-912
-956
-978
-963
-962
-936
-923
-912
-822
-785
-709
-618
-581
-437
-373
-283
-160
-86
65
175
281
449
641
809
1034
1167
1346
1594
1761
1991
2155
2245
2358
2414
2408
2408
2339
2256
2178
2018
1783
1595
1389
1201
1037
798
573
407
205
55
-63
-245
-343
-475
-636
-781
-940
-1090
-1193
-1333
-1522
-1680
-1813
-1915
-1959
-2021
-2062
-2012
-2007
-1946
-1849
-1746
-1565
-1390
-1245
-1069
-912
-735
-526
-369
-240
-121
-2
122
239
335
451
582
666
740
844
920
1053
1135
1158
1208
1177
1148
1136
1051
976
874
722
592
428
278
154
36
-89
-206
-308
-405
-456
-498
-541
-557
-626
-678
-710
-760
-784
-827
-875
-921
-973
-1030
-1067
-1078
-1091
-1078
-1067
-1048
-989
-926
-860
-768
-673
-592
-462
-371
-265
-127
-41
119
246
363
601
723
960
1153
1246
1542
1692
1938
2170
2206
2361
2443
2443
2488
2391
2330
2270
2117
1899
1667
1492
1258
1089
871
597
441
233
37
-44
-250
-362
-439
-625
-760
-918
-1068
-1148
-1287
-1488
-1654
-1781
-1899
-1986
-2039
-2106
-2061
-2044
-2018
-1913
-1827
-1656
-1457
-1316
-1161
-997
-815
-580
-402
-261
-100
24
135
247
358
499
624
732
782
876
956
1040
1172
1205
1226
1222
1176
1164
1092
989
916
791
659
479
325
214
100
-4
-139
-239
-336
-422
-445
-486
-525
-563
-632
-666
-728
-794
-829
-866
-916
-1002
-1060
-1111
-1122
-1135
-1139
-1106
-1074
-1041
-990
-884
-842
-703
-602
-516
-375
-308
-187
-53
90
178
332
545
657
960
1094
1218
1581
1685
1949
2215
2232
2428
2535
2483
2584
2484
2389
2348
2205
1985
1753
1584
1327
1209
979
660
555
329
123
47
-212
-305
-384
-605
-727
-897
-1076
-1161
-1318
-1529
-1698
-1853
-1961
-2040
-2119
-2207
-2163
-2136
-2114
-2025
-1939
-1776
-1554
-1417
-1251
-1063
-909
-664
-501
-377
-201
-81
53
189
260
400
533
623
719
806
879
998
1103
1147
1191
1177
1136
1133
1065
968
903
761
640
483
309
201
75
-39
-157
-280
-375
-451
-489
-526
-575
-627
-679
-702
-758
-798
-831
-886
-903
-973
-1042
-1058
-1100
-1094
-1068
-1086
-1037
-984
-933
-818
-754
-654
-526
-406
-315
-194
-93
13
176
290
385
628
767
967
1249
1276
1594
1812
1962
2270
2327
2420
2601
2576
2599
2563
2446
2401
2288
2098
1829
1669
1440
1258
1096
768
568
430
164
77
-124
-317
-357
-548
-721
-889
-1059
-1169
-1270
-1484
-1681
-1818
-1931
-2021
-2079
-2185
-2181
-2137
-2143
-2065
-1995
-1859
-1638
-1488
-1358
-1181
-1038
-800
-604
-479
-327
-201
-97
42
137
241
410
510
610
695
776
894
1029
1066
1093
1119
1073
1077
1013
920
882
736
595
461
290
195
60
-61
-155
-277
-389
-471
-509
-536
-570
-616
-689
-704
-751
-812
-832
-900
-946
-992
-1072
-1104
-1143
-1173
-1131
-1136
-1090
-1069
-987
-874
-787
-692
-580
-433
-307
-178
-93
63
194
374
491
749
957
1182
1503
1587
1930
2214
2454
2824
2946
3087
3295
3303
3371
3344
3250
3188
3051
2808
2489
2265
1995
1754
1530
1124
844
655
328
169
-86
-302
-397
-626
-897
-1121
-1328
-1525
-1707
-2001
-2275
-2463
-2638
-2815
-2919
-3046
-3070
-3037
-3047
-2987
-2875
-2712
-2437
-2229
-2040
-1802
-1561
-1264
-1001
-769
-558
-310
-155
6
143
292
474
617
725
836
939
1010
1135
1212
1241
1265
1225
1198
1203
1103
1033
915
779
648
462
300
141
0
-131
-269
-400
-538
-619
-655
-725
-781
-863
-889
-898
-962
-1011
-1079
-1072
-1095
-1177
-1181
-1253
-1207
-1186
-1226
-1109
-1117
-1013
-889
-889
-734
-635
-510
-332
-247
-121
40
178
381
515
772
1057
1267
1643
1733
2069
2435
2637
3044
3182
3304
3550
3541
3575
3605
3450
3419
3254
3007
2705
2439
2193
1930
1696
1305
979
799
478
281
56
-212
-288
-517
-771
-978
-1195
-1369
-1521
-1814
-2086
-2324
-2519
-2678
-2817
-2949
-3044
-3025
-3027
-2988
-2886
-2741
-2499
-2258
-2108
-1902
-1684
-1422
-1184
-1011
-808
-610
-451
-291
-140
27
211
339
485
641
779
909
1045
1148
1223
1256
1242
1251
1219
1117
1062
928
799
663
457
332
148
-8
-125
-260
-372
-500
-585
-615
-658
-718
-770
-787
-812
-861
-908
-985
-1009
-1058
-1143
-1155
-1235
-1260
-1219
-1254
-1185
-1164
-1105
-964
-910
-834
-727
-552
-430
-283
-174
-42
148
274
423
648
961
1184
1535
1723
1948
2346
2595
2968
3246
3326
3535
3674
3661
3715
3618
3544
3467
3204
2864
2591
2328
2060
1801
1459
1099
876
575
336
160
-116
-241
-435
-684
-929
-1147
-1338
-1479
-1734
-2029
-2262
-2457
-2627
-2794
-2919
-3011
-3002
-3040
-3029
-2933
-2802
-2587
-2363
-2193
-1975
-1779
-1539
-1268
-1050
-840
-659
-477
-302
-160
5
208
349
484
588
732
871
1000
1099
1166
1246
1217
1180
1171
1110
1071
968
799
679
498
360
234
94
-30
-151
-280
-384
-478
-524
-534
-577
-635
-710
-744
-796
-834
-909
-977
-997
-1071
-1105
-1179
-1216
-1175
-1189
-1145
-1150
-1084
-948
-906
-782
-739
-616
-441
-391
-245
-155
-29
156
285
422
728
958
1261
1586
1707
2078
2400
2680
3023
3180
3319
3524
3547
3522
3504
3401
3314
3166
2851
2541
2319
2041
1785
1530
1149
884
672
367
213
-20
-230
-330
-546
-812
-999
-1200
-1359
-1520
-1826
-2095
-2295
-2491
-2674
-2783
-2920
-2969
-2964
-3004
-2921
-2793
-2660
-2398
-2204
-2028
-1781
-1581
-1322
-1059
-858
-658
-459
-326
-130
51
223
390
518
645
758
903
1008
1138
1203
1219
1241
1205
1170
1123
1053
986
857
688
562
458
341
208
69
-47
-165
-270
-382
-439
-457
-525
-576
-672
-719
-759
-821
-864
-964
-1017
-1069
-1143
-1178
-1233
-1215
-1211
-1231
-1170
-1156
-1080
-965
-930
-791
-710
-644
-461
-389
-268
-145
-49
158
283
434
760
964
1330
1550
1728
2173
2405
2760
3048
3172
3430
3515
3492
3547
3453
3410
3288
3068
2794
2477
2243
1949
1723
1433
1048
846
581
288
144
-139
-263
-396
-698
-898
-1079
-1269
-1418
-1654
-1928
-2146
-2359
-2551
-2702
-2809
-2927
-2944
-2961
-2961
-2861
-2737
-2537
-2297
-2125
-1945
-1714
-1508
-1254
-1012
-847
-630
-474
-335
-108
15
204
386
493
663
781
902
1068
1176
1241
1304
1294
1270
1281
1234
1182
1100
947
841
713
562
426
294
173
27
-115
-257
-346
-391
-475
-516
-581
-670
-709
-774
-825
-866
-934
-972
-1017
-1096
-1158
-1213
-1216
-1225
-1247
-1215
-1180
-1090
-1025
-1004
-863
-803
-673
-555
-495
-296
-198
-77
102
228
431
782
943
1314
1509
1667
2129
2351
2709
2985
3117
3338
3447
3432
3459
3421
3373
3232
3057
2723
2436
2227
1918
1720
1427
1031
823
569
272
169
-123
-260
-392
-676
-878
-1075
-1273
-1402
-1609
-1917
-2154
-2376
-2547
-2671
-2798
-2910
-2935
-2971
-2972
-2920
-2788
-2594
-2352
-2190
-2023
-1808
-1576
-1273
-1042
-848
-637
-449
-281
-86
63
262
441
563
693
822
930
1112
1235
1295
1367
1325
1345
1370
1322
1274
1192
1074
968
797
656
536
428
304
153
19
-121
-202
-277
-357
-415
-517
-631
-687
-801
-873
-935
-1028
-1054
-1148
-1244
-1275
-1320
-1291
-1293
-1300
-1262
-1216
-1168
-1089
-1010
-933
-816
-716
-610
-507
-385
-239
-74
73
232
410
762
960
1295
1560
1703
2147
2360
2685
3029
3102
3312
3484
3433
3512
3416
3337
3288
3056
2735
2400
2178
1917
1682
1414
1037
817
574
246
150
-118
-294
-401
-664
-861
-1073
-1318
-1419
-1590
-1903
-2136
-2384
-2509
-2637
-2796
-2896
-2930
-2949
-2952
-2929
-2799
-2616
-2416
-2226
-2077
-1851
-1628
-1370
-1101
-936
-743
-549
-399
-170
-59
126
335
444
590
678
807
1000
1106
1181
1227
1227
1273
1273
1242
1211
1144
1051
957
814
677
586
476
346
222
65
-38
-123
-214
-284
-357
-449
-547
-607
-693
-736
-817
-909
-948
-1024
-1121
-1149
-1197
-1203
-1194
-1246
-1226
-1197
-1152
-1080
-1002
-913
-846
-737
-612
-512
-348
-221
-71
135
273
445
810
1041
1374
1673
1807
2247
2523
2793
3131
3258
3434
3587
3536
3562
3501
3414
3324
3101
2805
2460
2220
1962
1707
1447
1072
811
603
281
123
-114
-292
-399
-667
-928
-1131
-1353
-1498
-1667
-1975
-2201
-2437
-2612
-2726
-2835
-2940
-2979
-3010
-3022
-2988
-2875
-2703
-2478
-2261
-2136
-1897
-1666
-1429
-1157
-974
-776
-553
-414
-236
-37
124
306
456
537
690
800
915
1051
1101
1170
1164
1164
1158
1130
1111
1039
944
848
697
601
507
380
288
146
24
-80
-192
-250
-316
-403
-491
-623
-692
-775
-847
-904
-995
-1054
-1112
-1197
-1245
-1249
-1259
-1207
-1221
-1237
-1186
-1101
-990
-926
-846
-777
-631
-512
-433
-247
-74
87
293
414
611
1017
1211
1593
1868
1976
2420
2662
2970
3325
3407
3597
3742
3683
3699
3619
3546
3468
3246
2911
2557
2325
2044
1782
1535
1127
877
618
252
131
-131
-326
-440
-718
-951
-1144
-1397
-1536
-1684
-1983
-2220
-2472
-2650
-2757
-2888
-3013
-3053
-3080
-3111
-3082
-2945
-2780
-2554
-2375
-2233
-1983
-1789
-1523
-1212
-976
-752
-567
-434
-196
-32
88
274
367
478
564
578
694
778
779
846
839
831
856
828
843
837
733
656
598
529
457
372
267
182
71
-76
-144
-206
-285
-349
-449
-562
-610
-692
-730
-747
-819
-860
-909
-986
-1013
-996
-994
-942
-957
-994
-921
-867
-775
-688
-645
-552
-449
-361
-255
-98
65
229
407
536
703
1068
1275
1609
1868
1946
2362
2568
2822
3163
3230
3427
3553
3459
3480
3399
3322
3250
3046
2734
2421
2192
1916
1697
1421
1051
827
567
233
77
-190
-345
-474
-770
-1011
-1196
-1417
-1567
-1720
-2010
-2214
-2445
-2619
-2699
-2826
-2918
-2935
-2963
-2963
-2941
-2823
-2655
-2451
-2274
-2133
-1904
-1712
-1468
-1225
-1007
-794
-590
-451
-233
-64
62
271
357
500
610
630
767
835
860
937
878
881
898
838
820
765
652
592
512
410
337
254
164
102
29
-107
-150
-199
-278
-334
-464
-567
-592
-689
-777
-823
-925
-974
-1024
-1129
-1132
-1117
-1137
-1075
-1089
-1088
-997
-950
-820
-742
-672
-547
-452
-293
-218
-74
124
261
495
581
873
1187
1393
1763
1867
2227
2598
2798
3211
3380
3517
3744
3694
3720
3703
3545
3507
3330
3033
2680
2393
2121
1871
1611
1210
944
740
384
197
-31
-271
-332
-608
-870
-1058
-1310
-1466
-1640
-1942
-2184
-2410
-2611
-2773
-2916
-3026
-3065
-3075
-3142
-3103
-2987
-2822
-2588
-2390
-2199
-1942
-1730
-1474
-1160
-931
-681
-465
-308
-145
-52
106
296
408
463
491
551
603
666
675
723
791
746
736
747
722
741
680
590
566
447
353
321
234
163
53
-68
-143
-223
-305
-386
-428
-527
-629
-681
-771
-783
-841
-906
-905
-946
-967
-996
-956
-917
-929
-915
-914
-840
-759
-758
-664
-584
-501
-388
-348
-210
-52
66
259
396
600
937
1136
1494
1702
1868
2283
2514
2853
3074
3166
3387
3477
3464
3448
3372
3332
3224
3003
2691
2413
2203
1947
1725
1405
1050
841
571
299
147
-124
-233
-396
-692
-893
-1130
-1299
-1436
-1666
-1921
-2159
-2358
-2524
-2672
-2775
-2870
-2869
-2904
-2948
-2866
-2747
-2559
-2350
-2226
-2033
-1790
-1566
-1298
-1058
-842
-586
-418
-269
-98
27
202
346
433
473
520
589
660
737
751
770
809
801
818
809
782
786
733
652
561
476
421
347
265
172
64
-43
-144
-213
-299
-375
-474
-559
-598
-683
-758
-798
-818
-843
-908
-974
-974
-970
-961
-990
-1010
-974
-977
-926
-920
-876
-809
-747
-657
-562
-458
-314
-143
3
211
355
673
960
1239
1526
1689
2045
2364
2655
2941
3075
3268
3413
3409
3430
3345
3311
3236
3061
2784
2494
2289
2057
1821
1520
1187
956
713
445
246
0
-152
-304
-523
-781
-1016
-1207
-1344
-1517
-1803
-2057
-2247
-2401
-2578
-2725
-2837
-2829
-2831
-2871
-2852
-2751
-2569
-2351
-2196
-2042
-1827
-1595
-1344
-1114
-893
-671
-452
-278
-118
22
212
391
548
653
716
796
891
980
1007
1023
1014
1016
1024
944
884
870
795
748
612
477
437
331
236
143
6
-101
-196
-285
-352
-432
-537
-625
-667
-779
-884
-934
-999
-995
-1060
-1170
-1144
-1179
-1166
-1156
-1213
-1129
-1149
-1097
-1033
-1041
-929
-868
-749
-644
-593
-437
-299
-100
77
242
631
863
1197
1462
1671
2156
2450
2770
3081
3201
3413
3557
3522
3558
3463
3388
3307
3087
2776
2462
2274
2037
1785
1466
1108
927
699
383
218
-14
-153
-286
-583
-812
-995
-1217
-1334
-1547
-1856
-2064
-2286
-2436
-2597
-2740
-2830
-2836
-2812
-2865
-2824
-2674
-2486
-2231
-2077
-1904
-1631
-1410
-1139
-894
-709
-470
-258
-100
92
218
376
571
673
762
819
888
990
1049
1063
1057
1045
997
972
934
838
794
692
603
512
343
249
185
98
-10
-132
-238
-304
-357
-451
-527
-589
-678
-709
-784
-883
-924
-965
-969
-996
-1076
-1103
-1097
-1088
-1096
-1119
-1076
-1034
-1010
-975
-977
-883
-798
-717
-630
-573
-421
-338
-110
54
278
648
836
1200
1403
1626
2092
2358
2683
2933
3029
3273
3339
3320
3334
3246
3218
3047
2797
2510
2262
2100
1835
1603
1343
1004
828
594
362
231
-11
-130
-297
-573
-768
-963
-1107
-1253
-1538
-1814
-2020
-2181
-2354
-2520
-2634
-2696
-2715
-2769
-2772
-2685
-2514
-2327
-2100
-1922
-1733
-1494
-1278
-985
-769
-610
-386
-213
-55
89
190
382
537
630
717
798
898
960
1023
1042
1040
1014
947
952
912
812
751
646
553
434
264
175
94
-31
-148
-266
-366
-441
-504
-540
-594
-657
-716
-721
-747
-838
-883
-909
-889
-941
-1004
-1019
-1008
-1006
-1048
-1012
-1013
-964
-949
-949
-870
-851
-766
-646
-545
-416
-326
-216
15
133
427
701
958
1290
1391
1755
2110
2413
2768
2912
3110
3317
3291
3347
3319
3274
3264
3027
2796
2496
2257
2076
1827
1610
1295
1002
832
552
385
184
-8
-57
-293
-555
-743
-939
-1028
-1235
-1558
-1771
-2011
-2181
-2367
-2526
-2598
-2673
-2713
-2744
-2733
-2621
-2466
-2237
-2014
-1905
-1707
-1495
-1221
-929
-793
-552
-339
-204
-9
46
233
411
470
584
577
634
723
749
819
822
802
790
740
740
661
611
569
455
391
228
97
46
-78
-173
-296
-437
-479
-562
-640
-671
-745
-782
-808
-849
-855
-866
-884
-875
-881
-910
-931
-920
-884
-858
-840
-857
-800
-761
-750
-693
-680
-597
-510
-453
-368
-238
-146
34
159
326
675
855
1198
1415
1582
1992
2237
2537
2839
2932
3132
3245
3218
3269
3177
3120
3052
2848
2590
2291
2106
1910
1694
1481
1120
962
774
487
395
149
40
-35
-333
-511
-702
-898
-992
-1234
-1486
-1714
-1936
-2089
-2269
-2389
-2508
-2550
-2526
-2569
-2520
-2412
-2268
-2016
-1895
-1783
-1555
-1384
-1137
-922
-807
-579
-444
-330
-139
-99
76
236
322
434
453
510
594
660
681
688
707
653
596
563
464
449
362
223
161
-17
-155
-207
-343
-407
-497
-628
-644
-713
-766
-790
-833
-820
-829
-854
-865
-877
-831
-822
-806
-795
-799
-744
-727
-723
-671
-659
-646
-595
-594
-544
-490
-465
-356
-257
-220
-126
-5
127
357
595
809
1160
1349
1559
1955
2220
2594
2877
2976
3206
3318
3291
3334
3286
3232
3142
2906
2625
2409
2183
1961
1786
1491
1199
1017
783
601
453
233
151
29
-222
-434
-595
-768
-886
-1138
-1454
-1676
-1903
-2083
-2256
-2437
-2528
-2562
-2610
-2632
-2614
-2491
-2310
-2111
-1971
-1823
-1590
-1359
-1099
-867
-722
-490
-341
-240
-88
-57
103
227
243
297
283
307
392
428
470
459
443
449
410
386
321
307
275
150
44
-76
-177
-247
-403
-508
-591
-729
-780
-834
-882
-911
-956
-927
-885
-890
-851
-811
-721
-687
-692
-613
-558
-508
-477
-467
-418
-370
-370
-299
-287
-302
-223
-210
-153
-99
-65
68
145
225
340
592
821
1032
1250
1390
1735
2024
2278
2572
2719
2850
3020
3012
3008
2974
2910
2873
2720
2426
2153
2000
1804
1629
1388
1107
955
790
542
433
257
159
119
-81
-293
-455
-592
-692
-828
-1116
-1335
-1502
-1688
-1867
-2035
-2169
-2179
-2243
-2324
-2321
-2266
-2113
-1944
-1820
-1696
-1510
-1336
-1137
-927
-768
-593
-405
-306
-184
-109
-43
112
190
218
251
276
346
404
388
395
413
387
360
326
270
247
168
48
-35
-157
-275
-357
-472
-579
-682
-798
-863
-897
-962
-998
-1003
-1017
-996
-1017
-996
-914
-869
-812
-774
-721
-645
-576
-514
-449
-431
-366
-339
-294
-231
-244
-128
-108
-53
-36
-17
94
202
271
438
660
843
1116
1237
1504
1837
2093
2399
2600
2694
2868
2945
2989
2996
2877
2815
2703
2501
2172
1919
1761
1593
1371
1063
795
718
543
374
263
131
129
11
-168
-299
-433
-533
-638
-865
-1108
-1347
-1490
-1633
-1815
-1999
-2124
-2104
-2137
-2206
-2158
-2038
-1853
-1666
-1592
-1398
-1192
-979
-768
-613
-443
-293
-169
-62
-10
46
122
180
220
167
167
169
207
236
225
235
249
253
224
202
175
144
84
-5
-103
-215
-326
-406
-514
-612
-732
-840
-880
-922
-976
-1011
-993
-958
-940
-917
-871
-776
-680
-629
-558
-517
-436
-351
-289
-230
-197
-173
-134
-105
-83
-69
-67
18
-4
11
44
64
222
286
455
640
837
1073
1161
1424
1699
1958
2236
2298
2452
2596
2583
2626
2533
2444
2421
2230
2005
1759
1518
1375
1218
1013
762
582
484
357
270
126
53
65
-65
-204
-341
-458
-480
-627
-857
-1056
-1241
-1358
-1499
-1664
-1773
-1827
-1872
-1897
-1915
-1854
-1697
-1528
-1380
-1258
-1090
-897
-680
-493
-341
-191
-94
4
82
127
190
231
230
228
187
181
198
198
217
211
198
185
200
199
215
202
125
77
-13
-93
-171
-289
-369
-493
-635
-746
-851
-893
-938
-995
-1037
-1052
-1030
-1005
-942
-883
-808
-706
-642
-558
-493
-411
-293
-231
-188
-190
-117
-78
-64
-50
-73
20
35
6
35
35
129
225
280
503
628
855
1024
1114
1437
1622
1892
2124
2162
2314
2389
2366
2406
2280
2227
2138
1933
1703
1425
1259
1091
934
726
462
363
270
129
83
-48
-40
-43
-189
-297
-380
-415
-442
-602
-816
-956
-1109
-1218
-1368
-1494
-1569
-1624
-1670
-1697
-1690
-1590
-1431
-1254
-1118
-1025
-862
-685
-461
-308
-184
-19
83
158
194
221
323
358
336
342
305
287
299
293
303
287
239
230
201
164
133
111
60
-26
-128
-218
-285
-370
-459
-566
-682
-787
-881
-933
-973
-1026
-1048
-1053
-1030
-1024
-992
-910
-812
-697
-656
-586
-475
-383
-252
-201
-164
-76
-83
-46
-36
-35
17
29
32
19
3
45
152
263
432
538
738
907
1030
1293
1511
1799
2005
2077
2202
2278
2280
2293
2208
2139
2023
1828
1582
1334
1157
966
828
630
367
232
143
47
-1
-134
-149
-119
-232
-331
-409
-432
-441
-575
-779
-935
-1047
-1160
-1280
-1404
-1523
-1562
-1583
-1611
-1609
-1543
-1380
-1175
-1058
-958
-787
-565
-340
-187
-47
134
278
325
367
401
458
528
516
463
433
373
356
355
285
275
232
185
150
73
60
64
17
-49
-142
-212
-290
-369
-439
-542
-628
-740
-843
-909
-987
-1031
-1038
-1064
-1064
-1073
-1075
-987
-928
-845
-754
-686
-593
-499
-392
-292
-208
-145
-59
-10
19
30
71
126
152
137
134
161
237
301
474
626
785
1006
1048
1316
1555
1781
2078
2161
2245
2389
2383
2405
2351
2219
2164
1997
1752
1467
1255
1074
916
715
442
239
152
2
-61
-161
-246
-189
-289
-398
-494
-556
-541
-606
-792
-968
-1100
-1190
-1298
-1416
-1553
-1595
-1618
-1645
-1647
-1601
-1430
-1225
-1062
-954
-770
-554
-289
-116
27
188
328
400
429
432
437
472
426
382
316
218
168
166
88
81
29
-15
1
-86
-114
-96
-115
-133
-240
-354
-415
-514
-603
-704
-809
-919
-1028
-1133
-1191
-1245
-1268
-1252
-1221
-1199
-1193
-1114
-1002
-854
-747
-678
-541
-407
-301
-202
-126
-36
70
124
148
177
188
253
320
337
344
364
437
520
629
771
901
1145
1250
1380
1634
1796
2092
2252
2272
2401
2446
2431
2438
2306
2224
2126
1907
1657
1390
1179
1013
868
636
384
257
129
46
-19
-166
-159
-160
-277
-379
-482
-528
-524
-657
-857
-997
-1124
-1210
-1305
-1442
-1521
-1548
-1582
-1597
-1600
-1507
-1353
-1171
-1037
-930
-767
-582
-370
-182
-59
80
211
266
322
316
354
402
358
292
208
152
121
51
19
-17
-89
-125
-200
-220
-220
-265
-276
-316
-422
-500
-586
-636
-696
-827
-946
-1028
-1117
-1214
-1268
-1323
-1344
-1358
-1363
-1346
-1302
-1234
-1109
-971
-902
-813
-674
-518
-349
-242
-182
-13
97
150
226
252
356
441
449
490
485
565
674
793
981
1071
1313
1472
1621
1914
2092
2391
2612
2633
2759
2787
2781
2808
2639
2517
2351
2116
1858
1561
1320
1109
912
660
373
207
89
-36
-100
-255
-282
-295
-422
-496
-586
-633
-648
-791
-971
-1126
-1265
-1363
-1471
-1570
-1668
-1716
-1730
-1739
-1705
-1609
-1443
-1224
-1064
-932
-753
-551
-310
-117
28
184
309
368
396
399
425
450
408
345
268
189
146
89
30
-20
-81
-130
-188
-243
-281
-325
-369
-422
-516
-625
-723
-808
-868
-975
-1118
-1237
-1300
-1358
-1443
-1502
-1528
-1499
-1480
-1488
-1439
-1340
-1227
-1085
-989
-882
-741
-584
-409
-261
-137
-54
116
236
300
379
420
548
638
634
654
753
848
990
1159
1238
1485
1636
1758
2072
2228
2480
2730
2774
2889
2921
2873
2898
2775
2617
2456
2224
1946
1655
1406
1157
967
707
395
229
63
-91
-149
-291
-347
-368
-500
-592
-668
-747
-761
-857
-1057
-1222
-1353
-1457
-1534
-1643
-1751
-1754
-1788
-1801
-1759
-1671
-1489
-1287
-1136
-972
-770
-538
-301
-114
54
174
324
404
444
465
441
474
447
369
297
199
158
112
41
12
-54
-91
-129
-203
-225
-269
-325
-337
-436
-544
-646
-752
-816
-949
-1086
-1198
-1279
-1365
-1468
-1519
-1549
-1543
-1516
-1528
-1479
-1408
-1323
-1166
-1037
-932
-812
-671
-506
-349
-260
-132
26
152
231
256
354
459
541
577
584
649
771
852
1003
1188
1318
1558
1664
1826
2093
2267
2549
2696
2718
2814
2823
2834
2792
2625
2503
2341
2117
1821
1533
1313
1101
895
607
310
152
-24
-146
-224
-380
-396
-434
-556
-635
-732
-774
-766
-904
-1083
-1235
-1348
-1418
-1527
-1640
-1710
-1718
-1722
-1736
-1687
-1571
-1405
-1189
-1051
-885
-691
-474
-218
-24
116
237
378
471
514
512
518
543
528
435
341
266
235
215
159
108
49
23
-16
-59
-108
-174
-191
-248
-369
-485
-602
-662
-750
-899
-1057
-1176
-1255
-1360
-1453
-1529
-1559
-1542
-1534
-1533
-1497
-1432
-1300
-1164
-1073
-1022
-899
-706
-564
-441
-400
-257
-78
-8
51
117
230
366
421
450
533
627
753
882
1095
1217
1434
1632
1776
2065
2229
2485
2763
2814
2893
2969
2947
3000
2843
2693
2592
2361
2070
1752
1503
1281
1036
737
431
222
42
-163
-252
-410
-491
-543
-674
-763
-854
-942
-941
-1023
-1222
-1366
-1509
-1582
-1649
-1797
-1888
-1892
-1920
-1913
-1911
-1795
-1607
-1417
-1245
-1084
-858
-639
-392
-154
30
225
387
489
623
640
704
803
808
808
715
631
629
567
507
456
355
304
222
134
80
22
-46
-112
-223
-351
-464
-559
-648
-759
-908
-1055
-1168
-1274
-1378
-1485
-1546
-1588
-1593
-1632
-1661
-1618
-1538
-1438
-1350
-1284
-1143
-975
-832
-651
-552
-389
-237
-106
13
96
203
315
440
477
485
593
713
878
1071
1154
1434
1592
1764
2087
2275
2588
2803
2867
3020
3038
3016
3031
2882
2768
2558
2299
2018
1711
1432
1150
946
652
309
109
-104
-258
-364
-575
-588
-654
-804
-879
-973
-1005
-1028
-1177
-1326
-1449
-1590
-1686
-1763
-1850
-1934
-1957
-1979
-1949
-1866
-1757
-1566
-1335
-1180
-976
-724
-482
-180
15
190
418
563
684
771
793
844
865
848
803
744
690
646
601
516
465
419
376
348
267
200
156
54
14
-80
-217
-316
-469
-579
-706
-880
-1004
-1111
-1235
-1364
-1471
-1531
-1534
-1528
-1568
-1547
-1511
-1446
-1338
-1246
-1146
-1038
-919
-787
-658
-532
-436
-283
-148
-121
-2
40
153
305
313
398
492
570
753
930
1055
1296
1455
1598
1868
2054
2286
2535
2616
2708
2785
2761
2764
2705
2559
2430
2227
1905
1648
1409
1152
957
684
372
180
-47
-228
-305
-464
-536
-596
-741
-839
-917
-992
-1003
-1077
-1235
-1360
-1456
-1562
-1626
-1681
-1765
-1764
-1804
-1825
-1746
-1656
-1509
-1309
-1150
-956
-747
-553
-316
-63
156
342
511
572
688
800
846
936
926
882
887
804
746
700
628
621
548
435
339
274
256
207
129
44
-55
-133
-278
-395
-490
-612
-716
-898
-1055
-1159
-1269
-1330
-1425
-1511
-1536
-1578
-1580
-1569
-1533
-1425
-1346
-1268
-1183
-1065
-922
-770
-633
-547
-420
-308
-216
-98
-30
78
228
275
347
440
560
785
963
1085
1317
1481
1694
1963
2172
2443
2628
2732
2843
2906
2892
2877
2806
2703
2539
2290
1996
1774
1525
1263
1011
698
418
199
-19
-184
-323
-503
-571
-662
-792
-905
-1008
-1071
-1093
-1242
-1420
-1528
-1616
-1679
-1762
-1858
-1899
-1884
-1914
-1878
-1813
-1698
-1523
-1357
-1195
-992
-780
-536
-296
-98
102
287
463
594
684
743
814
836
817
782
747
696
638
539
492
465
390
340
273
215
170
86
6
-41
-126
-237
-361
-483
-608
-712
-833
-970
-1085
-1226
-1333
-1401
-1495
-1521
-1528
-1557
-1551
-1568
-1524
-1388
-1299
-1220
-1129
-1020
-844
-723
-598
-479
-335
-177
-128
-3
72
177
358
399
486
598
659
928
1098
1242
1488
1582
1867
2116
2301
2578
2710
2851
2983
2970
2997
2949
2909
2849
2645
2413
2122
1920
1721
1446
1193
901
632
448
186
33
-121
-285
-338
-480
-630
-753
-862
-886
-951
-1145
-1325
-1453
-1518
-1642
-1780
-1876
-1901
-1909
-1981
-1997
-1898
-1766
-1621
-1485
-1351
-1135
-951
-736
-517
-331
-125
50
205
329
364
445
562
606
602
553
555
559
497
399
353
342
280
197
116
58
24
-73
-146
-206
-316
-410
-524
-626
-728
-854
-964
-1066
-1175
-1295
-1394
-1446
-1511
-1564
-1595
-1590
-1574
-1580
-1540
-1447
-1336
-1248
-1167
-1020
-859
-714
-576
-461
-288
-129
-23
111
231
357
493
584
701
795
970
1178
1366
1581
1662
1895
2190
2418
2696
2823
2959
3172
3180
3200
3203
3127
3117
2953
2693
2437
2183
1980
1770
1513
1169
872
697
453
283
85
-130
-161
-322
-525
-652
-799
-826
-896
-1118
-1309
-1451
-1544
-1638
-1770
-1907
-1980
-1989
-2036
-2067
-2003
-1905
-1718
-1547
-1472
-1273
-1032
-790
-530
-413
-268
-42
105
238
290
341
431
439
394
335
316
312
271
188
80
22
17
2
-40
-130
-193
-197
-235
-316
-399
-476
-512
-637
-804
-910
-1005
-1083
-1194
-1327
-1420
-1493
-1550
-1571
-1577
-1586
-1596
-1556
-1493
-1413
-1341
-1230
-1096
-980
-886
-784
-594
-458
-322
-206
-119
57
150
243
402
460
589
691
755
996
1169
1368
1610
1699
1938
2194
2419
2721
2849
2989
3139
3191
3231
3199
3166
3137
3008
2811
2525
2317
2149
1928
1715
1374
1107
937
688
527
323
125
60
-129
-304
-466
-591
-635
-752
-940
-1153
-1305
-1406
-1531
-1657
-1778
-1846
-1857
-1942
-1976
-1933
-1846
-1685
-1580
-1483
-1284
-1103
-875
-681
-550
-358
-213
-71
19
46
83
138
151
101
45
21
23
3
-93
-155
-156
-176
-193
-258
-318
-311
-352
-402
-440
-536
-563
-630
-732
-821
-949
-1016
-1078
-1187
-1296
-1394
-1437
-1459
-1494
-1523
-1539
-1502
-1489
-1444
-1366
-1301
-1157
-1061
-989
-825
-740
-577
-412
-325
-155
-48
73
225
332
438
561
671
805
936
1138
1309
1537
1700
1819
2098
2311
2572
2815
2891
3046
3165
3167
3253
3186
3140
3099
2924
2696
2449
2242
2073
1891
1603
1273
1043
833
627
475
240
119
0
-195
-354
-508
-619
-668
-795
-1004
-1190
-1322
-1416
-1501
-1626
-1751
-1783
-1848
-1893
-1885
-1824
-1704
-1556
-1460
-1336
-1171
-992
-748
-555
-398
-248
-110
36
130
184
238
264
268
196
144
100
55
10
-75
-130
-182
-253
-264
-293
-333
-356
-438
-435
-468
-552
-604
-701
-756
-848
-989
-1064
-1169
-1248
-1344
-1447
-1480
-1535
-1540
-1545
-1548
-1512
-1488
-1415
-1313
-1222
-1097
-1002
-850
-714
-601
-471
-357
-198
-88
29
137
262
370
452
565
670
769
978
1138
1329
1512
1569
1857
2095
2302
2552
2642
2807
2960
2939
3003
3001
2971
2933
2777
2584
2351
2159
1968
1789
1560
1226
984
830
616
473
247
106
70
-130
-304
-414
-501
-537
-672
-854
-978
-1120
-1243
-1348
-1430
-1543
-1632
-1686
-1722
-1729
-1708
-1638
-1484
-1368
-1270
-1111
-912
-684
-508
-339
-159
-3
107
192
271
348
355
335
298
238
189
121
45
-22
-93
-145
-188
-250
-303
-334
-345
-417
-474
-510
-544
-592
-687
-766
-814
-891
-986
-1075
-1158
-1237
-1331
-1402
-1462
-1494
-1530
-1537
-1501
-1498
-1467
-1390
-1289
-1155
-1107
-987
-822
-696
-540
-492
-338
-167
-90
44
149
274
409
454
568
704
829
1029
1166
1392
1501
1610
1874
2060
2338
2491
2556
2780
2837
2840
2885
2828
2863
2773
2567
2376
2169
1991
1800
1618
1360
1045
828
606
450
300
55
-16
-107
-289
-417
-538
-584
-594
-753
-927
-1047
-1151
-1236
-1317
-1402
-1491
-1531
-1610
-1634
-1599
-1568
-1432
-1299
-1207
-1055
-913
-694
-442
-286
-93
60
186
317
360
439
493
483
466
394
347
294
216
136
36
-32
-110
-175
-223
-303
-325
-375
-436
-455
-553
-596
-639
-743
-804
-910
-992
-1045
-1148
-1235
-1329
-1396
-1451
-1508
-1516
-1526
-1505
-1486
-1465
-1383
-1312
-1208
-1110
-1003
-858
-772
-612
-481
-376
-220
-165
-3
126
183
336
382
483
594
609
810
966
1079
1311
1357
1550
1765
1918
2224
2359
2486
2627
2678
2763
2766
2726
2722
2626
2482
2207
1989
1842
1651
1473
1152
875
713
464
312
157
-28
-67
-212
-358
-465
-575
-589
-618
-730
-890
-1028
-1096
-1189
-1264
-1373
-1463
-1460
-1547
-1579
-1540
-1490
-1340
-1228
-1122
-933
-796
-580
-368
-194
17
142
297
410
462
565
582
589
564
453
431
352
257
173
70
27
-57
-140
-188
-247
-265
-335
-391
-414
-479
-501
-572
-641
-710
-817
-885
-964
-1049
-1144
-1247
-1295
-1368
-1418
-1461
-1500
-1459
-1464
-1444
-1376
-1330
-1226
-1138
-1056
-901
-803
-667
-553
-446
-296
-214
-89
19
119
237
283
361
478
533
717
844
995
1213
1251
1455
1687
1886
2175
2293
2429
2608
2644
2715
2719
2706
2703
2594
2430
2186
1963
1779
1601
1409
1094
803
632
408
261
77
-105
-123
-246
-397
-504
-599
-605
-628
-757
-916
-1030
-1118
-1189
-1264
-1387
-1448
-1474
-1548
-1580
-1572
-1516
-1356
-1243
-1146
-971
-803
-563
-333
-156
53
222
362
473
534
617
662
668
622
539
471
392
316
213
114
34
-57
-125
-214
-294
-303
-362
-418
-462
-528
-536
-589
-680
-755
-839
-916
-1009
-1091
-1191
-1294
-1365
-1448
-1486
-1522
-1565
-1536
-1532
-1518
-1446
-1391
-1271
-1167
-1084
-937
-804
-663
-536
-397
-246
-130
7
111
230
343
378
498
591
642
814
928
1087
1272
1320
1546
1783
1987
2263
2381
2531
2691
2741
2827
2836
2802
2784
2692
2526
2272
2051
1862
1673
1453
1122
861
694
486
342
153
-12
-55
-172
-295
-397
-478
-482
-500
-631
-776
-881
-962
-1027
-1137
-1268
-1335
-1388
-1446
-1481
-1489
-1424
-1292
-1202
-1110
-965
-789
-545
-355
-195
-10
129
267
365
422
488
501
478
416
327
236
148
67
-47
-161
-249
-337
-401
-486
-569
-580
-633
-673
-722
-790
-783
-839
-916
-964
-1036
-1082
-1162
-1256
-1317
-1383
-1453
-1513
-1538
-1559
-1570
-1576
-1564
-1502
-1439
-1381
-1255
-1134
-1020
-864
-736
-586
-442
-337
-188
-64
39
155
267
372
455
518
610
715
851
978
1121
1305
1394
1577
1798
2002
2294
2455
2580
2762
2831
2911
2953
2914
2904
2814
2640
2423
2204
2016
1856
1641
1332
1070
897
712
569
371
209
156
32
-92
-198
-293
-323
-358
-491
-654
-797
-896
-955
-1044
-1203
-1294
-1347
-1418
-1462
-1512
-1462
-1344
-1276
-1191
-1089
-932
-740
-587
-392
-229
-83
114
221
348
420
392
469
463
439
394
250
184
69
-96
-208
-345
-434
-542
-673
-773
-870
-910
-960
-986
-1012
-1120
-1153
-1171
-1220
-1240
-1356
-1391
-1409
-1522
-1605
-1679
-1687
-1674
-1741
-1788
-1775
-1709
-1622
-1555
-1454
-1343
-1194
-1019
-855
-681
-516
-320
-111
21
140
250
417
568
621
707
783
904
1097
1183
1348
1505
1616
1891
2097
2333
2589
2724
2915
3058
3113
3189
3184
3174
3118
2975
2769
2506
2321
2109
1885
1636
1293
1080
881
637
486
269
161
95
-59
-179
-295
-360
-377
-471
-620
-760
-861
-928
-1046
-1170
-1282
-1354
-1408
-1499
-1530
-1503
-1439
-1318
-1222
-1118
-958
-784
-573
-363
-199
-12
158
274
375
408
465
482
414
352
256
152
39
-114
-232
-344
-466
-577
-675
-748
-810
-872
-946
-981
-1007
-1060
-1095
-1150
-1208
-1243
-1304
-1362
-1428
-1511
-1570
-1626
-1702
-1760
-1766
-1763
-1751
-1754
-1751
-1662
-1552
-1469
-1356
-1225
-1056
-884
-737
-586
-403
-223
-78
69
176
271
398
504
588
649
706
803
953
1079
1191
1406
1537
1700
1921
2086
2389
2612
2708
2896
3009
3075
3136
3072
3062
3057
2888
2650
2433
2218
2038
1821
1512
1250
1066
842
669
516
332
279
191
59
-24
-136
-191
-186
-303
-467
-621
-745
-807
-920
-1090
-1207
-1282
-1371
-1466
-1522
-1489
-1410
-1303
-1230
-1121
-949
-799
-583
-392
-233
-58
50
156
234
258
291
272
219
136
23
-72
-184
-283
-382
-497
-579
-662
-737
-761
-811
-838
-874
-903
-891
-933
-983
-1028
-1063
-1100
-1171
-1274
-1341
-1391
-1469
-1564
-1639
-1663
-1660
-1679
-1705
-1700
-1650
-1565
-1470
-1389
-1288
-1157
-1005
-852
-717
-564
-408
-220
-95
0
127
233
395
493
529
636
694
786
947
1029
1227
1415
1497
1732
1924
2166
2470
2600
2777
2932
3004
3101
3094
3055
3032
2929
2733
2481
2264
2041
1838
1600
1280
1036
819
609
473
280
148
120
21
-82
-189
-271
-253
-290
-437
-583
-697
-797
-918
-1062
-1202
-1282
-1376
-1483
-1524
-1536
-1493
-1391
-1289
-1166
-1008
-852
-632
-414
-243
-39
139
279
373
415
457
490
448
362
280
174
57
-71
-214
-303
-394
-513
-589
-674
-727
-758
-801
-796
-804
-845
-881
-927
-954
-988
-1053
-1110
-1190
-1281
-1378
-1461
-1519
-1571
-1605
-1644
-1677
-1692
-1690
-1608
-1490
-1432
-1331
-1209
-1049
-858
-753
-591
-390
-234
-101
-20
85
238
346
421
467
520
576
651
768
873
1017
1201
1302
1494
1704
1907
2243
2428
2563
2730
2811
2921
2978
2896
2880
2835
2680
2452
2196
1990
1833
1632
1311
1024
834
622
464
297
124
99
4
-116
-186
-283
-303
-287
-405
-532
-664
-797
-847
-980
-1148
-1228
-1307
-1400
-1473
-1534
-1476
-1379
-1287
-1187
-1043
-855
-668
-448
-244
-47
148
282
404
489
496
554
556
498
412
265
174
72
-80
-173
-264
-348
-437
-546
-580
-599
-625
-634
-643
-663
-707
-766
-804
-827
-880
-970
-1056
-1137
-1234
-1317
-1407
-1479
-1496
-1547
-1603
-1622
-1642
-1579
-1480
-1423
-1336
-1237
-1107
-932
-801
-661
-503
-314
-180
-96
-4
80
240
332
346
391
423
492
565
622
753
913
1103
1208
1364
1604
1849
2167
2345
2451
2637
2726
2799
2839
2739
2738
2654
2441
2215
1969
1762
1593
1373
1085
829
634
437
312
180
40
39
-25
-126
-201
-275
-253
-225
-368
-516
-636
-762
-838
-968
-1100
-1174
-1271
-1370
-1434
-1450
-1400
-1289
-1173
-1077
-939
-778
-566
-346
-162
13
183
302
378
425
444
468
451
394
313
210
92
-12
-93
-160
-250
-337
-419
-477
-499
-512
-512
-509
-534
-558
-587
-644
-649
-687
-749
-820
-943
-1021
-1100
-1186
-1237
-1308
-1346
-1388
-1419
-1429
-1414
-1336
-1266
-1197
-1127
-1040
-908
-760
-652
-525
-394
-276
-179
-142
-68
43
128
176
187
213
273
340
446
564
677
851
948
1115
1343
1548
1880
2085
2218
2387
2477
2608
2676
2623
2596
2522
2384
2152
1917
1730
1548
1374
1082
801
624
430
302
190
31
1
-77
-165
-214
-296
-301
-285
-377
-533
-668
-775
-836
-936
-1096
-1210
-1260
-1338
-1406
-1433
-1405
-1288
-1177
-1096
-948
-808
-631
-403
-218
-32
177
324
493
603
583
658
689
710
699
548
447
370
247
154
21
-86
-143
-259
-350
-416
-455
-452
-461
-519
-590
-635
-652
-666
-701
-814
-893
-964
-1076
-1177
-1298
-1356
-1391
-1473
-1581
-1660
-1653
-1584
-1497
-1443
-1373
-1258
-1138
-958
-823
-679
-505
-354
-220
-137
-77
18
164
225
252
251
312
423
575
683
835
1022
1126
1375
1600
1855
2170
2329
2500
2670
2697
2801
2830
2770
2733
2592
2372
2145
1920
1706
1523
1266
939
702
512
303
194
30
-57
-85
-206
-290
-338
-400
-401
-436
-572
-690
-819
-934
-1010
-1108
-1234
-1284
-1359
-1430
-1447
-1436
-1350
-1218
-1108
-973
-814
-654
-426
-233
-27
165
298
423
502
556
619
647
628
570
490
389
279
177
46
-27
-114
-219
-288
-394
-461
-458
-515
-534
-568
-639
-664
-757
-810
-828
-898
-989
-1075
-1166
-1235
-1317
-1414
-1446
-1457
-1507
-1555
-1575
-1556
-1464
-1387
-1301
-1196
-1089
-951
-796
-650
-523
-366
-209
-69
11
72
167
266
318
319
315
350
399
417
534
645
785
962
1023
1236
1471
1701
2008
2157
2314
2481
2559
2661
2666
2625
2625
2528
2357
2112
1874
1708
1533
1327
1018
773
642
461
357
214
120
157
84
-9
-62
-118
-89
-99
-221
-345
-490
-584
-664
-783
-918
-1044
-1131
-1211
-1300
-1330
-1284
-1169
-1065
-1008
-908
-770
-577
-371
-197
-55
79
162
218
263
284
311
305
247
169
59
-47
-120
-193
-277
-393
-493
-556
-593
-619
-643
-628
-616
-649
-677
-718
-735
-746
-798
-874
-973
-1078
-1156
-1226
-1325
-1414
-1470
-1511
-1566
-1621
-1649
-1589
-1500
-1441
-1369
-1259
-1117
-973
-818
-674
-514
-368
-246
-108
-10
49
153
235
303
332
323
396
463
507
613
735
953
1146
1228
1468
1725
2026
2310
2456
2659
2824
2898
2984
2973
2947
2913
2779
2591
2303
2066
1868
1678
1425
1086
840
668
484
355
197
138
161
64
-19
-98
-140
-115
-148
-273
-411
-571
-673
-782
-951
-1113
-1236
-1327
-1422
-1525
-1571
-1519
-1401
-1305
-1244
-1133
-991
-784
-556
-391
-202
-16
121
287
299
339
432
440
442
314
170
101
-15
-140
-258
-376
-441
-539
-630
-705
-738
-741
-737
-744
-805
-858
-847
-840
-872
-981
-1082
-1121
-1219
-1348
-1487
-1571
-1610
-1670
-1768
-1832
-1825
-1777
-1685
-1614
-1530
-1382
-1218
-993
-825
-668
-481
-299
-117
-32
62
161
289
359
349
368
434
512
677
758
919
1111
1207
1515
1760
2053
2425
2618
2860
3064
3120
3264
3281
3263
3238
3096
2874
2608
2387
2140
1915
1641
1279
1040
811
570
468
268
183
165
35
-39
-99
-143
-97
-141
-306
-431
-565
-695
-810
-981
-1142
-1249
-1385
-1509
-1592
-1603
-1544
-1449
-1365
-1275
-1107
-893
-673
-423
-228
-28
178
281
388
440
466
516
462
376
288
140
21
-132
-269
-363
-481
-593
-682
-752
-806
-846
-865
-853
-848
-874
-908
-906
-946
-986
-1027
-1105
-1189
-1307
-1423
-1492
-1601
-1717
-1750
-1779
-1806
-1829
-1826
-1729
-1588
-1523
-1415
-1262
-1099
-904
-752
-597
-400
-229
-99
46
116
206
309
366
398
417
436
481
630
713
823
1016
1097
1344
1618
1828
2207
2420
2601
2851
2924
3038
3118
3063
3087
2986
2782
2563
2315
2092
1875
1620
1287
1053
868
647
523
384
269
273
189
115
86
7
-10
0
-113
-247
-374
-503
-620
-788
-987
-1100
-1194
-1364
-1478
-1542
-1530
-1431
-1359
-1251
-1088
-932
-737
-522
-279
-75
93
251
340
413
435
436
461
380
287
188
31
-98
-227
-303
-372
-481
-588
-663
-682
-695
-730
-715
-698
-697
-725
-786
-797
-804
-854
-945
-1067
-1177
-1269
-1365
-1447
-1541
-1605
-1632
-1676
-1702
-1697
-1645
-1521
-1427
-1342
-1230
-1098
-919
-747
-602
-461
-313
-172
-63
30
98
173
264
291
300
340
376
520
640
742
919
1003
1235
1506
1730
2054
2256
2451
2675
2769
2878
2937
2919
2924
2817
2609
2374
2152
1961
1741
1473
1159
911
735
499
356
230
117
121
32
-36
-46
-105
-81
-87
-200
-316
-443
-564
-658
-812
-973
-1075
-1209
-1343
-1432
-1453
-1410
-1341
-1260
-1166
-1005
-819
-634
-394
-173
31
222
326
440
542
588
620
569
494
415
300
187
43
-90
-173
-271
-366
-453
-520
-529
-538
-563
-584
-573
-565
-588
-640
-704
-717
-756
-868
-975
-1097
-1199
-1288
-1432
-1554
-1630
-1701
-1751
-1792
-1807
-1747
-1655
-1531
-1419
-1300
-1156
-979
-780
-644
-481
-298
-143
3
60
124
229
291
339
363
378
493
611
710
880
947
1143
1398
1624
1944
2136
2351
2602
2710
2820
2880
2868
2899
2791
2611
2382
2140
1939
1707
1466
1149
834
621
397
230
55
-107
-106
-170
-256
-318
-365
-319
-314
-424
-518
-622
-701
-800
-938
-1054
-1174
-1262
-1363
-1452
-1479
-1491
-1409
-1299
-1235
-1095
-923
-679
-421
-245
24
292
523
709
761
894
995
1040
1060
953
867
772
593
434
233
58
-32
-164
-303
-444
-522
-513
-522
-548
-593
-594
-576
-632
-686
-758
-789
-857
-993
-1132
-1271
-1379
-1499
-1628
-1741
-1831
-1880
-1888
-1876
-1811
-1703
-1584
-1427
-1273
-1103
-880
-701
-508
-339
-187
-12
113
218
294
348
382
398
451
566
656
812
874
972
1229
1433
1766
2004
2121
2352
2485
2596
2698
2663
2715
2712
2555
2335
2085
1884
1717
1490
1162
820
559
316
131
-14
-208
-258
-328
-455
-520
-591
-576
-501
-576
-682
-774
-870
-896
-979
-1076
-1150
-1238
-1308
-1381
-1421
-1398
-1322
-1187
-1089
-982
-825
-581
-302
-45
173
368
595
774
917
1036
1118
1153
1165
1109
1020
930
832
716
588
427
275
161
35
-53
-134
-243
-288
-335
-387
-397
-463
-492
-535
-630
-720
-828
-902
-987
-1121
-1259
-1406
-1500
-1579
-1657
-1699
-1760
-1766
-1746
-1712
-1617
-1523
-1376
-1223
-1116
-962
-827
-637
-445
-325
-178
-61
52
162
200
285
335
377
509
542
674
797
829
1077
1243
1444
1744
1861
2076
2255
2297
2432
2458
2440
2464
2370
2236
2047
1835
1649
1466
1253
921
675
476
230
102
-102
-215
-207
-360
-454
-516
-578
-526
-547
-641
-690
-780
-845
-886
-968
-1045
-1121
-1173
-1235
-1301
-1321
-1281
-1159
-1046
-953
-795
-633
-413
-189
22
262
438
595
727
805
913
972
999
995
890
807
718
630
537
410
292
180
76
-16
-89
-130
-181
-233
-280
-342
-388
-438
-496
-545
-627
-733
-832
-945
-1048
-1174
-1328
-1444
-1515
-1587
-1672
-1725
-1732
-1703
-1684
-1651
-1570
-1458
-1330
-1233
-1096
-939
-790
-621
-480
-318
-203
-83
42
142
219
264
336
470
592
673
864
947
1087
1270
1408
1742
1959
2078
2291
2406
2523
2616
2568
2604
2622
2471
2266
2063
1855
1688
1488
1204
932
723
456
292
140
-92
-144
-264
-391
-465
-595
-589
-539
-620
-713
-811
-878
-907
-990
-1078
-1147
-1180
-1251
-1326
-1352
-1315
-1197
-1076
-987
-854
-708
-493
-251
-55
188
379
566
730
799
907
997
1019
1041
964
864
791
658
547
442
320
205
86
-24
-138
-197
-259
-340
-385
-505
-573
-616
-718
-755
-830
-936
-1020
-1149
-1261
-1355
-1478
-1589
-1672
-1743
-1801
-1847
-1884
-1858
-1802
-1748
-1671
-1565
-1459
-1326
-1181
-1030
-856
-715
-540
-368
-216
-69
52
183
303
377
429
517
676
795
947
1072
1129
1367
1551
1771
2058
2190
2373
2569
2618
2713
2729
2682
2727
2638
2446
2229
2023
1829
1662
1415
1088
870
655
404
259
32
-86
-93
-272
-356
-437
-534
-485
-519
-637
-711
-819
-894
-956
-1054
-1154
-1198
-1257
-1343
-1375
-1396
-1334
-1205
-1140
-1046
-898
-747
-513
-312
-132
155
385
596
768
794
925
1041
1096
1128
1043
945
871
712
543
418
271
156
22
-173
-319
-405
-501
-522
-572
-676
-726
-790
-852
-881
-1004
-1077
-1109
-1234
-1354
-1502
-1607
-1653
-1740
-1861
-1934
-1983
-1992
-1978
-1924
-1839
-1721
-1622
-1470
-1297
-1149
-942
-782
-588
-404
-293
-129
42
151
283
364
427
580
718
867
1097
1159
1307
1584
1789
2116
2330
2456
2692
2822
2859
2940
2911
2934
2928
2739
2502
2277
2077
1899
1714
1403
1090
891
626
413
220
-12
-38
-132
-311
-442
-580
-620
-597
-731
-871
-942
-1043
-1094
-1180
-1284
-1334
-1360
-1404
-1438
-1443
-1397
-1280
-1133
-1039
-912
-741
-537
-284
-121
48
256
500
719
846
989
1049
1136
1208
1207
1243
1139
1023
938
737
550
369
199
109
-81
-328
-516
-628
-678
-762
-886
-1010
-1066
-1113
-1233
-1318
-1412
-1454
-1469
-1620
-1754
-1858
-1897
-1886
-1946
-2008
-2041
-2028
-1968
-1916
-1842
-1732
-1601
-1437
-1298
-1183
-992
-781
-566
-376
-285
-134
58
181
313
431
516
679
844
966
1191
1305
1436
1705
1885
2147
2392
2498
2712
2874
2887
2964
2935
2929
2943
2768
2533
2328
2123
1941
1758
1465
1186
1000
751
531
347
104
45
-29
-220
-371
-536
-614
-585
-727
-907
-1001
-1098
-1135
-1244
-1375
-1408
-1413
-1441
-1489
-1500
-1448
-1322
-1162
-1049
-898
-745
-536
-288
-109
90
296
480
653
742
801
938
1016
1053
1027
948
926
860
743
648
516
395
281
149
45
-56
-183
-296
-362
-462
-579
-675
-781
-866
-956
-1091
-1176
-1276
-1376
-1457
-1593
-1702
-1760
-1808
-1835
-1863
-1899
-1880
-1832
-1796
-1741
-1650
-1562
-1431
-1337
-1239
-1090
-965
-798
-631
-530
-396
-255
-123
40
117
220
368
463
632
779
932
1210
1304
1463
1673
1868
2205
2375
2506
2693
2773
2859
2885
2836
2856
2781
2630
2409
2192
2005
1806
1620
1320
1022
817
561
401
203
-33
-95
-240
-394
-514
-645
-679
-710
-853
-975
-1089
-1158
-1220
-1323
-1406
-1464
-1487
-1543
-1587
-1567
-1504
-1383
-1235
-1111
-921
-754
-554
-305
-92
160
362
546
723
819
913
1014
1074
1092
1025
973
931
866
757
636
549
456
342
196
94
34
-57
-160
-259
-368
-456
-575
-669
-747
-864
-984
-1107
-1213
-1330
-1463
-1562
-1636
-1693
-1768
-1844
-1859
-1856
-1840
-1790
-1737
-1655
-1554
-1485
-1348
-1214
-1093
-926
-791
-658
-533
-407
-253
-93
52
133
242
372
448
612
777
918
1167
1240
1378
1662
1810
2132
2356
2433
2638
2697
2756
2865
2794
2785
2753
2574
2371
2120
1895
1720
1508
1213
893
641
398
208
50
-193
-295
-374
-521
-602
-739
-803
-762
-865
-997
-1108
-1225
-1252
-1327
-1429
-1481
-1528
-1544
-1564
-1575
-1527
-1427
-1274
-1144
-996
-821
-622
-342
-89
143
359
550
758
891
987
1067
1129
1178
1157
1073
999
947
853
751
617
487
392
275
158
71
-38
-125
-202
-304
-376
-478
-576
-646
-741
-852
-969
-1076
-1178
-1256
-1365
-1473
-1528
-1589
-1633
-1677
-1719
-1717
-1670
-1633
-1581
-1489
-1415
-1303
-1173
-1066
-931
-782
-671
-520
-391
-271
-98
7
93
197
275
376
487
633
775
955
1109
1203
1433
1613
1856
2133
2247
2405
2540
2594
2719
2723
2668
2669
2561
2398
2174
1919
1728
1561
1293
944
674
463
254
76
-175
-307
-388
-558
-666
-775
-858
-862
-915
-1026
-1120
-1244
-1286
-1301
-1392
-1461
-1498
-1514
-1507
-1547
-1533
-1414
-1271
-1143
-1011
-865
-642
-393
-182
84
310
507
712
845
960
1074
1132
1186
1191
1111
1011
953
847
754
655
492
394
277
135
72
-19
-118
-147
-278
-361
-415
-521
-549
-624
-753
-843
-968
-1062
-1123
-1225
-1323
-1386
-1446
-1528
-1557
-1601
-1592
-1542
-1550
-1501
-1427
-1380
-1225
-1105
-997
-865
-763
-598
-452
-340
-229
-100
28
140
197
283
385
480
529
647
770
922
1099
1149
1348
1532
1707
1985
2107
2226
2401
2445
2552
2558
2468
2470
2389
2213
2002
1756
1530
1348
1096
773
520
316
82
-74
-282
-436
-457
-577
-679
-736
-837
-800
-801
-913
-983
-1092
-1148
-1163
-1252
-1338
-1386
-1427
-1442
-1483
-1486
-1415
-1278
-1138
-1020
-850
-657
-408
-165
40
261
455
642
794
884
986
1041
1065
1068
978
899
831
720
638
510
361
263
148
50
-24
-119
-180
-214
-291
-358
-410
-462
-475
-545
-667
-749
-831
-900
-982
-1100
-1198
-1264
-1362
-1446
-1491
-1552
-1563
-1546
-1533
-1481
-1435
-1357
-1220
-1098
-996
-884
-729
-550
-411
-313
-192
-46
68
147
221
310
420
491
550
695
798
963
1134
1218
1446
1623
1837
2132
2266
2419
2591
2659
2774
2786
2706
2714
2617
2414
2173
1900
1670
1480
1196
869
600
365
142
-30
-242
-357
-368
-470
-569
-663
-739
-684
-687
-815
-903
-1022
-1087
-1153
-1281
-1366
-1429
-1489
-1536
-1587
-1572
-1507
-1370
-1223
-1118
-945
-773
-525
-243
-30
177
372
522
655
732
781
864
874
810
713
613
508
408
284
158
55
-57
-172
-239
-303
-356
-366
-422
-455
-485
-552
-561
-599
-684
-757
-863
-932
-1009
-1134
-1242
-1334
-1408
-1488
-1581
-1628
-1643
-1626
-1606
-1579
-1493
-1400
-1269
-1126
-991
-832
-667
-493
-329
-194
-93
45
182
261
341
381
462
560
583
596
718
845
1012
1183
1240
1478
1705
1920
2213
2362
2529
2735
2810
2908
2934
2861
2869
2786
2584
2326
2050
1825
1620
1346
1009
743
540
287
123
-55
-165
-175
-298
-371
-423
-515
-496
-495
-604
-686
-829
-924
-975
-1118
-1245
-1331
-1414
-1488
-1586
-1633
-1581
-1487
-1400
-1305
-1171
-1016
-809
-574
-363
-131
82
226
419
481
542
662
673
709
632
499
440
305
171
46
-121
-237
-361
-491
-584
-631
-654
-676
-703
-743
-785
-780
-789
-819
-866
-946
-987
-1087
-1205
-1294
-1386
-1466
-1549
-1667
-1740
-1769
-1772
-1725
-1669
-1586
-1464
-1316
-1154
-975
-771
-543
-354
-171
-44
84
256
347
461
527
535
628
659
689
819
903
1066
1283
1346
1536
1789
2034
2399
2609
2770
3013
3152
3261
3323
3276
3262
3194
2984
2705
2436
2172
1928
1664
1293
945
682
398
212
29
-162
-211
-314
-407
-473
-567
-567
-552
-633
-750
-892
-992
-1053
-1185
-1340
-1464
-1550
-1634
-1752
-1808
-1761
-1653
-1538
-1454
-1296
-1115
-885
-626
-391
-145
48
205
379
478
537
590
602
586
469
308
207
107
-19
-175
-342
-444
-550
-658
-725
-731
-727
-728
-760
-766
-750
-767
-769
-787
-830
-909
-994
-1074
-1149
-1280
-1393
-1467
-1553
-1632
-1721
-1743
-1699
-1667
-1621
-1532
-1415
-1253
-1093
-919
-712
-539
-344
-137
0
149
257
353
480
504
520
554
565
632
626
611
761
857
1039
1211
1300
1569
1798
2097
2424
2603
2852
3071
3173
3280
3255
3234
3246
3122
2897
2592
2312
2067
1802
1533
1176
894
670
402
276
97
15
31
-64
-99
-175
-240
-180
-212
-327
-472
-627
-732
-879
-1043
-1216
-1360
-1501
-1685
-1791
-1838
-1821
-1690
-1633
-1507
-1365
-1251
-959
-730
-497
-286
-188
-17
71
107
176
171
168
79
-82
-197
-313
-394
-487
-591
-683
-791
-815
-811
-790
-728
-727
-685
-645
-658
-623
-608
-602
-602
-727
-826
-896
-988
-1069
-1198
-1305
-1389
-1487
-1566
-1584
-1554
-1517
-1467
-1385
-1290
-1135
-981
-791
-586
-459
-301
-151
-22
134
217
266
355
371
398
419
435
512
559
564
675
782
983
1222
1342
1618
1874
2169
2494
2688
2915
3151
3250
3345
3321
3255
3234
3077
2870
2577
2268
1998
1744
1480
1147
856
632
407
265
70
-35
-35
-87
-154
-246
-296
-275
-313
-439
-572
-726
-861
-1034
-1236
-1394
-1551
-1687
-1800
-1890
-1913
-1892
-1798
-1643
-1536
-1393
-1148
-921
-649
-424
-247
-46
90
180
255
282
279
250
154
46
-47
-154
-270
-350
-456
-551
-589
-646
-659
-641
-649
-592
-593
-598
-554
-550
-526
-576
-639
-669
-742
-843
-961
-1072
-1146
-1263
-1364
-1422
-1466
-1475
-1474
-1431
-1353
-1263
-1130
-960
-801
-635
-487
-321
-164
-44
78
164
250
322
334
356
381
386
387
383
408
452
517
637
789
992
1156
1346
1630
1889
2191
2440
2627
2841
2963
3022
3054
3002
2955
2848
2638
2397
2116
1850
1607
1365
1096
819
594
419
285
176
74
50
55
6
-39
-78
-119
-122
-217
-364
-521
-708
-861
-1029
-1220
-1398
-1543
-1651
-1760
-1813
-1795
-1789
-1624
-1540
-1404
-1172
-1020
-718
-505
-372
-158
-55
56
152
101
121
78
-24
-121
-241
-337
-426
-504
-582
-663
-689
-729
-685
-606
-615
-541
-505
-443
-375
-392
-363
-348
-396
-451
-552
-623
-706
-826
-926
-1032
-1134
-1214
-1271
-1254
-1230
-1216
-1140
-1060
-941
-807
-654
-477
-307
-193
-61
60
173
252
297
333
335
312
290
270
258
256
247
289
307
405
540
726
937
1115
1328
1597
1864
2106
2320
2508
2666
2744
2771
2751
2697
2608
2463
2246
2002
1722
1487
1271
1039
801
573
405
277
162
76
42
48
41
-13
-44
-85
-92
-134
-268
-405
-574
-735
-893
-1088
-1219
-1365
-1497
-1588
-1687
-1682
-1618
-1568
-1422
-1300
-1167
-944
-779
-550
-352
-241
-98
-14
31
72
25
0
-48
-154
-271
-376
-436
-503
-555
-624
-669
-646
-637
-587
-508
-470
-381
-340
-312
-246
-232
-222
-236
-305
-354
-442
-538
-600
-691
-764
-853
-946
-977
-992
-994
-971
-927
-841
-786
-685
-553
-411
-270
-197
-97
7
50
93
105
120
137
70
40
28
12
11
-14
28
75
148
264
418
628
808
1023
1264
1525
1781
2012
2216
2403
2491
2548
2576
2543
2487
2355
2190
2014
1784
1541
1342
1150
966
766
591
449
367
279
237
221
195
177
125
69
27
-46
-169
-298
-483
-678
-871
-1043
-1204
-1364
-1522
-1599
-1671
-1695
-1680
-1633
-1473
-1340
-1188
-1015
-846
-628
-431
-295
-155
-84
-9
38
19
-24
-81
-133
-204
-304
-396
-452
-472
-496
-528
-509
-490
-419
-356
-308
-238
-172
-110
-64
-57
-74
-98
-148
-226
-329
-452
-538
-628
-750
-847
-943
-979
-1001
-1024
-1010
-984
-919
-830
-742
-618
-496
-385
-262
-178
-102
-33
26
87
105
94
84
76
86
70
64
76
106
177
234
367
528
719
915
1102
1309
1532
1784
2004
2192
2339
2427
2479
2507
2484
2420
2313
2174
2003
1776
1528
1340
1156
980
791
606
467
368
288
219
196
162
130
76
7
-68
-139
-241
-370
-538
-746
-931
-1098
-1262
-1405
-1537
-1653
-1710
-1751
-1754
-1682
-1587
-1434
-1258
-1124
-920
-729
-530
-329
-209
-105
-37
-23
-28
-62
-122
-176
-252
-350
-436
-508
-565
-597
-619
-625
-607
-569
-514
-432
-378
-308
-243
-207
-177
-213
-239
-258
-342
-428
-527
-641
-721
-815
-892
-958
-1009
-1014
-1003
-979
-933
-856
-742
-626
-497
-384
-266
-124
-40
36
87
125
178
168
163
172
130
131
124
118
178
187
265
405
508
695
860
1079
1334
1511
1765
1998
2209
2392
2484
2586
2656
2628
2609
2510
2405
2265
2034
1831
1603
1402
1213
999
834
664
512
434
327
276
209
163
135
57
-20
-99
-172
-275
-431
-605
-765
-942
-1106
-1275
-1409
-1520
-1598
-1647
-1686
-1631
-1571
-1477
-1331
-1217
-1065
-919
-792
-625
-515
-414
-332
-307
-294
-323
-377
-430
-493
-568
-653
-713
-755
-791
-793
-785
-731
-673
-630
-555
-487
-408
-335
-284
-226
-201
-212
-238
-275
-323
-392
-469
-544
-635
-721
-790
-850
-864
-868
-872
-843
-798
-715
-622
-528
-421
-297
-188
-106
-10
57
124
191
213
219
211
196
200
192
167
165
156
200
245
321
426
589
790
946
1169
1372
1615
1888
2072
2264
2420
2501
2620
2631
2604
2572
2449
2336
2147
1909
1716
1516
1332
1131
919
764
615
530
431
364
319
256
224
145
61
-5
-101
-193
-340
-542
-685
-846
-1005
-1144
-1294
-1406
-1488
-1589
-1613
-1600
-1560
-1454
-1378
-1263
-1128
-1022
-889
-755
-655
-580
-531
-510
-503
-494
-529
-545
-578
-653
-691
-729
-758
-752
-759
-751
-700
-676
-622
-565
-501
-426
-383
-358
-339
-327
-331
-352
-394
-440
-499
-571
-638
-708
-770
-813
-865
-892
-891
-888
-855
-800
-736
-645
-563
-473
-356
-264
-168
-75
0
82
138
175
208
225
244
240
250
256
261
296
318
391
493
577
774
931
1093
1340
1505
1773
2017
2187
2399
2517
2615
2719
2700
2685
2624
2503
2381
2180
1964
1756
1576
1391
1176
986
820
684
584
453
393
328
250
207
130
48
-12
-112
-226
-361
-559
-711
-868
-1029
-1180
-1341
-1462
-1535
-1613
-1650
-1638
-1595
-1513
-1443
-1363
-1246
-1135
-1001
-880
-803
-722
-670
-630
-598
-606
-626
-650
-672
-713
-763
-792
-801
-784
-790
-803
-772
-742
-693
-635
-617
-551
-498
-483
-439
-438
-437
-417
-462
-489
-526
-605
-633
-682
-734
-765
-796
-800
-795
-775
-748
-693
-610
-537
-442
-346
-258
-145
-54
30
125
178
252
314
323
376
386
400
441
411
440
472
479
587
638
751
927
1007
1216
1386
1553
1812
1952
2140
2299
2356
2483
2518
2506
2504
2401
2304
2153
1959
1779
1576
1388
1181
984
805
625
507
394
285
228
133
84
41
-43
-80
-154
-243
-326
-461
-588
-694
-835
-953
-1081
-1207
-1281
-1373
-1408
-1423
-1424
-1373
-1329
-1261
-1172
-1081
-966
-863
-776
-695
-625
-570
-534
-506
-510
-513
-522
-562
-587
-625
-665
-677
-705
-718
-715
-706
-674
-647
-617
-572
-538
-513
-472
-454
-441
-422
-436
-452
-467
-511
-538
-573
-617
-643
-680
-701
-712
-722
-701
-666
-624
-550
-488
-411
-320
-238
-138
-57
32
123
189
267
310
341
383
409
434
432
425
456
455
506
549
601
739
813
966
1124
1257
1491
1642
1787
1969
2043
2163
2233
2223
2253
2183
2101
1996
1826
1669
1490
1306
1113
925
747
570
448
319
213
161
83
44
12
-51
-82
-113
-178
-250
-340
-456
-533
-633
-765
-852
-964
-1058
-1130
-1217
-1231
-1252
-1273
-1235
-1206
-1133
-1046
-974
-848
-740
-660
-582
-518
-444
-411
-401
-392
-399
-398
-428
-451
-465
-502
-522
-561
-577
-586
-612
-601
-586
-579
-554
-541
-508
-452
-451
-417
-390
-396
-369
-400
-421
-431
-486
-512
-552
-588
-601
-630
-635
-630
-617
-583
-540
-471
-407
-336
-241
-160
-54
34
101
189
246
287
321
342
369
377
371
383
381
426
460
515
621
691
829
970
1098
1295
1446
1603
1777
1876
1986
2057
2076
2096
2051
1973
1879
1728
1574
1412
1223
1039
846
672
497
348
215
102
34
-30
-65
-98
-127
-142
-171
-203
-254
-318
-388
-490
-577
-689
-795
-870
-973
-1046
-1105
-1158
-1165
-1160
-1148
-1098
-1037
-963
-876
-786
-700
-596
-483
-414
-332
-277
-256
-202
-211
-223
-213
-258
-274
-304
-351
-363
-388
-398
-401
-413
-402
-385
-354
-341
-335
-304
-294
-288
-276
-291
-292
-309
-357
-390
-447
-493
-536
-591
-631
-674
-702
-716
-709
-684
-661
-607
-539
-470
-388
-319
-218
-116
-26
59
131
209
268
312
350
370
392
412
413
446
482
501
596
649
729
867
958
1119
1262
1359
1516
1612
1700
1794
1802
1838
1839
1779
1719
1604
1470
1338
1164
987
795
631
473
322
200
65
-3
-70
-140
-171
-212
-234
-247
-289
-320
-361
-408
-468
-538
-620
-697
-763
-833
-900
-957
-989
-1017
-1028
-1021
-1004
-956
-888
-821
-731
-637
-543
-425
-333
-258
-183
-142
-89
-62
-69
-62
-78
-94
-123
-160
-185
-209
-233
-269
-288
-294
-313
-305
-305
-301
-279
-276
-264
-243
-245
-249
-249
-269
-300
-336
-389
-439
-481
-537
-586
-621
-657
-674
-669
-667
-638
-598
-555
-485
-420
-344
-251
-169
-77
9
90
172
237
282
317
350
377
404
419
449
473
529
585
633
739
829
940
1071
1162
1285
1403
1481
1579
1625
1648
1676
1640
1585
1517
1399
1288
1151
978
814
646
484
330
186
56
-41
-117
-189
-229
-261
-290
-296
-320
-337
-353
-382
-401
-445
-495
-544
-607
-667
-725
-792
-837
-881
-917
-915
-919
-894
-841
-799
-712
-639
-568
-452
-366
-283
-196
-141
-79
-39
-20
1
4
-19
-45
-70
-105
-138
-176
-215
-240
-262
-289
-291
-291
-296
-280
-277
-267
-254
-248
-235
-231
-249
-258
-274
-296
-325
-373
-404
-449
-502
-540
-580
-591
-595
-601
-572
-549
-499
-430
-370
-284
-202
-123
-26
49
126
206
261
321
354
375
418
438
462
488
507
558
588
646
719
793
897
982
1063
1176
1254
1336
1403
1423
1471
1459
1430
1387
1300
1215
1102
961
822
660
512
366
224
103
-18
-104
-176
-234
-276
-306
-320
-322
-338
-350
-355
-363
-375
-414
-459
-491
-538
-590
-647
-704
-745
-780
-813
-826
-820
-800
-768
-724
-666
-607
-525
-450
-377
-296
-233
-170
-113
-79
-45
-28
-26
-23
-43
-74
-106
-134
-167
-196
-221
-249
-254
-252
-249
-237
-223
-210
-189
-175
-161
-141
-139
-147
-159
-183
-211
-246
-287
-326
-365
-413
-455
-483
-490
-498
-498
-481
-445
-398
-351
-281
-206
-124
-48
25
95
158
216
260
302
328
338
354
367
382
398
408
453
489
522
584
652
743
825
886
976
1057
1125
1189
1221
1256
1264
1242
1205
1143
1061
967
854
735
605
477
365
255
156
62
-9
-62
-105
-153
-178
-194
-200
-213
-238
-252
-270
-297
-339
-386
-435
-489
-537
-587
-643
-681
-728
-747
-759
-768
-754
-735
-694
-649
-603
-542
-477
-410
-356
-308
-260
-214
-180
-163
-152
-147
-144
-153
-163
-183
-197
-207
-222
-233
-241
-238
-231
-223
-210
-198
-187
-167
-154
-149
-138
-141
-141
-142
-174
-187
-212
-243
-266
-300
-326
-335
-349
-366
-362
-355
-328
-294
-255
-205
-143
-86
-24
46
117
177
238
292
323
364
384
401
422
423
427
434
444
460
480
501
528
581
626
681
754
810
879
937
969
1011
1032
1032
1025
994
949
887
810
718
632
528
418
319
221
129
45
-30
-87
-130
-168
-200
-216
-226
-235
-248
-261
-271
-287
-313
-337
-366
-404
-443
-482
-519
-549
-581
-599
-604
-614
-612
-600
-581
-542
-512
-481
-428
-390
-344
-302
-269
-229
-199
-181
-167
-167
-170
-175
-187
-200
-220
-239
-251
-257
-272
-277
-277
-271
-267
-262
-247
-225
-208
-194
-174
-161
-149
-146
-155
-156
-168
-188
-201
-231
-243
-252
-265
-262
-263
-248
-226
-197
-154
-111
-55
0
60
123
172
231
284
329
360
374
398
410
402
397
384
386
383
366
375
391
399
421
452
492
545
586
641
691
733
771
798
824
832
814
792
764
716
658
585
520
447
368
292
214
155
102
45
9
-25
-45
-55
-71
-68
-78
-83
-93
-114
-121
-150
-182
-210
-259
-304
-354
-397
-433
-475
-512
-545
-565
-574
-580
-576
-564
-541
-520
-500
-467
-440
-411
-384
-373
-358
-344
-340
-336
-337
-348
-358
-362
-375
-382
-387
-387
-373
-369
-358
-339
-316
-279
-247
-216
-180
-151
-115
-82
-64
-47
-33
-27
-29
-33
-32
-39
-45
-53
-59
-58
-58
-45
-34
-12
15
44
92
127
168
221
263
299
331
350
374
393
396
393
390
381
371
358
352
348
341
345
349
362
380
396
425
445
464
484
498
513
515
513
502
491
480
450
425
389
354
328
285
253
227
206
188
169
155
146
141
132
125
118
110
94
72
54
30
-2
-37
-73
-116
-166
-217
-262
-300
-343
-382
-410
-436
-456
-479
-491
-488
-489
-491
-489
-479
-471
-467
-464
-461
-459
-452
-455
-453
-448
-450
-447
-449
-443
-435
-431
-416
-401
-388
-371
-349
-318
-290
-259
-224
-193
-156
-124
-104
-76
-56
-38
-24
-26
-17
-5
-3
0
0
10
27
36
53
77
105
132
149
183
209
226
253
276
291
294
294
301
301
289
280
273
272
265
257
260
264
269
278
288
302
314
333
353
365
382
399
414
421
420
417
418
407
391
375
358
335
311
285
262
244
223
209
198
188
171
161
160
156
147
142
139
128
110
88
64
44
15
-17
-43
-76
-109
-146
-177
-204
-239
-261
-282
-302
-322
-345
-357
-370
-384
-392
-401
-405
-409
-421
-428
-432
-437
-445
-455
-460
-461
-462
-469
-469
-461
-460
-449
-434
-418
-401
-377
-346
-314
-287
-260
-229
-195
-171
-152
-130
-106
-90
-75
-59
-40
-23
-10
5
25
45
60
81
112
131
156
175
197
217
224
240
249
257
261
256
260
260
256
251
244
238
228
221
211
205
201
200
199
200
206
213
221
230
240
244
257
263
276
287
282
282
281
279
272
258
257
250
233
220
210
210
203
201
201
197
198
195
198
201
199
194
186
179
162
134
121
100
70
44
14
-11
-38
-72
-97
-125
-153
-175
-194
-208
-220
-235
-245
-245
-256
-264
-272
-283
-296
-311
-315
-325
-332
-345
-365
-373
-389
-406
-415
-419
-418
-418
-415
-401
-392
-373
-351
-336
-311
-289
-270
-245
-225
-203
-190
-179
-157
-146
-129
-116
-100
-79
-67
-53
-37
-18
10
26
51
81
110
142
167
196
216
235
252
258
270
276
278
275
262
247
229
206
186
166
150
135
126
119
117
120
123
133
145
153
160
174
187
188
193
191
192
198
191
190
187
185
179
171
170
171
175
172
176
189
199
208
217
222
231
224
225
227
218
209
190
175
157
129
97
71
45
14
-18
-43
-59
-77
-105
-125
-138
-155
-174
-191
-205
-214
-224
-244
-253
-266
-282
-293
-305
-308
-316
-327
-327
-329
-332
-336
-330
-321
-311
-305
-296
-278
-264
-249
-236
-219
-198
-188
-177
-162
-153
-142
-136
-131
-118
-112
-108
-94
-84
-70
-54
-40
-18
7
21
39
59
83
105
122
145
163
171
177
182
184
184
185
176
170
167
152
150
137
124
113
101
101
98
95
95
96
104
106
107
113
126
137
133
136
139
140
138
127
122
119
112
107
103
97
95
93
96
100
100
111
121
128
131
130
135
143
140
133
123
119
109
92
74
63
52
37
20
8
6
-1
-13
-33
-48
-54
-57
-55
-60
-71
-77
-100
-109
-119
-126
-126
-146
-159
-181
-198
-204
-219
-227
-239
-247
-249
-245
-240
-236
-230
-222
-207
-195
-181
-167
-153
-142
-138
-135
-130
-121
-119
-115
-109
-102
-101
-98
-89
-74
-61
-48
-30
-15
0
10
34
61
83
102
118
142
161
176
185
194
202
203
200
195
188
181
164
142
125
107
89
72
58
50
41
33
30
26
22
18
18
22
20
13
11
16
18
15
17
20
26
27
26
35
44
50
56
65
76
86
92
99
104
112
122
129
128
127
125
122
116
99
86
75
60
41
21
4
-7
-31
-51
-64
-76
-84
-96
-99
-106
-118
-125
-123
-125
-135
-141
-138
-136
-142
-148
-143
-135
-141
-145
-141
-133
-126
-128
-122
-111
-107
-108
-97
-84
-80
-78
-76
-65
-58
-59
-53
-44
-39
-36
-34
-29
-26
-24
-21
-14
-10
-4
7
18
31
41
51
68
83
96
111
123
137
145
150
156
155
153
147
134
125
119
104
94
82
72
68
57
53
47
42
41
36
32
26
21
21
15
8
-4
-6
-11
-18
-20
-27
-32
-40
-46
-41
-41
-42
-39
-38
-31
-20
-13
-3
6
14
28
39
48
55
63
76
83
84
81
81
78
70
62
46
33
15
-3
-16
-31
-43
-58
-69
-83
-94
-96
-102
-105
-111
-116
-113
-115
-113
-111
-113
-113
-117
-118
-119
-120
-115
-111
-108
-103
-90
-81
-71
-65
-54
-42
-34
-24
-14
2
6
6
15
17
21
24
22
26
25
29
36
44
49
49
55
60
66
71
81
98
108
108
108
116
125
124
120
120
114
107
94
91
83
74
65
52
48
35
25
20
10
0
-9
-17
-20
-23
-28
-28
-31
-35
-41
-48
-50
-50
-45
-39
-38
-38
-36
-40
-39
-33
-27
-22
-20
-15
-5
6
11
20
33
42
50
55
61
71
74
69
67
62
57
51
42
38
31
19
7
-4
-19
-29
-38
-45
-50
-59
-72
-80
-88
-100
-103
-108
-106
-108
-110
-108
-110
-106
-102
-101
-97
-89
-81
-77
-72
-62
-49
-44
-39
-27
-18
-14
-9
0
10
11
13
20
29
35
38
38
43
49
48
50
57
57
57
59
65
64
57
54
55
53
52
52
53
55
55
49
51
55
53
50
46
44
40
34
32
29
27
19
16
12
5
4
1
-1
-3
-2
-11
-17
-7
-11
-17
-17
-14
-12
-13
-8
-4
-1
4
6
10
13
12
17
21
24
24
25
33
35
33
37
42
44
41
36
32
32
28
20
12
5
-2
-12
-17
-28
-38
-40
-49
-55
-58
-64
-70
-75
-81
-88
-90
-97
-100
-93
-95
-91
-83
-78
-73
-73
-69
-55
-48
-49
-45
-36
-39
-38
-35
-32
-24
-27
-22
-14
-14
-10
-2
8
9
10
12
18
24
25
31
36
36
41
44
52
57
56
55
54
53
49
56
55
56
60
60
67
65
63
64
69
70
73
77
76
74
72
66
61
56
50
43
32
23
21
16
10
5
-4
-14
-17
-19
-24
-28
-36
-39
-37
-36
-37
-33
-31
-31
-27
-26
-19
-19
-20
-14
-12
-13
-13
-11
-8
-6
-4
-1
1
2
1
-1
-1
-3
-10
-17
-22
-21
-26
-33
-39
-42
-46
-49
-55
-60
-61
-61
-66
-65
-65
-68
-64
-59
-53
-51
-44
-38
-34
-24
-17
-10
-3
-1
-2
1
5
12
17
20
18
22
28
29
36
37
37
40
41
40
44
48
49
44
43
46
37
28
23
21
20
13
9
4
0
1
-4
-6
-5
-11
-8
-2
6
10
10
20
29
31
34
42
46
47
45
44
46
47
44
42
47
48
41
36
37
34
33
28
27
26
22
19
18
18
11
2
-2
-10
-18
-24
-31
-34
-41
-51
-53
-50
-52
-56
-56
-53
-53
-54
-53
-49
-44
-45
-45
-43
-44
-43
-40
-37
-33
-39
-36
-36
-36
-33
-36
-37
-33
-32
-30
-25
-21
-18
-14
-11
-8
-8
-8
-4
-5
-7
-6
-8
-8
-5
-5
-6
-9
-9
-8
-5
-6
0
5
4
9
11
13
20
25
28
34
42
45
45
52
53
50
51
47
47
47
46
46
40
37
34
31
31
30
24
23
25
30
31
32
37
37
40
35
30
32
28
22
17
16
16
15
9
9
11
7
5
6
5
6
4
9
13
14
15
12
13
14
8
1
2
-1
-7
-13
-13
-16
-23
-27
-29
-31
-35
-41
-46
-44
-44
-48
-50
-52
-52
-55
-56
-53
-51
-53
-55
-54
-54
-54
-54
-56
-57
-57
-57
-53
-51
-50
-46
-44
-37
-33
-35
-30
-27
-25
-19
-15
-10
-5
-1
3
9
10
12
14
12
14
16
16
18
18
17
19
24
24
24
22
25
26
27
28
32
32
31
33
36
37
37
35
34
37
36
38
38
40
39
40
44
43
46
48
48
50
52
52
53
54
54
53
51
49
51
49
42
41
39
37
35
30
27
25
20
18
19
17
14
12
11
11
7
5
5
5
1
-5
-8
-12
-18
-22
-29
-33
-41
-48
-47
-54
-59
-61
-63
-65
-69
-72
-70
-69
-74
-73
-73
-69
-69
-67
-65
-64
-66
-69
-70
-71
-72
-71
-75
-74
-72
-71
-65
-62
-58
-52
-47
-43
-32
-24
-15
-4
1
7
13
19
25
31
36
39
45
44
44
48
48
46
48
45
43
43
45
47
50
48
46
46
45
42
38
35
32
29
26
25
25
21
18
19
15
13
13
8
9
7
9
13
16
19
18
21
27
26
30
37
41
41
42
45
46
48
51
49
51
51
47
49
51
51
52
54
52
48
48
48
48
46
42
38
36
29
19
15
2
-9
-18
-29
-37
-48
-57
-64
-72
-77
-83
-87
-89
-95
-94
-91
-91
-91
-89
-86
-80
-79
-77
-74
-73
-71
-71
-70
-66
-65
-64
-62
-57
-53
-52
-49
-45
-38
-33
-28
-18
-9
-6
-2
2
8
12
16
18
21
20
20
20
21
25
25
24
25
26
24
24
27
30
31
31
29
31
31
28
29
32
34
33
30
30
29
25
20
20
18
17
12
10
12
12
12
11
13
12
10
12
17
21
23
26
30
32
36
39
41
45
47
48
52
53
56
62
62
56
58
58
55
54
53
55
56
52
50
50
47
37
30
29
22
12
3
0
-6
-19
-29
-35
-36
-46
-59
-64
-64
-72
-79
-81
-79
-80
-86
-90
-87
-88
-96
-95
-90
-92
-94
-90
-84
-78
-76
-74
-65
-54
-55
-51
-43
-31
-24
-24
-18
-8
-2
-4
-1
6
11
10
11
22
25
26
25
27
28
24
21
22
21
16
9
7
8
2
1
2
2
3
2
3
8
10
8
8
15
21
23
25
29
32
31
32
37
42
40
45
48
47
47
45
49
50
51
53
53
54
53
54
58
56
53
56
56
52
51
47
45
41
37
35
31
30
30
27
22
16
14
10
5
3
-1
-3
-9
-18
-23
-28
-33
-38
-45
-49
-53
-56
-60
-64
-67
-70
-71
-70
-69
-72
-71
-76
-77
-76
-80
-79
-79
-74
-73
-71
-65
-60
-56
-56
-49
-40
-36
-31
-24
-15
-6
-1
5
12
20
26
33
39
43
45
48
53
53
55
55
56
54
47
41
36
35
30
26
23
21
18
11
8
4
2
0
-5
-5
-5
-8
-11
-11
-11
-15
-19
-20
-23
-25
-26
-26
-25
-26
-24
-18
-13
-10
-6
3
8
14
23
31
38
45
51
62
65
63
64
68
73
69
66
69
69
66
64
61
61
59
53
49
49
47
45
38
35
29
20
13
5
-3
-13
-23
-31
-37
-42
-49
-55
-58
-62
-68
-74
-74
-74
-79
-82
-81
-78
-78
-80
-82
-81
-80
-80
-78
-75
-70
-70
-69
-63
-57
-54
-48
-40
-33
-29
-22
-15
-6
2
8
18
26
29
30
33
37
38
36
36
38
39
36
36
35
34
33
32
34
37
38
39
38
37
34
33
34
33
29
27
26
24
19
13
10
7
5
1
0
-5
-6
-5
-6
-5
-2
2
6
11
13
15
17
17
17
21
27
30
30
29
31
32
33
31
30
32
31
33
31
29
27
24
25
25
22
19
19
17
11
4
4
3
-4
-10
-12
-15
-22
-29
-30
-31
-37
-43
-47
-46
-47
-51
-52
-51
-53
-55
-54
-54
-56
-59
-59
-57
-54
-58
-58
-56
-53
-55
-54
-49
-45
-44
-40
-35
-31
-26
-22
-16
-9
-2
4
10
12
17
23
27
30
32
35
39
39
39
38
36
37
36
34
33
32
33
34
35
32
31
30
30
28
28
27
25
20
12
9
8
5
1
-3
-7
-10
-14
-15
-15
-17
-15
-17
-17
-13
-9
-7
-5
1
6
8
12
19
24
27
31
36
42
43
44
45
48
51
52
52
56
55
53
55
55
55
52
46
44
43
37
35
31
28
22
15
9
5
-2
-11
-20
-24
-27
-36
-41
-50
-52
-55
-64
-69
-75
-81
-85
-91
-96
-95
-96
-96
-98
-98
-96
-97
-95
-92
-87
-82
-78
-76
-68
-62
-60
-54
-45
-38
-34
-28
-16
-3
6
8
16
29
34
35
41
52
57
60
63
71
76
76
78
82
83
83
86
89
89
82
77
80
78
66
57
52
48
38
27
22
17
5
-5
-11
-15
-22
-27
-30
-33
-35
-39
-39
-32
-31
-36
-35
-33
-30
-27
-28
-22
-15
-15
-13
-6
0
-4
-1
5
10
15
18
25
33
37
39
45
53
52
50
55
61
58
53
54
54
52
44
38
38
34
27
20
16
13
6
0
-2
-7
-15
-22
-25
-29
-37
-45
-49
-50
-55
-62
-67
-68
-71
-74
-75
-78
-76
-79
-82
-79
-79
-78
-75
-75
-72
-69
-66
-60
-56
-54
-50
-44
-39
-35
-29
-23
-18
-12
-6
-1
8
15
19
27
32
37
42
46
50
52
53
54
53
57
55
55
58
57
55
55
53
50
46
43
42
39
37
36
35
30
26
27
25
21
17
15
16
14
14
14
11
8
7
3
2
3
0
1
2
3
8
9
12
14
15
17
18
20
20
21
27
28
26
29
31
29
25
26
27
23
21
20
19
17
12
8
6
1
-7
-14
-20
-25
-33
-37
-42
-49
-56
-61
-62
-64
-66
-70
-72
-71
-68
-69
-70
-66
-66
-64
-62
-60
-58
-57
-55
-53
-51
-49
-46
-45
-42
-42
-37
-31
-26
-20
-16
-12
-6
2
7
13
20
24
25
25
31
34
35
35
35
39
41
44
46
50
52
49
48
52
52
51
49
49
48
46
40
37
37
31
29
26
27
22
17
18
19
18
15
15
15
13
10
8
9
8
8
5
5
1
-2
-2
-2
-2
-2
-4
-4
-1
-3
-2
2
0
1
2
2
9
9
11
13
13
15
13
12
11
9
5
5
3
1
1
0
1
0
-2
-2
-3
-8
-9
-12
-15
-16
-20
-21
-22
-23
-25
-25
-26
-30
-34
-39
-42
-44
-47
-49
-48
-51
-51
-51
-52
-53
-57
-55
-50
-50
-51
-50
-45
-41
-38
-32
-26
-22
-20
-17
-12
-6
-4
-2
4
8
5
10
17
18
18
20
25
26
28
28
32
36
35
37
40
44
45
45
45
46
45
43
45
48
44
45
46
45
44
43
43
44
40
34
34
32
29
26
23
20
18
18
15
16
17
16
20
19
16
15
13
11
10
7
3
0
0
-1
-1
-4
-5
-3
-5
-9
-9
-11
-11
-12
-12
-12
-12
-13
-19
-20
-20
-23
-27
-27
-29
-30
-31
-35
-35
-33
-33
-37
-40
-41
-40
-40
-40
-41
-42
-41
-41
-40
-39
-38
-40
-42
-42
-42
-46
-45
-44
-40
-41
-41
-36
-34
-31
-29
-24
-18
-16
-12
-11
-8
-2
-1
1
5
6
9
12
17
16
17
19
20
23
22
25
32
37
39
41
43
42
43
46
48
47
44
45
50
47
45
47
52
52
50
51
53
53
48
46
46
41
35
34
34
34
29
29
30
31
27
26
29
27
23
18
16
18
12
7
7
7
4
0
1
1
-1
-4
-8
-11
-13
-19
-23
-25
-27
-33
-35
-33
-32
-33
-34
-32
-30
-33
-36
-34
-34
-38
-41
-39
-39
-41
-46
-45
-38
-38
-39
-38
-35
-36
-39
-41
-41
-46
-51
-52
-49
-53
-56
-54
-51
-47
-47
-45
-37
-33
-33
-31
-24
-20
-16
-13
-8
-6
-8
-7
-4
-5
-6
-4
2
8
9
13
17
22
25
27
30
35
37
38
39
41
41
42
46
49
50
50
52
56
57
54
50
53
57
55
52
52
53
52
46
46
48
46
42
39
41
38
35
32
32
32
28
28
27
28
27
23
24
25
21
19
19
16
13
7
8
6
-2
-4
-4
-6
-7
-8
-8
-10
-16
-16
-16
-19
-19
-19
-19
-19
-22
-29
-30
-33
-40
-42
-42
-43
-44
-47
-49
-50
-54
-56
-59
-60
-62
-66
-68
-68
-69
-69
-70
-72
-71
-70
-70
-68
-66
-63
-60
-58
-54
-50
-47
-45
-42
-40
-37
-32
-30
-25
-18
-14
-9
-3
4
10
12
16
22
26
30
36
39
44
45
47
52
53
56
54
56
61
61
60
62
63
65
64
60
60
62
64
62
62
60
59
57
55
52
50
48
45
45
43
38
37
35
36
35
33
34
34
33
30
26
28
28
26
24
20
20
17
13
8
7
4
2
-2
-2
-1
-4
-3
-3
-5
-9
-11
-13
-15
-16
-19
-18
-21
-26
-29
-31
-35
-41
-44
-45
-46
-50
-52
-51
-53
-56
-57
-57
-55
-59
-59
-58
-59
-60
-60
-61
-62
-65
-67
-67
-67
-68
-67
-63
-60
-54
-50
-44
-40
-36
-35
-34
-29
-28
-26
-20
-19
-13
-9
-6
-3
1
4
6
8
12
12
18
23
23
28
30
32
32
30
32
36
37
41
43
45
49
49
49
48
47
44
43
42
40
40
40
44
44
45
46
49
50
46
44
47
47
45
42
43
43
38
38
38
36
35
35
36
38
38
38
39
39
33
29
29
27
22
17
18
19
17
15
12
12
9
3
-3
-3
-8
-12
-15
-17
-22
-26
-30
-32
-34
-35
-38
-40
-39
-42
-46
-46
-47
-50
-51
-52
-53
-53
-52
-52
-52
-50
-50
-48
-48
-47
-46
-47
-48
-49
-49
-51
-50
-51
-49
-45
-46
-44
-42
-37
-35
-33
-30
-25
-23
-21
-18
-17
-12
-12
-11
-8
-5
-2
-1
3
3
3
6
10
13
16
18
19
22
24
26
25
27
29
30
33
33
36
39
39
41
41
40
42
42
44
44
43
44
44
41
41
41
41
36
35
33
36
37
37
38
38
37
34
35
31
31
30
31
31
27
25
27
27
25
21
20
22
17
12
12
12
14
9
6
6
1
-4
-8
-9
-11
-14
-14
-14
-13
-18
-21
-20
-22
-26
-31
-31
-30
-33
-37
-36
-35
-36
-41
-43
-43
-47
-50
-49
-48
-47
-46
-44
-41
-43
-44
-42
-42
-43
-45
-45
-42
-39
-39
-37
-33
-30
-30
-32
-26
-25
-23
-21
-17
-10
-7
-4
-1
0
-1
-4
-3
-1
-1
-2
0
6
8
8
12
16
19
18
16
21
24
23
24
27
28
25
23
22
23
19
18
20
23
24
26
31
33
33
32
31
34
35
33
34
38
41
41
43
44
42
42
42
40
40
