SAMPLES:	22207
BITSPERSAMPLE:	16
CHANNELS:	1
SAMPLERATE:	16000
NORMALIZED:	FALSE
0
0
0
1
0
0
0
0
0
0
0
1
0
0
1
-1
-1
0
0
0
0
0
0
0
0
0
0
0
-1
0
0
0
0
0
0
0
0
1
0
-1
-1
0
0
0
-1
0
0
0
0
0
-1
0
0
0
0
-1
0
0
0
0
0
0
0
0
0
0
0
0
0
0
-1
0
0
0
0
0
0
0
0
0
1
0
-1
0
0
0
0
0
0
0
0
0
0
0
0
0
0
0
0
0
0
0
-1
0
0
0
0
0
0
0
0
0
0
0
0
0
1
0
0
0
0
0
0
0
1
0
0
0
1
1
0
0
0
-1
1
1
0
0
0
0
0
0
0
1
0
0
0
1
0
0
0
0
0
-1
0
0
0
0
0
0
0
0
0
0
-1
-1
-1
0
0
0
0
-1
0
0
0
0
0
0
0
0
0
1
0
1
0
0
0
0
0
0
1
-1
0
1
-1
0
0
0
0
0
0
0
-1
0
0
0
-1
0
-1
0
0
0
0
0
-1
0
0
0
0
0
0
-1
0
0
0
0
0
0
0
0
-1
-1
0
0
0
0
0
1
0
0
1
0
0
-1
0
0
0
0
0
0
0
0
0
1
0
1
0
0
1
-1
1
0
0
0
-1
-1
0
0
0
-1
0
-1
0
0
0
-1
0
0
0
0
1
0
0
0
0
0
0
1
0
1
0
0
0
0
0
0
1
0
0
0
1
1
0
0
0
0
0
0
0
0
-1
1
0
0
0
0
0
0
0
1
0
0
-1
0
0
0
-1
-1
0
0
1
0
-1
0
0
0
0
0
0
-1
-1
0
0
-1
1
0
1
0
0
0
0
0
0
1
0
0
0
0
0
0
0
0
0
1
-1
0
0
0
0
0
0
0
0
0
0
0
0
0
0
0
0
-1
0
0
-1
0
0
-1
0
0
0
0
0
0
0
0
1
0
0
-1
1
0
0
-1
-1
0
0
0
1
-1
0
0
0
-1
1
0
0
0
1
-1
0
0
0
0
0
0
0
0
0
0
0
-1
0
0
0
0
0
0
0
0
0
0
1
-1
0
0
-1
1
0
0
-1
0
0
0
0
0
0
0
0
0
0
0
-1
0
0
0
0
0
0
0
-1
0
0
0
-1
0
0
-1
-1
0
0
0
0
0
1
1
-1
0
-1
0
0
0
0
0
0
0
0
1
0
0
0
0
-1
1
0
0
1
0
0
0
0
0
1
1
0
0
0
0
0
-1
0
-1
1
0
1
0
0
1
0
0
1
0
0
0
1
-1
-1
1
0
0
0
-1
0
0
1
0
0
0
0
0
0
-1
0
0
0
-1
0
0
1
1
-1
0
0
0
0
0
0
0
0
0
-1
1
0
0
1
0
0
0
0
1
-1
0
0
0
0
-1
1
0
0
-1
0
0
0
0
0
-1
0
-1
1
0
0
1
0
0
0
0
0
0
0
0
-1
0
0
0
1
0
1
0
0
0
0
-1
0
0
1
1
0
0
0
-1
-1
0
0
0
-1
0
0
1
0
1
0
0
1
0
0
1
0
0
0
0
0
0
0
0
0
0
0
-1
1
0
0
0
0
0
0
0
0
-1
0
-1
0
-1
0
0
0
0
0
-1
0
0
0
0
0
0
0
0
0
0
0
0
0
-1
1
1
-1
0
0
0
0
0
0
0
0
0
0
0
0
0
-1
0
0
0
0
0
0
0
0
-1
0
0
0
0
-1
0
-1
0
0
0
0
0
-1
0
0
-1
0
1
0
1
0
0
0
0
0
0
1
0
0
0
0
0
1
0
0
0
1
1
0
0
0
0
0
0
0
0
1
0
1
0
0
-1
0
0
0
-1
-1
0
0
0
0
1
0
0
0
0
0
0
0
0
0
0
0
0
0
0
0
0
1
1
1
0
-1
0
0
0
0
0
0
1
-1
-1
0
0
0
0
0
1
0
-1
0
0
0
0
0
0
0
0
-1
0
0
0
0
1
0
0
0
0
0
-1
1
1
0
0
0
0
1
0
0
0
0
0
0
0
0
0
0
0
0
1
0
0
0
0
0
0
1
0
0
0
0
0
0
0
0
0
0
1
0
-1
0
0
0
0
-1
0
0
0
0
0
0
-1
0
0
-1
0
0
0
-1
1
0
0
0
0
0
0
0
0
0
0
0
0
0
-1
0
-1
0
0
0
0
0
0
0
0
0
1
0
0
0
0
0
0
0
0
0
0
0
1
0
0
0
0
0
0
0
0
0
-1
0
0
1
0
0
0
0
0
0
0
1
0
0
0
0
0
0
-1
0
1
0
0
0
0
0
0
0
0
-1
0
0
0
0
0
0
0
0
1
0
-1
0
1
0
0
-1
0
0
0
0
0
0
0
0
0
1
0
0
0
0
0
0
0
0
-1
0
0
0
0
0
0
0
0
0
1
0
0
0
0
0
1
0
0
0
0
1
-1
0
0
0
0
0
0
0
0
0
0
-1
-1
0
0
0
0
0
0
0
0
0
0
-1
0
-1
0
0
0
0
0
0
-1
0
0
0
0
0
0
0
0
0
0
0
0
0
0
0
0
0
1
1
0
-1
0
0
0
0
0
0
0
0
0
0
0
0
0
0
0
0
1
0
0
0
0
0
1
0
0
0
0
0
0
0
-1
-1
0
0
0
0
0
-1
-1
0
0
0
-1
1
0
0
-1
0
0
0
0
0
0
0
0
0
0
0
0
0
0
0
0
1
0
0
-1
0
0
0
0
0
1
1
0
0
-1
-1
0
0
0
0
-1
0
0
0
0
0
1
0
0
1
0
1
0
0
0
0
0
0
-1
0
0
0
0
0
0
1
0
0
0
0
0
0
-1
-1
0
-1
0
0
0
0
0
0
0
0
0
0
0
0
0
0
-1
0
0
0
0
1
0
0
0
0
0
0
0
0
0
0
-1
1
-1
0
0
0
0
0
0
0
0
1
0
1
0
0
0
1
-1
0
0
0
0
0
0
0
0
0
0
-1
0
0
0
0
1
1
0
1
0
0
0
0
0
0
0
0
0
0
-1
-1
-1
-1
0
0
0
0
0
-1
0
0
0
0
0
-1
0
-1
0
1
0
0
1
0
0
-1
0
-1
0
0
0
-1
0
1
-1
0
0
0
0
-1
0
1
0
-1
1
1
0
1
-1
0
0
1
0
0
-1
1
0
0
1
0
0
0
0
1
0
0
0
0
1
0
-1
0
-1
0
1
0
1
-1
0
1
0
0
0
0
0
-1
0
0
0
0
0
0
0
0
0
0
-1
0
1
0
1
0
-1
0
0
1
0
0
0
0
0
0
-1
0
-1
0
0
0
0
0
0
0
1
0
1
0
0
0
0
0
-1
0
0
0
0
0
-1
0
0
0
0
0
0
1
0
0
0
0
1
0
0
0
0
0
0
0
0
0
-1
0
1
0
0
0
0
0
0
0
0
0
0
0
0
0
0
0
-1
1
0
0
0
-1
0
0
0
1
0
0
0
-1
0
0
0
0
1
1
0
1
0
0
-1
0
-1
0
0
0
0
0
0
0
0
0
0
0
0
0
1
0
0
0
0
0
0
0
0
0
0
0
0
0
0
0
0
0
0
1
0
0
0
1
0
0
0
0
0
0
0
0
1
1
0
0
1
0
0
0
0
0
1
0
0
-1
1
0
-1
-1
0
0
0
0
0
1
0
1
0
0
0
1
0
-1
0
-1
0
0
-1
0
0
0
-1
0
0
0
0
0
0
0
0
1
-1
0
0
0
0
-1
0
0
0
0
0
1
0
0
0
0
0
0
0
0
1
1
0
0
0
0
0
0
0
0
0
1
0
-1
0
0
0
0
0
0
0
0
0
0
1
0
1
1
1
0
0
0
0
0
0
0
0
0
0
0
0
-1
0
0
0
-1
0
-1
0
0
0
0
0
0
0
-1
1
0
1
0
0
0
0
1
1
0
-1
0
1
-1
0
0
0
0
0
0
0
0
0
0
0
0
0
1
-1
0
0
0
0
0
0
0
-1
0
-1
0
0
0
0
0
-1
0
1
0
0
0
1
0
0
0
0
0
0
0
0
0
0
0
0
0
0
1
0
1
0
-1
-1
-1
0
0
0
0
0
0
0
-1
0
0
1
-1
0
1
0
0
0
0
0
0
0
-1
0
0
0
0
0
0
0
0
0
0
0
0
0
0
0
0
0
0
0
0
0
0
1
0
1
0
0
0
1
0
0
-1
1
0
-1
0
0
-1
0
0
0
0
-1
0
0
0
0
1
0
0
0
1
0
0
1
-1
0
0
0
0
0
0
-1
0
1
0
0
0
1
-1
0
0
0
-1
0
0
0
-1
0
1
0
-1
0
0
-1
-1
0
0
0
0
-1
-1
-1
0
0
0
0
0
0
0
0
0
1
0
-1
0
1
0
1
0
0
0
-1
0
0
0
0
0
0
-1
1
0
0
0
0
1
0
0
0
-1
0
1
0
0
0
0
0
0
0
0
0
0
-1
1
-1
0
1
0
0
0
0
0
0
0
0
0
0
0
0
0
0
0
1
0
0
0
0
-1
1
0
0
0
0
0
0
0
0
0
0
0
0
-1
0
0
0
-1
0
0
1
1
0
0
0
0
-1
0
1
0
-1
0
0
0
0
-1
0
0
0
0
0
-1
-1
0
0
0
0
1
0
0
0
0
-1
0
0
0
0
0
0
0
0
1
0
-1
0
0
-1
0
0
0
0
0
0
0
0
0
0
0
1
0
0
0
0
-1
-1
0
-1
0
0
0
-1
0
0
0
0
1
1
-1
0
0
-1
-1
0
0
-1
0
0
-1
0
0
-1
1
-1
0
0
-1
0
0
0
0
0
0
0
1
0
0
-1
1
1
0
0
0
0
0
0
0
0
0
1
0
0
0
0
0
0
-1
0
0
-1
0
0
1
0
0
1
0
0
0
1
0
0
0
0
0
0
1
-1
0
0
0
1
0
-1
0
0
0
0
0
-1
0
0
0
0
1
0
0
1
0
0
0
1
0
0
0
0
0
1
0
0
0
0
0
0
0
1
0
0
0
0
-1
0
0
-1
-1
0
-1
0
0
0
1
1
0
0
0
-1
1
0
0
0
0
1
0
1
0
0
1
1
0
0
0
0
0
-1
0
0
0
-1
0
0
1
0
0
0
0
1
0
1
0
0
0
0
-1
0
0
0
0
0
-1
0
0
0
1
1
0
0
-1
0
0
1
0
0
-1
1
0
0
0
0
-1
0
0
0
0
0
0
0
0
0
0
0
1
0
0
0
-1
0
1
0
0
1
-1
0
-1
-1
0
0
0
0
0
0
0
0
-1
0
-1
1
0
1
1
0
0
0
0
0
0
0
0
0
0
0
0
0
0
1
0
-1
0
0
0
0
0
0
0
1
1
0
0
-1
-1
-2
-3
-2
-1
2
4
6
6
5
5
6
9
10
7
4
1
2
2
2
0
-2
-5
-5
-6
-4
-1
0
0
-2
1
2
7
8
6
5
3
1
1
0
-1
-2
-5
-6
-6
-5
-3
-3
-2
-2
-1
-1
-1
-1
-2
-1
-1
-1
1
0
1
3
6
8
8
8
7
7
9
11
13
13
8
3
-2
-4
-8
-20
-41
-61
-67
-57
-38
-22
-7
7
25
51
80
105
114
97
61
26
3
-11
-25
-43
-59
-66
-58
-35
-5
15
15
2
-15
-20
-12
3
14
18
22
29
40
52
58
44
15
-19
-44
-57
-55
-43
-26
-6
14
33
52
65
67
49
19
-18
-61
-103
-117
-99
-81
-98
-139
-155
-118
-59
-31
-43
-51
-35
-11
6
29
69
101
99
70
53
59
59
28
-18
-44
-52
-66
-86
-87
-57
-32
-35
-52
-55
-51
-63
-83
-77
-42
-17
-16
-6
46
122
172
184
179
161
112
43
-5
-24
-59
-140
-232
-270
-250
-210
-182
-177
-194
-232
-267
-239
-142
-30
38
76
137
317
619
886
958
792
520
293
104
-90
-323
-630
-977
-1263
-1341
-1126
-700
-284
-25
122
277
472
638
707
622
371
53
-151
-159
-23
148
212
130
-24
-138
-175
-215
-297
-415
-541
-596
-461
-163
195
486
623
611
486
305
76
-169
-399
-601
-747
-763
-578
-268
141
677
1189
1398
1204
987
1219
1786
2040
1592
824
439
596
743
517
154
-143
-519
-1128
-1613
-1487
-913
-563
-716
-844
-354
613
1369
1641
1721
1753
1527
965
441
294
293
-48
-762
-1345
-1426
-1164
-987
-1041
-1142
-1216
-1307
-1374
-1267
-938
-570
-350
-264
-110
228
661
1011
1109
923
552
178
-66
-251
-499
-774
-1005
-1172
-1260
-1187
-885
-510
-329
-389
-450
-284
10
182
188
285
670
1098
1295
1261
1204
1204
1042
622
95
-382
-800
-1240
-1632
-1746
-1484
-1030
-602
-191
311
876
1301
1418
1313
1099
795
374
-92
-380
-392
-304
-338
-425
-377
-189
-62
-141
-278
-291
-224
-199
-204
-76
223
467
494
430
440
448
295
-104
-529
-802
-917
-908
-874
-720
-395
-29
283
624
1080
1460
1509
1205
1048
1470
1997
2002
1394
849
928
1112
767
51
-485
-813
-1384
-2189
-2553
-2016
-1194
-841
-829
-433
630
1625
1942
1830
1775
1712
1236
443
-74
-38
50
-333
-923
-1115
-795
-521
-704
-1053
-1215
-1312
-1566
-1870
-1841
-1356
-794
-433
-135
359
1014
1540
1725
1642
1396
984
454
-72
-536
-905
-1149
-1271
-1270
-1215
-1039
-702
-364
-234
-332
-398
-239
-8
54
10
155
533
1137
1790
2118
2023
1551
990
578
175
-296
-893
-1665
-2370
-2645
-2348
-1605
-769
-162
296
743
1148
1375
1359
1169
764
102
-548
-768
-588
-345
-201
-116
4
106
74
-38
-155
-313
-521
-720
-705
-326
174
569
841
972
957
762
404
-21
-455
-881
-1239
-1430
-1318
-797
-77
543
1069
1536
1873
1996
1911
2001
2345
2420
1861
994
709
1192
1508
939
-96
-802
-1170
-1747
-2563
-2891
-2385
-1714
-1505
-1390
-509
1127
2456
2771
2506
2355
2262
1780
908
177
-105
-395
-1052
-1691
-1719
-1153
-739
-982
-1536
-1862
-1899
-1920
-2027
-2000
-1621
-1077
-607
-100
611
1483
2131
2220
1838
1293
806
388
-114
-745
-1324
-1664
-1716
-1586
-1390
-1111
-769
-518
-479
-564
-531
-275
-4
74
99
299
952
1879
2432
2403
1943
1471
1194
826
256
-457
-1260
-2030
-2554
-2548
-1931
-1018
-344
27
445
1053
1642
1869
1685
1281
710
9
-533
-674
-501
-308
-339
-462
-367
-79
141
123
-81
-261
-350
-413
-327
-42
324
557
543
428
370
331
105
-306
-755
-1081
-1176
-1114
-848
-360
208
705
1104
1428
1716
1896
1884
1956
2146
2128
1745
1221
1134
1508
1544
798
-286
-1068
-1507
-2031
-2727
-3000
-2574
-1984
-1612
-1223
-276
1156
2213
2419
2141
1945
1870
1548
850
151
-196
-414
-766
-1143
-1211
-871
-664
-1001
-1629
-2050
-2085
-2035
-2121
-2134
-1811
-1237
-633
-37
671
1460
2001
2078
1825
1479
1142
775
300
-281
-861
-1293
-1432
-1288
-1090
-980
-904
-739
-521
-427
-416
-250
143
522
696
842
1214
1721
1976
1798
1480
1261
974
384
-440
-1119
-1449
-1635
-1824
-1840
-1476
-838
-273
82
389
776
1074
1065
785
470
257
65
-175
-317
-250
-65
17
-43
-43
91
199
102
-121
-233
-174
-104
-127
-112
51
255
280
70
-153
-255
-347
-569
-874
-1033
-925
-668
-383
-35
363
859
1395
1755
1920
1863
1915
2344
2721
2583
1837
1152
1123
1306
931
-148
-1196
-1728
-2061
-2573
-2974
-2662
-1808
-1131
-905
-533
527
1834
2522
2345
1927
1713
1508
1031
359
-88
-280
-586
-1076
-1436
-1364
-1041
-988
-1388
-1914
-2180
-2143
-2007
-1910
-1738
-1338
-779
-193
392
979
1560
1984
2003
1626
1112
675
355
-52
-672
-1241
-1492
-1422
-1200
-1011
-808
-527
-311
-275
-306
-189
96
310
289
331
861
1694
2274
2283
1943
1728
1623
1308
678
-170
-1043
-1799
-2381
-2613
-2359
-1783
-1156
-624
-148
463
1155
1616
1602
1145
588
186
-110
-417
-598
-485
-217
-83
-120
-41
262
432
182
-261
-487
-392
-272
-297
-236
79
434
499
258
21
-46
-144
-505
-1046
-1383
-1325
-988
-560
-123
434
1134
1731
2035
2092
2145
2477
2809
2609
1881
1145
1029
1350
1278
514
-495
-1160
-1565
-2105
-2708
-2866
-2402
-1879
-1618
-1258
-269
1168
2240
2536
2371
2231
2092
1694
1051
414
-61
-571
-1130
-1496
-1500
-1234
-1101
-1278
-1655
-1973
-2083
-2043
-1944
-1850
-1646
-1254
-699
-8
733
1421
1928
2100
1916
1543
1125
720
277
-292
-907
-1345
-1499
-1389
-1178
-1007
-866
-705
-559
-451
-371
-224
0
171
291
562
1363
2354
2806
2536
1903
1581
1548
1229
434
-658
-1695
-2412
-2752
-2665
-2126
-1444
-936
-551
-72
631
1323
1644
1434
827
157
-241
-319
-338
-393
-326
-152
-9
76
227
519
592
173
-428
-754
-643
-415
-394
-370
-119
194
278
143
55
94
11
-361
-785
-955
-770
-397
-22
343
811
1405
1877
2131
2162
2230
2541
2634
2226
1460
948
1067
1215
779
-159
-998
-1438
-1767
-2239
-2637
-2513
-2038
-1601
-1260
-662
458
1599
2227
2265
2112
2017
1802
1314
610
21
-427
-905
-1336
-1575
-1497
-1333
-1391
-1643
-1903
-2017
-1994
-1914
-1829
-1666
-1349
-877
-236
468
1086
1541
1783
1818
1621
1226
788
414
-13
-594
-1194
-1522
-1437
-1154
-952
-879
-757
-531
-332
-238
-161
10
261
545
879
1301
1710
2002
2106
2034
1871
1591
1119
454
-349
-1115
-1643
-1905
-1959
-1906
-1738
-1335
-766
-237
151
466
729
840
704
414
217
178
146
14
-120
-64
136
221
118
35
102
179
48
-206
-285
-114
22
-97
-293
-274
-69
-23
-259
-540
-628
-595
-628
-660
-518
-159
220
442
739
1266
1864
2234
2219
2258
2594
2827
2536
1753
1121
1020
926
294
-712
-1513
-1892
-2165
-2556
-2720
-2375
-1798
-1348
-1000
-375
628
1551
1972
2007
1983
1952
1782
1404
942
502
-1
-554
-1016
-1326
-1519
-1680
-1886
-2122
-2349
-2499
-2397
-2067
-1679
-1367
-1047
-489
238
889
1292
1573
1829
1916
1708
1248
782
379
-103
-706
-1234
-1473
-1471
-1358
-1222
-1052
-826
-608
-371
-129
72
189
270
426
711
1168
1667
2067
2228
2065
1771
1511
1292
931
219
-762
-1663
-2192
-2353
-2283
-2098
-1780
-1289
-729
-173
369
886
1228
1186
813
417
261
241
122
-93
-228
-150
25
110
136
193
249
160
-106
-342
-352
-206
-145
-244
-324
-230
-70
-64
-211
-312
-280
-244
-305
-361
-151
288
680
939
1114
1478
1974
2414
2706
2689
2384
1877
1462
1295
1121
656
-152
-957
-1549
-1949
-2183
-2231
-2056
-1879
-1776
-1529
-866
97
877
1280
1434
1618
1787
1746
1611
1451
1209
684
-111
-775
-1093
-1245
-1558
-2031
-2397
-2504
-2491
-2483
-2349
-1981
-1499
-1142
-862
-390
355
1093
1513
1644
1652
1626
1476
1145
757
339
-148
-706
-1178
-1363
-1318
-1214
-1135
-1062
-944
-756
-484
-159
83
205
435
916
1497
1871
1931
1962
2129
2178
1808
1096
415
-73
-575
-1254
-1835
-1965
-1727
-1462
-1320
-1070
-551
-7
248
243
272
450
561
392
117
47
176
216
43
-116
-46
126
111
-98
-212
-75
124
110
-89
-188
-103
-69
-246
-523
-698
-718
-749
-832
-826
-645
-285
124
445
722
1057
1435
1777
1970
2149
2496
2784
2670
2108
1576
1505
1576
1169
170
-883
-1484
-1730
-1992
-2272
-2226
-1833
-1398
-1108
-756
-45
814
1343
1371
1217
1215
1349
1391
1236
1046
867
561
102
-403
-789
-1094
-1531
-2143
-2720
-2987
-2883
-2568
-2247
-1950
-1552
-971
-222
499
1000
1279
1442
1524
1446
1212
964
810
607
157
-430
-856
-957
-928
-1093
-1395
-1577
-1481
-1225
-990
-761
-457
-79
281
681
1185
1708
2095
2217
2142
1985
1775
1493
1055
423
-295
-910
-1322
-1580
-1758
-1854
-1759
-1489
-1135
-753
-362
18
261
323
312
374
488
511
436
378
388
376
290
192
171
178
84
-85
-186
-124
2
25
-75
-173
-205
-235
-343
-485
-582
-606
-570
-501
-333
-53
319
721
1080
1410
1678
1880
2049
2212
2403
2436
2171
1703
1276
1130
1074
768
137
-628
-1233
-1612
-1832
-1903
-1773
-1556
-1367
-1134
-673
79
788
1159
1185
1101
1049
969
869
798
741
537
94
-346
-562
-627
-850
-1373
-1956
-2353
-2557
-2640
-2559
-2255
-1834
-1477
-1112
-514
314
1045
1382
1398
1320
1256
1092
776
472
210
-119
-545
-900
-1000
-913
-901
-1042
-1199
-1254
-1153
-925
-654
-382
-163
88
579
1194
1719
2008
2092
2165
2136
1853
1396
938
506
-49
-781
-1423
-1629
-1500
-1382
-1387
-1317
-969
-473
-110
50
148
246
277
197
96
140
338
455
411
340
356
448
433
312
201
131
32
-94
-150
-107
-31
-84
-259
-412
-493
-560
-667
-752
-718
-553
-334
-61
335
808
1324
1819
2161
2336
2373
2493
2753
2772
2268
1405
803
714
669
156
-698
-1315
-1534
-1682
-1975
-2111
-1761
-1232
-1011
-995
-613
269
1077
1265
1026
962
1140
1147
812
447
379
345
-82
-716
-1044
-990
-1023
-1521
-2200
-2533
-2473
-2345
-2313
-2162
-1734
-1190
-727
-289
342
1078
1582
1678
1485
1246
1069
883
609
243
-171
-543
-789
-887
-874
-848
-894
-1015
-1163
-1200
-1028
-702
-384
-182
19
492
1244
1956
2320
2321
2233
2201
2026
1574
979
402
-138
-778
-1429
-1756
-1655
-1425
-1374
-1383
-1138
-579
-69
106
103
144
230
208
70
44
241
451
455
330
310
486
642
520
196
-29
-39
14
-71
-267
-368
-358
-457
-731
-980
-1021
-911
-864
-890
-760
-366
144
633
1057
1518
2043
2395
2540
2547
2608
2778
2714
2217
1405
762
558
488
79
-719
-1417
-1736
-1823
-1970
-2089
-1854
-1340
-906
-675
-288
512
1388
1779
1595
1316
1240
1191
904
440
98
-106
-409
-851
-1165
-1194
-1169
-1388
-1851
-2241
-2324
-2163
-1949
-1785
-1636
-1360
-841
-158
503
984
1315
1573
1649
1430
1036
747
586
281
-297
-876
-1072
-953
-870
-976
-1107
-1086
-1030
-1070
-1073
-886
-553
-289
-133
220
888
1614
2113
2293
2329
2312
2097
1663
1148
607
-10
-717
-1355
-1659
-1647
-1552
-1469
-1320
-995
-588
-266
-81
37
111
92
5
-48
14
159
290
361
394
442
526
614
628
523
333
188
143
124
25
-178
-380
-537
-682
-854
-1015
-1064
-993
-853
-685
-402
36
578
1100
1546
2019
2431
2676
2705
2698
2864
2913
2495
1630
854
588
498
67
-756
-1485
-1811
-1966
-2184
-2283
-1973
-1449
-1107
-945
-528
362
1252
1639
1541
1428
1467
1379
1033
613
371
119
-382
-981
-1317
-1297
-1307
-1624
-2063
-2288
-2242
-2131
-2038
-1835
-1492
-1139
-818
-376
273
930
1323
1426
1415
1383
1242
931
562
205
-176
-605
-969
-1088
-999
-904
-926
-1025
-1080
-1055
-947
-796
-633
-484
-329
46
681
1367
1880
2115
2236
2311
2203
1858
1380
860
236
-526
-1239
-1547
-1454
-1327
-1348
-1358
-1068
-544
-150
-43
-56
7
68
12
-78
-23
218
383
358
295
357
561
665
549
370
285
282
256
155
68
39
-92
-380
-695
-883
-930
-990
-1120
-1158
-940
-525
-74
382
871
1449
2033
2373
2515
2563
2697
2950
2919
2411
1625
1005
799
659
138
-674
-1354
-1721
-1956
-2225
-2315
-1987
-1506
-1244
-1103
-626
307
1204
1542
1413
1347
1435
1366
989
531
312
102
-424
-1070
-1404
-1306
-1232
-1565
-2066
-2273
-2129
-1908
-1801
-1678
-1360
-961
-629
-286
235
875
1356
1475
1334
1190
1109
987
711
269
-211
-580
-810
-928
-958
-926
-862
-858
-950
-1003
-877
-600
-380
-348
-269
133
796
1371
1625
1723
1892
2028
1902
1481
986
574
93
-545
-1133
-1364
-1244
-1111
-1135
-1122
-826
-380
-112
-122
-195
-151
-92
-157
-274
-219
38
257
294
245
332
531
624
527
348
295
346
357
276
154
107
67
-108
-419
-725
-878
-936
-1021
-1128
-1082
-762
-248
261
744
1344
1986
2473
2675
2807
3163
3430
3135
2266
1374
1001
866
389
-513
-1356
-1766
-1918
-2105
-2247
-2035
-1544
-1172
-1068
-878
-221
687
1265
1273
1125
1232
1434
1376
995
653
476
135
-514
-1190
-1506
-1501
-1666
-2157
-2606
-2657
-2332
-1954
-1657
-1325
-908
-460
-32
408
867
1242
1450
1437
1224
948
764
696
543
120
-426
-785
-853
-836
-919
-1024
-1016
-956
-986
-1021
-857
-486
-197
-101
90
582
1247
1707
1828
1839
1904
1874
1563
1034
494
61
-407
-999
-1464
-1584
-1392
-1153
-1050
-905
-534
-70
193
153
10
-19
12
-75
-256
-308
-120
130
235
216
257
411
515
437
249
138
182
260
228
65
-80
-90
-110
-292
-593
-818
-856
-825
-831
-744
-410
121
673
1204
1739
2272
2665
2862
3099
3293
3144
2516
1663
1106
856
481
-233
-1037
-1588
-1865
-2004
-2048
-1858
-1494
-1192
-983
-699
-154
533
1037
1212
1178
1128
1103
1058
919
676
350
-92
-583
-1031
-1390
-1675
-1964
-2273
-2515
-2649
-2605
-2291
-1769
-1237
-855
-564
-148
433
937
1184
1248
1243
1178
957
647
466
388
170
-251
-672
-838
-788
-792
-902
-993
-1000
-969
-904
-706
-389
-79
103
271
715
1319
1819
2030
1978
1921
1838
1578
1160
669
166
-364
-962
-1466
-1616
-1462
-1229
-1054
-886
-551
-96
264
417
389
270
117
-77
-274
-347
-283
-195
-139
-81
51
243
365
373
319
226
146
105
68
28
-55
-184
-300
-426
-564
-687
-748
-778
-786
-737
-515
-68
389
824
1319
1879
2420
2701
2861
3098
3222
2966
2239
1489
1092
842
311
-570
-1348
-1754
-1882
-1974
-2018
-1803
-1412
-1068
-828
-482
122
786
1174
1202
1134
1157
1217
1150
876
553
212
-215
-704
-1192
-1550
-1798
-2085
-2400
-2628
-2666
-2467
-2083
-1619
-1163
-778
-390
120
659
1048
1227
1300
1340
1259
994
682
505
373
57
-419
-774
-852
-818
-916
-1095
-1133
-998
-850
-756
-610
-310
44
281
479
858
1501
2116
2307
2078
1769
1633
1540
1174
499
-242
-877
-1410
-1804
-1907
-1670
-1306
-1072
-905
-539
39
545
698
524
239
-3
-201
-347
-402
-392
-320
-234
-126
47
262
456
492
326
98
0
48
87
-7
-227
-380
-449
-532
-618
-686
-668
-625
-624
-528
-192
330
892
1410
1848
2288
2664
2970
3305
3453
3223
2560
1774
1262
940
482
-272
-1066
-1653
-1993
-2117
-2034
-1717
-1364
-1157
-964
-536
130
744
1079
1184
1253
1253
1117
962
836
697
321
-324
-909
-1264
-1506
-1857
-2314
-2624
-2686
-2671
-2630
-2383
-1814
-1133
-679
-444
-89
522
1076
1269
1207
1175
1212
1064
695
388
272
142
-237
-718
-947
-887
-831
-945
-1093
-1075
-913
-738
-584
-371
-72
209
515
953
1488
2019
2269
2210
2059
1864
1634
1253
653
-44
-740
-1358
-1746
-1838
-1710
-1483
-1284
-1031
-615
-101
340
534
520
377
188
-11
-183
-251
-285
-319
-329
-261
-97
64
157
190
206
193
150
118
133
150
35
-202
-443
-600
-705
-856
-968
-935
-726
-448
-142
279
842
1503
2040
2414
2713
3024
3372
3516
3264
2674
2009
1519
1153
655
-60
-779
-1348
-1762
-2020
-2040
-1756
-1398
-1195
-1057
-680
5
658
1006
1111
1216
1329
1258
1030
830
717
455
-151
-872
-1352
-1580
-1862
-2368
-2852
-3014
-2915
-2805
-2661
-2263
-1577
-919
-560
-274
251
896
1268
1227
1070
1054
1026
773
422
212
105
-115
-515
-833
-865
-771
-774
-911
-1030
-971
-756
-512
-309
-119
147
557
1064
1509
1861
2169
2389
2409
2146
1721
1324
906
316
-429
-1113
-1511
-1654
-1692
-1651
-1454
-1094
-681
-313
15
309
486
455
254
26
-124
-199
-256
-346
-390
-311
-162
-40
0
57
190
268
230
138
133
188
116
-141
-460
-680
-810
-955
-1094
-1097
-924
-641
-274
206
822
1497
2052
2456
2751
3025
3359
3524
3290
2686
1984
1521
1219
731
-2
-722
-1253
-1628
-1937
-2054
-1789
-1362
-1110
-1002
-709
-48
699
1127
1193
1211
1339
1396
1260
1003
801
595
90
-675
-1338
-1686
-1888
-2276
-2843
-3196
-3144
-2893
-2604
-2231
-1651
-958
-434
-82
339
852
1238
1285
1060
851
725
570
335
92
-106
-318
-587
-823
-894
-853
-869
-970
-1058
-1019
-836
-570
-299
-42
194
488
994
1572
2033
2242
2222
2177
2081
1813
1372
808
200
-440
-1096
-1604
-1782
-1680
-1491
-1321
-1127
-764
-273
182
460
513
437
300
140
-32
-181
-239
-260
-302
-331
-278
-98
87
141
126
147
230
294
279
209
133
-2
-234
-520
-760
-881
-939
-979
-950
-756
-326
215
778
1375
1925
2401
2740
2988
3316
3519
3303
2693
2011
1617
1376
874
104
-632
-1151
-1536
-1894
-2042
-1793
-1382
-1147
-1069
-778
-87
654
1047
1099
1117
1251
1303
1144
897
714
502
-12
-760
-1383
-1705
-1895
-2279
-2836
-3195
-3178
-2928
-2621
-2232
-1675
-1042
-537
-149
321
854
1224
1287
1102
883
718
527
307
98
-131
-394
-668
-854
-882
-829
-823
-898
-974
-944
-752
-453
-150
82
288
581
1061
1623
2054
2254
2213
2083
1920
1646
1250
722
106
-529
-1119
-1529
-1654
-1535
-1308
-1080
-848
-530
-115
286
542
573
441
256
60
-134
-298
-383
-410
-440
-476
-439
-259
-46
52
51
77
189
317
340
290
225
110
-91
-375
-631
-790
-909
-1008
-1033
-897
-530
-22
510
1097
1677
2180
2596
2920
3275
3534
3365
2796
2147
1747
1527
1091
325
-465
-1026
-1421
-1729
-1885
-1725
-1381
-1180
-1082
-786
-125
626
1077
1175
1180
1270
1303
1189
1000
809
557
44
-649
-1204
-1531
-1789
-2189
-2700
-3055
-3128
-3022
-2792
-2388
-1838
-1278
-829
-396
181
792
1185
1249
1125
970
792
558
286
66
-145
-445
-763
-977
-992
-906
-908
-987
-1051
-992
-773
-495
-214
60
355
792
1299
1702
1985
2142
2231
2188
1900
1475
1022
518
-43
-621
-1073
-1301
-1385
-1370
-1203
-880
-502
-214
-27
161
349
403
286
99
-75
-215
-355
-468
-495
-457
-396
-346
-292
-204
-67
83
189
259
336
433
490
440
253
19
-206
-465
-747
-979
-1073
-1013
-859
-613
-195
355
924
1458
1914
2360
2806
3209
3460
3337
2892
2382
2075
1890
1451
673
-173
-820
-1287
-1690
-1941
-1881
-1592
-1376
-1259
-955
-265
551
1038
1118
1073
1173
1271
1173
953
751
570
177
-456
-1016
-1312
-1506
-1895
-2515
-3018
-3162
-3066
-2897
-2641
-2189
-1593
-1060
-614
-67
602
1140
1318
1189
999
888
748
492
159
-168
-451
-730
-966
-1050
-1003
-940
-968
-1073
-1061
-841
-513
-201
30
344
844
1335
1675
1852
2028
2239
2223
1844
1284
783
380
-49
-550
-956
-1127
-1141
-1087
-914
-585
-194
78
144
145
196
237
174
-30
-274
-420
-459
-474
-479
-426
-335
-252
-248
-263
-157
41
209
299
337
397
466
426
281
94
-159
-457
-779
-1070
-1203
-1156
-957
-600
-176
267
791
1360
1952
2523
2986
3386
3562
3343
2892
2498
2315
2113
1513
537
-391
-1000
-1385
-1710
-1947
-1928
-1685
-1449
-1229
-759
36
831
1242
1205
1112
1235
1374
1301
1014
697
451
71
-521
-1064
-1405
-1676
-2152
-2847
-3377
-3478
-3297
-3067
-2799
-2367
-1740
-1067
-443
205
867
1359
1510
1358
1133
962
789
507
109
-319
-676
-896
-1008
-1061
-1094
-1125
-1151
-1155
-1068
-845
-498
-132
188
580
1083
1599
1977
2150
2265
2364
2298
1961
1388
787
294
-153
-582
-929
-1135
-1163
-1084
-946
-704
-405
-142
5
31
59
123
139
38
-143
-276
-335
-376
-417
-433
-371
-313
-333
-343
-251
-54
137
228
280
336
355
281
110
-104
-348
-655
-984
-1221
-1269
-1130
-820
-394
67
553
1067
1655
2307
2873
3311
3594
3595
3297
2799
2388
2197
1904
1198
183
-728
-1257
-1523
-1753
-1908
-1838
-1585
-1312
-1012
-470
356
1120
1442
1373
1296
1416
1569
1502
1202
861
509
29
-580
-1137
-1544
-1966
-2578
-3281
-3725
-3768
-3551
-3244
-2853
-2304
-1636
-938
-211
551
1209
1571
1608
1448
1256
1042
745
371
-70
-539
-950
-1221
-1323
-1331
-1361
-1431
-1466
-1394
-1196
-906
-540
-127
272
689
1203
1773
2266
2532
2608
2598
2453
2062
1446
768
175
-348
-870
-1297
-1484
-1416
-1194
-934
-636
-276
60
267
340
365
374
313
134
-114
-294
-342
-340
-363
-418
-427
-349
-284
-271
-205
-53
117
200
192
200
243
217
56
-195
-470
-738
-993
-1176
-1192
-1027
-705
-283
181
713
1285
1901
2543
3139
3631
3820
3602
3081
2564
2273
2030
1485
546
-451
-1177
-1589
-1814
-1889
-1757
-1524
-1329
-1118
-658
118
906
1370
1464
1424
1448
1525
1565
1487
1255
849
280
-326
-858
-1328
-1833
-2479
-3184
-3734
-3975
-3891
-3589
-3148
-2604
-2008
-1359
-621
203
983
1488
1644
1576
1430
1259
1016
683
289
-176
-692
-1132
-1365
-1407
-1425
-1537
-1683
-1715
-1565
-1267
-901
-500
-58
431
995
1612
2190
2650
2914
2984
2881
2586
2099
1460
741
1
-660
-1183
-1515
-1619
-1533
-1290
-949
-572
-214
98
340
490
542
467
303
124
-42
-153
-243
-340
-407
-445
-473
-495
-501
-449
-310
-159
-60
35
148
253
251
103
-107
-345
-668
-1065
-1378
-1453
-1333
-1111
-783
-253
476
1176
1742
2311
2973
3699
4188
4158
3734
3157
2705
2420
2011
1295
362
-575
-1329
-1819
-2048
-1990
-1755
-1575
-1445
-1143
-462
460
1248
1670
1797
1851
1867
1866
1844
1741
1476
917
149
-567
-1116
-1600
-2208
-2996
-3759
-4253
-4429
-4322
-3998
-3476
-2798
-2109
-1415
-606
348
1246
1793
1902
1768
1615
1451
1174
758
245
-312
-882
-1406
-1754
-1889
-1927
-2001
-2156
-2240
-2064
-1607
-1043
-541
-49
590
1371
2119
2686
3097
3421
3536
3274
2681
1967
1276
551
-284
-1090
-1664
-1905
-1871
-1657
-1290
-814
-328
53
318
522
686
740
598
304
9
-155
-205
-244
-307
-343
-330
-338
-376
-379
-292
-142
-56
-52
-16
80
152
136
1
-208
-470
-843
-1197
-1400
-1413
-1242
-965
-572
5
747
1484
2167
2801
3459
4130
4419
4145
3519
2960
2673
2336
1582
539
-416
-1127
-1678
-2113
-2263
-2009
-1656
-1493
-1335
-805
160
1123
1635
1770
1893
2083
2171
2068
1893
1741
1404
700
-184
-870
-1332
-1871
-2699
-3613
-4199
-4414
-4416
-4254
-3851
-3168
-2414
-1747
-1059
-168
809
1529
1817
1796
1727
1650
1449
1112
648
99
-481
-1058
-1518
-1814
-2027
-2201
-2368
-2494
-2450
-2143
-1629
-1056
-498
113
953
1862
2549
2999
3303
3554
3586
3169
2436
1673
928
111
-742
-1477
-1880
-1980
-1920
-1659
-1176
-611
-136
172
390
602
742
714
544
321
107
-27
-116
-159
-135
-120
-164
-279
-366
-307
-178
-95
-78
-70
-6
5
-64
-136
-223
-430
-797
-1176
-1344
-1277
-1139
-942
-579
19
804
1520
2070
2577
3208
3978
4441
4204
3455
2782
2537
2333
1646
561
-409
-1037
-1589
-2153
-2363
-2017
-1493
-1305
-1325
-929
64
1111
1664
1762
1864
2106
2215
2074
1838
1714
1533
917
-31
-846
-1296
-1669
-2405
-3395
-4114
-4334
-4290
-4200
-3929
-3293
-2486
-1804
-1209
-430
555
1373
1763
1779
1696
1636
1494
1239
853
339
-275
-891
-1360
-1666
-1916
-2182
-2429
-2602
-2620
-2397
-1948
-1354
-794
-220
594
1533
2366
2875
3134
3438
3651
3454
2835
1992
1179
427
-394
-1174
-1708
-2003
-2099
-1983
-1604
-1007
-415
-18
248
513
734
839
788
623
421
217
36
-50
-52
-69
-122
-236
-329
-324
-244
-130
-70
-65
-74
-108
-162
-256
-362
-522
-832
-1182
-1390
-1329
-1100
-842
-511
15
764
1485
2041
2559
3184
3936
4353
4071
3352
2698
2452
2250
1564
498
-460
-1072
-1553
-2024
-2208
-1896
-1427
-1221
-1177
-766
168
1099
1561
1640
1741
1986
2128
2047
1908
1862
1716
1171
309
-484
-1009
-1486
-2273
-3292
-4077
-4403
-4401
-4265
-3960
-3335
-2536
-1832
-1209
-430
519
1298
1648
1637
1550
1508
1388
1189
925
520
-55
-689
-1183
-1461
-1704
-2064
-2466
-2757
-2828
-2654
-2244
-1664
-1080
-508
277
1249
2188
2830
3149
3447
3650
3503
2970
2209
1442
678
-197
-1052
-1658
-1975
-2070
-1983
-1669
-1116
-514
-48
268
529
766
889
864
705
490
305
147
45
4
-34
-97
-226
-351
-365
-279
-178
-174
-182
-120
-72
-116
-262
-388
-490
-768
-1183
-1490
-1503
-1297
-1102
-842
-298
572
1468
2060
2464
2962
3713
4364
4314
3593
2753
2309
2145
1652
684
-285
-911
-1384
-1915
-2267
-2044
-1404
-1037
-1082
-931
-147
917
1577
1728
1802
2055
2194
2038
1858
1859
1893
1507
599
-303
-859
-1262
-1919
-2916
-3802
-4237
-4360
-4346
-4100
-3497
-2668
-1972
-1468
-799
154
1030
1475
1518
1443
1419
1313
1096
917
704
277
-381
-1006
-1328
-1467
-1729
-2164
-2587
-2815
-2755
-2457
-1987
-1391
-713
110
1055
1889
2518
2986
3370
3617
3510
3033
2314
1503
664
-118
-744
-1231
-1608
-1868
-1901
-1585
-1044
-510
-101
154
327
482
592
659
638
488
274
70
-62
-57
10
-15
-181
-422
-484
-294
-74
29
39
70
109
-3
-212
-334
-455
-796
-1351
-1839
-1903
-1595
-1272
-926
-357
548
1555
2227
2631
3192
4101
4808
4614
3566
2557
2322
2358
1799
579
-566
-1115
-1464
-2052
-2466
-2150
-1414
-1064
-1249
-1131
-128
1162
1828
1818
1809
2156
2447
2314
2031
2030
2106
1678
670
-310
-798
-1120
-1897
-3101
-4109
-4523
-4571
-4571
-4360
-3698
-2792
-2075
-1580
-880
168
1098
1481
1417
1330
1347
1281
1111
961
820
463
-195
-826
-1140
-1265
-1550
-2126
-2739
-3080
-3057
-2775
-2316
-1736
-1059
-138
940
1893
2611
3110
3571
3957
3870
3260
2436
1624
849
27
-743
-1270
-1602
-1912
-2047
-1744
-1086
-447
-132
-18
213
541
719
682
562
472
357
107
-108
-58
147
204
-39
-355
-375
-152
23
18
-67
-30
10
-172
-458
-620
-699
-953
-1481
-1923
-1897
-1534
-1224
-949
-395
616
1729
2408
2762
3307
4269
5049
4835
3747
2725
2452
2448
1790
482
-664
-1218
-1603
-2250
-2706
-2356
-1551
-1146
-1263
-1082
-24
1299
1959
1938
1963
2356
2644
2472
2127
2086
2185
1769
761
-232
-770
-1125
-1904
-3101
-4102
-4556
-4671
-4693
-4481
-3798
-2864
-2115
-1587
-885
158
1056
1416
1342
1225
1245
1177
1001
877
786
511
-80
-710
-1067
-1211
-1489
-2071
-2722
-3142
-3195
-2969
-2563
-2014
-1280
-359
667
1673
2467
3062
3536
3830
3775
3337
2647
1860
1060
226
-522
-1054
-1424
-1695
-1796
-1615
-1123
-552
-189
1
185
429
619
622
491
405
340
200
31
-17
144
282
152
-107
-186
-9
178
154
41
54
78
-123
-505
-793
-902
-1158
-1678
-2123
-2102
-1709
-1366
-1051
-404
789
2024
2697
2973
3480
4494
5265
4948
3714
2635
2344
2221
1455
151
-851
-1264
-1673
-2359
-2755
-2289
-1446
-1119
-1306
-1077
43
1318
1902
1885
2022
2516
2777
2486
2103
2140
2273
1799
707
-299
-796
-1206
-2099
-3324
-4203
-4512
-4620
-4742
-4549
-3738
-2702
-1983
-1536
-865
174
1038
1302
1179
1102
1154
1064
804
665
683
532
24
-619
-992
-1093
-1334
-1943
-2634
-3049
-3096
-2888
-2554
-2068
-1449
-745
136
1333
2596
3431
3765
3767
3727
3597
3099
2329
1420
369
-736
-1625
-2071
-2097
-2023
-1956
-1619
-971
-273
248
627
948
1075
859
472
292
301
206
-25
-179
-35
238
309
228
219
292
291
128
-44
-40
-1
-190
-581
-886
-940
-982
-1300
-1726
-1821
-1512
-1187
-976
-550
476
1830
2720
3025
3289
4073
5083
5286
4387
3086
2277
1971
1408
331
-747
-1314
-1662
-2252
-2795
-2626
-1741
-1047
-1044
-1156
-559
638
1546
1815
1941
2373
2753
2631
2284
2244
2462
2223
1201
-24
-838
-1339
-2038
-3065
-3969
-4426
-4614
-4723
-4547
-3813
-2756
-1962
-1514
-1000
-136
735
1144
1159
1105
1127
998
720
611
721
713
261
-408
-877
-1055
-1291
-1819
-2439
-2890
-3081
-3063
-2815
-2319
-1663
-938
-83
956
2000
2791
3257
3583
3760
3572
2997
2194
1407
618
-291
-1143
-1689
-1914
-1959
-1853
-1468
-804
-183
195
447
748
998
955
687
410
246
78
-156
-233
-34
231
326
235
218
425
612
581
424
324
271
69
-339
-712
-868
-1019
-1401
-1858
-2021
-1764
-1407
-1125
-640
315
1558
2405
2704
2956
3659
4680
5059
4390
3208
2333
2035
1686
861
-163
-941
-1488
-2113
-2700
-2760
-2127
-1440
-1292
-1372
-966
129
1286
1899
2057
2247
2543
2611
2418
2243
2263
2142
1430
325
-585
-1087
-1531
-2302
-3259
-3967
-4303
-4399
-4269
-3789
-2980
-2236
-1745
-1254
-514
348
917
1087
1065
1004
870
679
614
691
625
197
-400
-800
-938
-1130
-1574
-2102
-2539
-2809
-2920
-2787
-2291
-1662
-1168
-758
-9
1230
2472
3227
3394
3336
3327
3154
2679
1990
1146
181
-864
-1744
-2122
-2041
-1804
-1534
-1194
-711
-113
498
1041
1328
1208
778
369
140
-3
-178
-290
-204
-9
111
181
414
709
813
636
366
284
285
118
-222
-526
-675
-839
-1191
-1576
-1703
-1510
-1281
-1147
-865
-179
875
1867
2497
2913
3387
4078
4699
4702
3997
2979
2189
1732
1179
300
-644
-1326
-1813
-2328
-2709
-2562
-1880
-1275
-1166
-1141
-586
492
1429
1816
1946
2265
2624
2624
2368
2240
2312
2080
1172
-17
-884
-1377
-1965
-2874
-3775
-4284
-4426
-4403
-4170
-3541
-2644
-1842
-1274
-755
-56
686
1139
1259
1172
1005
826
698
664
592
322
-131
-574
-911
-1231
-1601
-1976
-2322
-2661
-2958
-2994
-2590
-1942
-1405
-1049
-519
529
1901
2898
3276
3362
3415
3417
3059
2378
1661
851
-202
-1357
-2155
-2301
-2029
-1741
-1495
-1072
-415
301
918
1323
1414
1161
691
261
-19
-224
-342
-313
-184
-47
77
334
711
911
815
583
449
415
250
-83
-361
-543
-753
-1091
-1508
-1694
-1584
-1403
-1276
-1107
-610
306
1374
2176
2645
3011
3493
4177
4630
4407
3579
2575
1913
1519
932
79
-722
-1296
-1861
-2484
-2791
-2364
-1561
-1172
-1254
-1122
-263
925
1690
1954
2233
2652
2775
2460
2143
2229
2326
1736
490
-669
-1252
-1626
-2298
-3240
-3936
-4166
-4221
-4238
-3966
-3160
-2150
-1459
-1125
-696
98
915
1313
1249
1069
959
840
690
522
352
108
-317
-830
-1269
-1571
-1775
-2015
-2369
-2756
-2905
-2617
-2039
-1484
-1143
-759
17
1127
2172
2843
3232
3485
3560
3260
2653
2045
1459
642
-513
-1643
-2236
-2242
-2032
-1833
-1526
-945
-200
493
1009
1312
1382
1178
778
297
-115
-326
-330
-228
-167
-110
78
405
680
732
659
628
590
399
45
-285
-439
-590
-934
-1372
-1680
-1694
-1534
-1405
-1241
-834
-66
951
1890
2543
2956
3299
3852
4452
4574
3960
2840
1915
1427
999
301
-511
-1122
-1599
-2139
-2596
-2485
-1765
-1148
-1129
-1284
-847
254
1282
1721
1919
2342
2755
2762
2478
2369
2532
2291
1231
-117
-1052
-1528
-2090
-3039
-3937
-4309
-4308
-4261
-4099
-3453
-2399
-1502
-1069
-783
-168
644
1172
1201
972
831
789
712
584
456
290
-16
-526
-1076
-1474
-1692
-1889
-2258
-2746
-3055
-2883
-2320
-1694
-1232
-835
-249
637
1714
2675
3350
3682
3713
3494
3053
2552
2033
1343
267
-1070
-2122
-2486
-2297
-2019
-1799
-1429
-734
111
813
1332
1660
1691
1308
660
75
-237
-322
-362
-438
-469
-320
31
426
653
687
603
492
324
30
-287
-465
-561
-812
-1274
-1736
-1874
-1659
-1391
-1235
-1050
-591
190
1133
1972
2583
3012
3376
3878
4377
4424
3804
2814
2006
1521
995
220
-558
-1144
-1688
-2306
-2696
-2410
-1657
-1160
-1154
-1087
-420
630
1441
1826
2188
2648
2846
2654
2395
2453
2568
2073
893
-331
-1131
-1711
-2494
-3426
-4070
-4305
-4420
-4478
-4153
-3243
-2128
-1413
-1097
-673
100
863
1197
1154
1033
977
846
605
401
321
217
-151
-726
-1245
-1522
-1667
-1955
-2424
-2853
-2940
-2637
-2162
-1665
-1178
-602
111
960
1965
2945
3699
4078
3989
3581
3073
2577
2040
1208
-53
-1395
-2331
-2631
-2463
-2158
-1781
-1199
-455
250
845
1346
1675
1644
1142
375
-207
-423
-416
-407
-477
-432
-155
224
501
575
541
501
388
89
-307
-582
-686
-797
-1097
-1523
-1767
-1705
-1517
-1389
-1337
-1125
-547
321
1242
1972
2445
2863
3543
4429
4931
4677
3818
2956
2401
1793
883
-100
-861
-1532
-2319
-2987
-2938
-2134
-1365
-1150
-1185
-734
271
1193
1684
1971
2378
2720
2675
2445
2517
2861
2831
1969
689
-327
-1000
-1768
-2872
-3928
-4530
-4793
-4961
-4909
-4244
-3055
-1980
-1364
-916
-174
758
1376
1484
1325
1182
1036
794
545
411
350
159
-297
-842
-1235
-1446
-1672
-2120
-2710
-3129
-3130
-2782
-2298
-1777
-1208
-514
299
1157
2176
3337
4246
4556
4207
3555
3072
2714
2096
1025
-393
-1750
-2616
-2954
-2872
-2497
-1997
-1416
-787
-109
658
1401
1849
1747
1145
420
-41
-177
-234
-370
-469
-390
-136
165
418
640
753
669
359
-46
-351
-514
-656
-945
-1402
-1871
-2098
-2001
-1704
-1382
-1090
-713
-153
669
1634
2496
3150
3596
4107
4686
4889
4474
3608
2788
2164
1404
391
-564
-1236
-1817
-2467
-2903
-2714
-2015
-1428
-1214
-997
-370
555
1315
1745
2105
2548
2843
2824
2695
2745
2862
2528
1547
354
-634
-1451
-2399
-3484
-4346
-4804
-5028
-5108
-4807
-3944
-2813
-1885
-1250
-605
236
1011
1443
1542
1475
1348
1126
860
646
495
296
-40
-516
-1017
-1431
-1765
-2121
-2563
-3031
-3330
-3246
-2832
-2263
-1663
-1033
-269
641
1678
2831
3914
4630
4757
4347
3749
3245
2735
1904
628
-879
-2152
-2906
-3154
-3007
-2581
-2010
-1403
-732
32
890
1636
1929
1658
1043
472
157
5
-160
-314
-350
-244
-21
219
458
666
700
548
238
-107
-382
-620
-874
-1221
-1673
-2073
-2186
-2027
-1761
-1527
-1234
-652
185
1130
2029
2806
3441
3987
4596
5074
5061
4413
3417
2578
1863
966
-111
-1076
-1784
-2398
-2957
-3142
-2673
-1900
-1366
-1138
-800
-34
897
1596
2005
2369
2742
2960
2972
2962
3084
3067
2498
1394
163
-864
-1781
-2856
-3984
-4830
-5248
-5338
-5195
-4639
-3593
-2403
-1453
-792
-116
705
1422
1752
1683
1455
1242
1023
797
577
384
178
-173
-665
-1209
-1661
-2011
-2423
-2977
-3512
-3736
-3509
-2966
-2323
-1639
-874
30
1054
2060
3012
3934
4611
4814
4478
3787
3099
2464
1612
423
-929
-2109
-2864
-3222
-3254
-2907
-2268
-1558
-873
-132
731
1585
2091
2059
1661
1163
729
405
114
-111
-171
-117
15
176
341
563
714
651
364
-85
-498
-800
-1105
-1527
-2005
-2292
-2259
-2042
-1813
-1538
-1009
-197
722
1602
2350
2977
3474
3876
4428
4987
5004
4235
3026
2048
1482
856
-106
-1172
-2063
-2731
-3154
-3167
-2614
-1787
-1218
-996
-703
10
999
1846
2300
2519
2699
2796
2859
2977
3110
3046
2425
1274
36
-987
-1875
-2858
-3955
-4864
-5350
-5480
-5285
-4619
-3500
-2308
-1395
-769
-53
884
1692
2029
1892
1572
1297
1064
811
596
411
145
-323
-934
-1448
-1748
-2001
-2436
-3088
-3683
-3864
-3538
-2883
-2158
-1457
-715
168
1222
2365
3457
4313
4744
4663
4163
3499
2898
2271
1306
-65
-1503
-2536
-3001
-3098
-2983
-2654
-2099
-1404
-709
31
906
1686
1986
1694
1169
836
689
485
138
-141
-170
-57
35
132
327
585
674
462
98
-181
-307
-488
-885
-1408
-1814
-1982
-2005
-1945
-1736
-1289
-657
3
693
1540
2445
3141
3550
3914
4515
4995
4744
3769
2658
2014
1595
829
-276
-1310
-1984
-2478
-2883
-2927
-2419
-1693
-1279
-1135
-751
158
1212
1919
2230
2444
2711
2865
2869
2851
2849
2618
1863
716
-409
-1297
-2104
-3064
-4073
-4804
-5128
-5140
-4869
-4195
-3173
-2145
-1377
-778
-22
916
1666
1913
1734
1473
1288
1106
852
566
302
-23
-526
-1113
-1572
-1846
-2085
-2527
-3135
-3593
-3612
-3147
-2438
-1774
-1171
-427
496
1577
2592
3498
4400
4910
4735
3937
3034
2495
1996
986
-506
-1909
-2805
-3236
-3374
-3167
-2521
-1701
-1066
-547
223
1263
2079
2184
1668
1098
746
481
192
-100
-205
-133
-111
-113
27
402
783
781
396
-26
-264
-384
-648
-1088
-1508
-1787
-1914
-1977
-1876
-1537
-1006
-357
299
1062
1911
2593
3126
3659
4350
4991
4940
4121
3065
2361
1974
1319
205
-941
-1767
-2333
-2770
-2889
-2446
-1727
-1297
-1193
-919
-119
903
1619
1954
2153
2436
2674
2766
2870
3000
2933
2349
1277
166
-705
-1514
-2534
-3721
-4688
-5177
-5282
-5107
-4585
-3649
-2559
-1670
-1029
-339
595
1492
1912
1813
1483
1231
1096
930
670
376
69
-343
-848
-1326
-1655
-1899
-2287
-2904
-3522
-3776
-3490
-2841
-2140
-1518
-812
109
1237
2436
3439
4343
4967
4927
4315
3429
2740
2251
1355
-114
-1684
-2792
-3251
-3308
-3163
-2692
-1937
-1214
-630
48
995
1902
2206
1774
1113
717
530
309
3
-216
-188
-105
-121
-63
217
554
633
322
-87
-286
-360
-522
-878
-1286
-1617
-1879
-2064
-2008
-1621
-1086
-516
66
829
1780
2549
3100
3646
4389
5048
4957
4062
3002
2376
1989
1270
150
-891
-1538
-2007
-2432
-2555
-2133
-1472
-1158
-1196
-1000
-188
823
1456
1696
1951
2405
2725
2764
2788
2945
2912
2271
1130
53
-695
-1427
-2465
-3680
-4570
-4952
-5042
-4907
-4417
-3511
-2490
-1707
-1115
-425
466
1278
1699
1683
1430
1188
1021
887
706
407
14
-432
-870
-1222
-1518
-1822
-2232
-2768
-3298
-3585
-3430
-2860
-2116
-1454
-823
-35
1091
2338
3335
4136
4701
4899
4512
3609
2743
2117
1353
65
-1500
-2696
-3218
-3314
-3234
-2850
-2074
-1181
-478
138
936
1814
2275
2019
1367
786
422
143
-160
-407
-464
-390
-302
-184
36
366
556
429
60
-308
-488
-663
-949
-1326
-1692
-1939
-2047
-1877
-1466
-978
-481
106
1013
2058
2750
3091
3488
4250
4998
4867
3876
2858
2371
2113
1376
194
-745
-1207
-1620
-2212
-2503
-2068
-1298
-974
-1168
-1022
-92
1038
1640
1764
2031
2643
3003
2818
2598
2732
2859
2264
984
-166
-783
-1329
-2340
-3608
-4495
-4814
-4902
-4915
-4572
-3690
-2625
-1843
-1329
-685
267
1146
1576
1574
1402
1247
1056
828
634
448
102
-455
-1034
-1397
-1557
-1813
-2259
-2805
-3250
-3445
-3391
-3023
-2338
-1544
-839
-114
736
1982
3449
4455
4900
4749
4268
3731
2991
2152
1232
19
-1447
-2750
-3455
-3401
-2904
-2409
-1864
-1143
-282
558
1270
1812
2068
1878
1216
529
121
-47
-118
-268
-412
-387
-237
-3
241
328
309
135
-170
-433
-644
-744
-796
-975
-1303
-1615
-1722
-1541
-1179
-867
-615
-121
780
1807
2554
2939
3513
4551
5259
4894
3653
2660
2477
2219
1091
-480
-1413
-1581
-1783
-2322
-2488
-1725
-785
-615
-1000
-837
267
1384
1621
1308
1474
2211
2763
2676
2432
2662
2862
2219
848
-325
-815
-1280
-2436
-3885
-4731
-4803
-4640
-4580
-4238
-3282
-2167
-1443
-1022
-371
578
1299
1430
1200
1052
1011
892
647
491
424
173
-351
-913
-1195
-1294
-1594
-2205
-2858
-3271
-3375
-3282
-2984
-2403
-1620
-799
4
957
2072
3152
3909
4376
4685
4558
3936
2903
1881
1108
223
-894
-2086
-2993
-3401
-3352
-2911
-2130
-1206
-397
290
973
1652
2153
2254
1952
1355
628
-1
-302
-297
-269
-328
-388
-288
-10
240
305
249
48
-330
-819
-1224
-1316
-1319
-1494
-1834
-2005
-1713
-1195
-708
-250
386
1316
2149
2568
2813
3334
4296
4986
4637
3520
2483
2151
2031
1316
102
-962
-1537
-1947
-2414
-2512
-1891
-1081
-833
-1057
-905
117
1348
1937
1916
1936
2332
2678
2643
2497
2612
2648
2025
835
-240
-752
-1152
-2044
-3278
-4235
-4633
-4693
-4615
-4236
-3416
-2516
-1915
-1467
-733
341
1200
1464
1351
1254
1223
1052
794
659
620
351
-319
-1008
-1292
-1279
-1443
-2039
-2804
-3326
-3496
-3408
-3127
-2598
-1884
-1132
-406
479
1685
2908
3981
4631
4666
4261
3553
2834
2201
1391
237
-1091
-2316
-3158
-3395
-3122
-2462
-1658
-1025
-454
273
1159
1870
2127
1904
1424
924
406
39
-55
-11
-11
-149
-231
-39
307
459
349
95
-186
-441
-771
-1017
-1072
-1080
-1259
-1600
-1849
-1757
-1321
-908
-547
-68
699
1620
2314
2875
3674
4806
5508
5074
3806
2754
2517
2331
1330
-261
-1518
-2052
-2307
-2600
-2556
-1876
-1106
-911
-1082
-787
307
1439
1843
1704
1723
2204
2678
2822
2865
3043
2998
2246
1029
43
-480
-1076
-2229
-3606
-4514
-4833
-4868
-4741
-4248
-3337
-2488
-2005
-1530
-626
539
1310
1359
1115
1069
1147
1043
780
668
693
443
-240
-890
-1083
-996
-1252
-2083
-2948
-3434
-3520
-3479
-3355
-2919
-2189
-1373
-584
290
1375
2645
3746
4451
4640
4363
3879
3250
2507
1609
532
-626
-1791
-2836
-3505
-3527
-2973
-2282
-1743
-1227
-371
760
1676
2067
2089
1953
1640
1086
453
116
125
111
-106
-265
-93
354
597
457
255
131
-52
-498
-1045
-1356
-1377
-1484
-1868
-2125
-1932
-1341
-814
-533
-73
838
1932
2622
2894
3260
4068
4940
5002
4189
3165
2562
2275
1623
498
-616
-1335
-1846
-2380
-2713
-2477
-1770
-1230
-1125
-1033
-407
602
1453
1850
1983
2251
2568
2714
2711
2732
2772
2491
1691
669
-160
-797
-1548
-2580
-3614
-4326
-4745
-4867
-4630
-4027
-3245
-2622
-2070
-1286
-249
692
1181
1324
1381
1384
1193
896
739
703
490
-64
-681
-989
-998
-1142
-1688
-2395
-2964
-3327
-3555
-3608
-3279
-2615
-1931
-1249
-457
625
1971
3165
3955
4348
4504
4381
3878
3006
2004
1099
105
-1055
-2218
-3047
-3306
-3113
-2693
-2178
-1506
-622
365
1219
1765
2066
2118
1905
1403
750
262
68
44
-51
-122
-13
293
578
614
550
498
316
-147
-754
-1142
-1202
-1291
-1636
-1997
-1996
-1615
-1216
-910
-429
390
1352
2004
2362
2805
3569
4525
4990
4606
3724
2923
2528
2170
1355
203
-871
-1648
-2242
-2715
-2780
-2306
-1650
-1316
-1304
-1031
-150
976
1712
1846
1861
2131
2490
2694
2723
2816
2856
2424
1457
407
-322
-891
-1751
-3016
-4194
-4882
-5065
-4905
-4517
-3868
-3057
-2270
-1521
-674
298
1146
1612
1628
1392
1143
979
894
782
541
117
-357
-702
-844
-976
-1279
-1785
-2430
-3060
-3540
-3657
-3356
-2829
-2325
-1854
-1105
-5
1325
2589
3511
4242
4667
4615
4125
3357
2568
1776
702
-655
-1948
-2900
-3346
-3354
-3078
-2606
-1931
-1113
-181
739
1455
1930
2100
1938
1454
810
316
140
116
-49
-228
-146
203
580
670
635
656
543
152
-471
-934
-1074
-1252
-1719
-2245
-2370
-2025
-1579
-1257
-787
113
1249
2177
2716
3263
4095
5047
5455
4887
3817
2918
2471
1969
963
-277
-1223
-1770
-2223
-2606
-2577
-1973
-1300
-1124
-1250
-1007
-139
829
1318
1402
1611
2144
2647
2917
3044
3242
3304
2764
1729
628
-208
-1001
-2131
-3480
-4571
-5108
-5186
-5011
-4598
-3843
-2918
-2055
-1313
-516
428
1229
1611
1545
1274
1047
880
720
549
317
-20
-418
-715
-840
-939
-1205
-1709
-2332
-2930
-3377
-3527
-3333
-2901
-2397
-1909
-1188
-102
1194
2556
3635
4434
4902
4825
4339
3584
2781
1927
803
-615
-2007
-3033
-3501
-3435
-3091
-2589
-1963
-1130
-131
868
1666
2077
2157
1902
1332
669
134
-103
-171
-325
-460
-340
109
603
832
819
711
514
109
-468
-949
-1216
-1458
-1878
-2362
-2483
-2128
-1551
-1013
-483
339
1449
2414
3006
3504
4257
5205
5504
4684
3377
2452
2158
1734
613
-749
-1634
-1939
-2182
-2444
-2302
-1631
-972
-935
-1163
-855
100
1005
1305
1261
1553
2234
2784
2987
3076
3290
3280
2574
1357
228
-537
-1340
-2577
-3963
-4908
-5187
-5059
-4773
-4225
-3342
-2375
-1564
-901
-137
759
1403
1569
1341
1042
846
710
587
453
258
-88
-491
-751
-802
-869
-1196
-1773
-2395
-2889
-3222
-3314
-3090
-2654
-2152
-1648
-862
332
1636
2684
3384
4077
4650
4664
4032
3068
2228
1470
414
-852
-1940
-2694
-3090
-3193
-2897
-2176
-1363
-659
35
833
1577
1985
2006
1736
1268
635
6
-302
-321
-329
-377
-288
62
524
786
812
765
601
198
-416
-1019
-1393
-1646
-2024
-2448
-2592
-2306
-1697
-1078
-461
436
1609
2644
3198
3484
4033
4949
5397
4699
3265
2095
1702
1443
581
-625
-1457
-1773
-1991
-2264
-2194
-1514
-807
-757
-1126
-1035
-161
863
1322
1353
1664
2332
2841
2962
3005
3259
3312
2536
1148
-77
-804
-1456
-2516
-3773
-4615
-4848
-4775
-4540
-3990
-3065
-2098
-1465
-1046
-413
486
1209
1415
1203
951
831
711
582
498
390
103
-409
-886
-1054
-1006
-1130
-1626
-2285
-2819
-3070
-3064
-2864
-2448
-1944
-1447
-852
56
1426
2828
3743
4162
4248
4140
3814
3118
2240
1310
153
-1129
-2234
-2913
-3010
-2726
-2309
-1798
-1181
-407
465
1289
1772
1811
1568
1178
734
204
-284
-444
-370
-371
-461
-342
178
769
951
731
461
271
-20
-533
-1075
-1378
-1551
-1865
-2249
-2365
-1994
-1349
-844
-411
403
1648
2714
3193
3470
4267
5345
5472
4267
2720
2006
1931
1323
-109
-1411
-1848
-1883
-2149
-2425
-2022
-1027
-461
-730
-1021
-519
551
1242
1227
1217
1791
2591
2986
2972
3076
3401
3244
2213
792
-264
-926
-1827
-3138
-4340
-4848
-4789
-4568
-4221
-3517
-2485
-1554
-997
-583
63
850
1329
1253
890
631
549
490
356
235
131
-130
-569
-971
-1123
-1147
-1378
-1954
-2650
-3105
-3215
-3079
-2811
-2457
-1962
-1276
-385
686
1813
2793
3651
4287
4408
4052
3345
2589
1844
849
-318
-1382
-2241
-2890
-3166
-2902
-2136
-1296
-732
-205
619
1525
2005
1946
1654
1366
920
182
-444
-523
-268
-175
-347
-355
125
748
1000
813
514
296
-38
-582
-1091
-1317
-1402
-1677
-2081
-2178
-1741
-1043
-463
72
904
1951
2719
3099
3600
4611
5519
5263
3882
2488
1952
1822
1080
-331
-1546
-2091
-2323
-2570
-2529
-1824
-951
-717
-1061
-1090
-299
733
1198
1112
1194
1745
2336
2611
2804
3182
3363
2778
1542
400
-299
-1000
-2142
-3473
-4413
-4748
-4733
-4520
-3944
-2968
-1988
-1391
-1004
-407
493
1237
1388
1114
842
746
690
574
498
528
408
-92
-700
-991
-946
-1008
-1514
-2295
-2905
-3147
-3138
-3010
-2725
-2261
-1680
-1022
-184
908
2091
3070
3656
3918
3853
3519
2934
2130
1208
162
-888
-1790
-2489
-2878
-2845
-2424
-1748
-1056
-454
195
952
1610
1888
1744
1399
1018
578
70
-322
-388
-278
-226
-243
-100
347
854
1058
900
611
353
75
-365
-854
-1224
-1519
-1850
-2166
-2187
-1716
-1040
-440
209
1140
2148
2916
3484
4280
5314
5648
4777
3300
2293
1991
1514
287
-1154
-2019
-2352
-2606
-2739
-2293
-1352
-779
-957
-1213
-707
420
1171
1160
1014
1413
2159
2631
2768
2995
3370
3220
2184
864
-8
-485
-1301
-2725
-4062
-4631
-4585
-4421
-4180
-3512
-2435
-1522
-1114
-818
-109
849
1414
1258
805
651
735
722
539
405
385
173
-375
-927
-1141
-1102
-1267
-1918
-2716
-3177
-3181
-2982
-2816
-2586
-2106
-1429
-731
134
1328
2552
3456
3806
3737
3606
3337
2738
1838
686
-520
-1552
-2366
-2889
-3050
-2873
-2369
-1604
-776
21
816
1568
2072
2151
1821
1365
984
550
30
-367
-459
-291
-141
-85
133
576
1014
1062
769
467
260
-16
-545
-1093
-1438
-1618
-1811
-1983
-1830
-1332
-712
-105
667
1671
2585
3189
3687
4528
5351
5288
4180
2778
2011
1641
858
-469
-1680
-2260
-2532
-2807
-2806
-2149
-1189
-770
-966
-984
-247
780
1274
1206
1244
1785
2391
2620
2679
2945
3210
2791
1609
397
-272
-775
-1772
-3178
-4227
-4500
-4353
-4199
-3865
-3009
-1893
-1145
-896
-544
309
1204
1473
1114
776
804
867
671
380
301
298
-39
-698
-1214
-1291
-1239
-1545
-2272
-2921
-3119
-2962
-2749
-2612
-2309
-1690
-841
-29
717
1607
2635
3566
3872
3488
2904
2375
1811
947
-225
-1273
-1991
-2535
-2930
-2919
-2333
-1406
-611
-152
304
1016
1716
2015
1814
1355
924
548
155
-139
-192
-111
-67
-119
-68
298
803
1085
995
708
445
242
-29
-389
-759
-1086
-1447
-1804
-1874
-1589
-1010
-382
252
1010
1791
2581
3448
4498
5354
5324
4356
3118
2383
2028
1285
-83
-1488
-2350
-2760
-2971
-2899
-2244
-1309
-902
-1070
-1080
-284
854
1374
1159
955
1373
1991
2298
2418
2741
3120
2818
1718
577
17
-311
-1192
-2687
-3975
-4434
-4298
-4081
-3821
-3147
-2081
-1172
-754
-476
254
1248
1711
1345
715
511
693
732
443
174
105
-28
-452
-994
-1223
-1141
-1275
-1914
-2737
-3121
-2925
-2552
-2381
-2287
-1858
-1114
-230
605
1391
2303
3159
3630
3518
2966
2376
1836
1069
-80
-1293
-2142
-2632
-2984
-3150
-2799
-1878
-817
-45
484
1067
1719
2145
2066
1620
1109
650
224
-169
-387
-344
-187
-69
19
193
537
851
878
641
360
184
10
-303
-694
-987
-1162
-1356
-1524
-1449
-1053
-446
211
871
1544
2245
3008
3981
4955
5277
4708
3600
2690
2174
1510
338
-1069
-2187
-2858
-3216
-3208
-2639
-1715
-1073
-987
-974
-420
590
1321
1364
1127
1236
1679
2094
2319
2574
2945
2923
2170
1060
210
-233
-833
-2055
-3466
-4336
-4447
-4160
-3838
-3342
-2451
-1419
-733
-375
145
1008
1745
1751
1147
665
659
770
629
263
4
-87
-358
-829
-1226
-1338
-1370
-1743
-2448
-3032
-3085
-2739
-2402
-2244
-1982
-1279
-288
579
1171
1759
2468
3093
3336
3023
2422
1766
1032
188
-739
-1558
-2097
-2451
-2747
-2792
-2334
-1431
-446
235
629
1021
1543
1958
2002
1679
1171
697
250
-159
-367
-348
-227
-164
-120
80
471
853
990
873
629
382
78
-346
-781
-1153
-1385
-1530
-1595
-1407
-877
-64
805
1545
2130
2730
3551
4539
5174
4937
3921
2791
2136
1691
874
-347
-1536
-2344
-2857
-3175
-2995
-2199
-1344
-1048
-1198
-1026
-128
911
1344
1230
1226
1603
1994
2135
2243
2631
2918
2458
1338
312
-150
-487
-1364
-2708
-3788
-4175
-4147
-4026
-3703
-2905
-1808
-998
-654
-312
482
1429
1816
1446
865
666
769
747
482
216
84
-146
-596
-1052
-1258
-1275
-1498
-2119
-2837
-3161
-2969
-2568
-2266
-2059
-1656
-924
31
963
1700
2299
2857
3373
3490
3040
2280
1500
789
-91
-1165
-2044
-2519
-2786
-2974
-2840
-2104
-927
96
680
1109
1643
2145
2245
1902
1373
866
382
-129
-455
-472
-299
-150
-107
13
326
677
826
685
393
123
-143
-459
-781
-1044
-1216
-1346
-1459
-1378
-1069
-556
111
871
1632
2222
2701
3355
4375
5151
4923
3793
2579
1990
1663
838
-503
-1709
-2443
-2888
-3147
-2961
-2126
-1215
-921
-1089
-908
6
1035
1425
1258
1261
1683
2053
2138
2274
2751
3082
2555
1339
315
-108
-523
-1550
-2952
-3949
-4234
-4206
-4120
-3715
-2763
-1650
-962
-700
-257
686
1609
1849
1411
922
774
800
696
469
298
132
-217
-725
-1112
-1224
-1249
-1556
-2230
-2914
-3165
-2915
-2500
-2226
-1993
-1484
-661
240
969
1577
2262
2872
3159
3077
2701
2260
1719
901
-71
-955
-1589
-2016
-2416
-2737
-2658
-2052
-1180
-389
201
724
1307
1808
2007
1898
1577
1130
630
91
-315
-407
-330
-258
-227
-122
180
563
779
780
645
403
58
-380
-801
-1086
-1291
-1520
-1648
-1559
-1215
-699
-75
775
1760
2459
2727
3021
3840
4915
5198
4206
2756
1916
1698
1203
52
-1192
-1969
-2435
-2975
-3249
-2731
-1703
-1031
-1117
-1261
-680
437
1264
1433
1410
1664
2004
2070
2066
2370
2805
2633
1633
532
-36
-311
-1001
-2175
-3226
-3776
-4043
-4261
-4090
-3258
-2182
-1514
-1294
-859
166
1247
1683
1502
1255
1220
1133
839
574
508
416
-65
-808
-1269
-1265
-1147
-1406
-2073
-2689
-2916
-2808
-2592
-2371
-2045
-1580
-1030
-454
303
1367
2397
3035
3148
3048
3025
2917
2478
1682
704
-321
-1276
-2053
-2502
-2610
-2531
-2282
-1840
-1181
-368
441
1166
1677
1889
1813
1553
1244
910
539
123
-215
-372
-323
-148
63
266
444
638
708
595
295
-75
-356
-630
-984
-1395
-1649
-1658
-1500
-1340
-1130
-585
295
1303
2057
2443
2855
3550
4453
4970
4593
3637
2663
2027
1437
562
-445
-1279
-1949
-2639
-3126
-3025
-2246
-1452
-1232
-1360
-1208
-458
415
921
1135
1393
1779
2031
2150
2412
2859
3065
2601
1628
697
29
-646
-1570
-2646
-3510
-4077
-4449
-4443
-3925
-3017
-2164
-1619
-1106
-337
591
1303
1600
1613
1526
1343
1055
822
737
640
277
-332
-870
-1079
-1114
-1291
-1682
-2171
-2581
-2809
-2849
-2683
-2324
-1939
-1517
-952
-161
776
1657
2367
2853
3111
3148
3031
2734
2171
1326
343
-604
-1403
-1983
-2317
-2413
-2313
-2075
-1641
-1003
-248
495
1060
1450
1641
1618
1416
1105
757
391
24
-245
-295
-170
1
147
360
675
956
981
740
447
189
-131
-653
-1231
-1629
-1788
-1842
-1895
-1729
-1181
-328
604
1400
2072
2632
3146
3664
4199
4529
4268
3444
2390
1599
1134
633
-97
-1002
-1867
-2548
-2883
-2760
-2295
-1829
-1692
-1716
-1472
-760
205
1020
1516
1787
2028
2244
2449
2703
2922
2910
2394
1460
521
-172
-740
-1445
-2370
-3300
-3975
-4284
-4166
-3682
-3001
-2315
-1733
-1165
-475
384
1208
1742
1845
1597
1281
1054
929
764
427
-55
-550
-923
-1137
-1240
-1355
-1581
-1996
-2534
-2892
-2859
-2501
-2124
-1916
-1712
-1157
-191
848
1716
2332
2800
3081
3038
2808
2594
2371
1808
760
-415
-1217
-1542
-1670
-1832
-1956
-1928
-1777
-1446
-852
-41
672
968
944
950
1100
1219
1129
849
524
235
22
3
205
483
646
662
622
642
680
574
297
-187
-769
-1304
-1727
-1965
-2069
-2043
-1833
-1362
-674
153
1040
1924
2651
3046
3231
3532
4137
4474
3975
2805
1679
1260
1155
677
-223
-1169
-1836
-2349
-2750
-2760
-2258
-1692
-1622
-1869
-1673
-633
683
1501
1718
1881
2254
2572
2708
2816
3034
2936
2070
790
-168
-531
-901
-1820
-3045
-3921
-4228
-4248
-4095
-3620
-2786
-2012
-1588
-1197
-372
825
1709
1858
1542
1335
1328
1201
882
570
385
96
-493
-1087
-1269
-1129
-1192
-1782
-2580
-2995
-2876
-2584
-2444
-2346
-1944
-1166
-274
511
1288
2201
2962
3242
3100
2896
2817
2568
1828
759
-192
-849
-1288
-1615
-1837
-1873
-1796
-1655
-1346
-805
-155
373
653
722
735
761
756
709
567
368
209
132
186
372
580
769
910
966
921
791
591
312
-83
-618
-1218
-1727
-2074
-2192
-2061
-1754
-1287
-725
-20
917
1834
2500
2942
3432
4176
4681
4384
3443
2555
2190
1925
1204
144
-767
-1401
-2068
-2762
-2997
-2581
-2057
-2042
-2339
-2068
-986
220
924
1181
1589
2245
2649
2754
2914
3272
3349
2599
1389
501
72
-500
-1658
-2994
-3828
-4159
-4377
-4513
-4142
-3189
-2253
-1773
-1448
-634
638
1576
1717
1435
1344
1478
1393
979
632
577
462
-51
-712
-987
-836
-859
-1472
-2369
-2915
-2912
-2742
-2700
-2672
-2380
-1741
-996
-112
1013
2201
3206
3695
3747
3701
3587
3284
2608
1510
272
-821
-1639
-2194
-2555
-2730
-2638
-2279
-1748
-1086
-266
543
1066
1180
946
743
675
541
298
11
-101
24
178
318
525
795
1009
1005
784
526
311
62
-337
-837
-1297
-1647
-1862
-1975
-1954
-1707
-1313
-759
35
939
1729
2286
2772
3570
4543
4964
4480
3471
2664
2297
1878
1052
67
-753
-1479
-2227
-2739
-2622
-2003
-1632
-1875
-2182
-1812
-775
222
736
1053
1595
2204
2542
2751
3174
3700
3606
2603
1339
513
4
-888
-2289
-3567
-4249
-4522
-4729
-4727
-4098
-3006
-2107
-1660
-1245
-330
870
1608
1638
1365
1275
1335
1225
963
779
688
425
-121
-651
-825
-798
-1028
-1700
-2509
-3033
-3137
-3011
-2805
-2543
-2168
-1575
-775
232
1366
2423
3289
3813
3936
3873
3746
3469
2838
1702
354
-800
-1586
-2117
-2532
-2817
-2849
-2574
-2114
-1458
-609
293
998
1307
1261
1167
1136
1002
652
127
-245
-285
-158
-26
120
373
682
853
787
594
408
169
-266
-884
-1508
-1960
-2228
-2336
-2291
-2042
-1551
-827
133
1166
1990
2477
2827
3427
4369
4989
4708
3716
2710
2221
1920
1327
488
-339
-1127
-1988
-2659
-2690
-2134
-1669
-1818
-2167
-1899
-944
79
738
1180
1773
2349
2558
2634
3012
3574
3615
2697
1379
495
23
-720
-1963
-3202
-3933
-4327
-4728
-4895
-4322
-3184
-2246
-1864
-1547
-610
688
1530
1661
1480
1473
1518
1297
992
920
962
658
-67
-710
-832
-724
-976
-1688
-2493
-3009
-3207
-3217
-3069
-2728
-2265
-1741
-1067
-135
1092
2296
3192
3692
3832
3872
3829
3563
2951
1917
658
-540
-1474
-2089
-2491
-2776
-2873
-2681
-2223
-1558
-762
77
776
1190
1274
1185
1121
989
710
317
-36
-157
-111
1
171
405
659
788
748
632
446
136
-314
-815
-1230
-1584
-1934
-2126
-2047
-1767
-1447
-1036
-267
835
1753
2165
2441
3207
4434
5136
4695
3618
2906
2720
2328
1350
253
-494
-1149
-2084
-2924
-2891
-2069
-1485
-1714
-2120
-1714
-574
364
708
956
1599
2270
2428
2385
2798
3559
3717
2777
1467
675
261
-591
-2036
-3368
-4089
-4489
-4947
-5139
-4489
-3266
-2323
-1927
-1529
-500
830
1603
1678
1516
1510
1502
1198
886
888
987
693
-54
-679
-775
-682
-998
-1767
-2554
-3016
-3195
-3261
-3164
-2752
-2136
-1531
-840
120
1441
2827
3727
4078
4114
3985
3719
3174
2326
1317
189
-991
-1992
-2606
-2799
-2654
-2331
-1940
-1460
-838
-108
606
1032
1075
935
736
526
272
65
43
100
50
-65
-36
218
511
552
437
360
317
158
-193
-491
-567
-659
-1062
-1610
-1886
-1682
-1317
-1195
-1063
-386
704
1607
2034
2571
3893
5268
5436
4300
3120
2939
3102
2344
719
-648
-1226
-1659
-2439
-2990
-2593
-1710
-1480
-1990
-2113
-1123
248
871
727
841
1677
2510
2753
2760
3141
3582
3202
1965
807
292
-156
-1309
-2909
-4070
-4486
-4566
-4655
-4440
-3637
-2640
-1998
-1610
-919
197
1183
1481
1315
1254
1409
1467
1268
1074
1037
898
399
-242
-588
-646
-842
-1470
-2324
-2982
-3252
-3268
-3222
-3046
-2683
-2003
-1098
-114
940
1977
2907
3513
3795
3865
3795
3472
2685
1552
433
-447
-1102
-1710
-2286
-2623
-2585
-2279
-1848
-1304
-635
23
449
660
851
1099
1189
933
464
97
-29
-64
-103
-111
15
236
404
485
563
673
653
295
-331
-827
-1080
-1323
-1727
-2137
-2156
-1698
-1191
-771
-107
821
1763
2417
2910
3864
4933
5205
4443
3343
2856
2848
2384
1136
-239
-1139
-1716
-2299
-2735
-2532
-1878
-1602
-1847
-1866
-1015
271
1041
1095
1151
1657
2284
2618
2752
3061
3302
2889
1900
926
440
42
-980
-2479
-3761
-4379
-4545
-4643
-4532
-3925
-2993
-2232
-1779
-1151
-54
1098
1614
1395
1090
1172
1397
1363
1058
866
846
602
45
-508
-694
-745
-1235
-2173
-3050
-3410
-3357
-3281
-3261
-2989
-2345
-1390
-196
974
2057
2861
3317
3730
4082
4108
3591
2506
1183
23
-824
-1426
-1913
-2447
-2967
-3104
-2638
-1727
-758
-86
323
637
859
1010
1131
1151
949
478
-52
-242
-65
184
255
190
234
423
564
576
510
425
223
-251
-797
-1149
-1241
-1272
-1443
-1575
-1433
-969
-377
235
887
1662
2472
3389
4348
4890
4778
4065
3314
2892
2447
1609
405
-766
-1618
-2237
-2568
-2478
-1959
-1462
-1389
-1507
-1262
-419
515
960
963
1034
1432
2023
2535
2921
3251
3250
2710
1790
825
93
-640
-1725
-3069
-4271
-4890
-4825
-4403
-3856
-3189
-2406
-1573
-840
-211
467
1140
1506
1363
955
669
749
967
941
666
335
141
7
-270
-691
-1123
-1579
-2145
-2795
-3241
-3247
-2932
-2532
-2124
-1549
-668
360
1376
2237
2862
3221
3273
3033
2495
1763
998
235
-582
-1466
-2173
-2386
-2154
-1801
-1540
-1262
-707
51
614
798
797
846
816
502
22
-218
-76
25
-152
-352
-237
212
584
664
675
737
752
561
268
151
106
-167
-776
-1380
-1536
-1288
-1042
-896
-522
127
804
1378
2078
3402
4805
5226
4522
3504
3175
3265
2783
1461
-43
-1092
-1819
-2469
-2761
-2404
-1671
-1326
-1536
-1566
-869
170
834
888
835
1062
1385
1732
2204
2838
3190
2841
2051
1367
926
291
-837
-2127
-3194
-3973
-4536
-4724
-4243
-3292
-2459
-1965
-1436
-518
508
1068
1091
954
903
791
439
154
253
535
554
195
-96
-20
158
-40
-686
-1418
-1973
-2349
-2668
-2912
-2862
-2545
-1920
-1126
-397
410
1285
2112
2701
2820
2649
2416
1967
1211
274
-527
-1051
-1500
-2026
-2438
-2363
-1802
-1145
-701
-417
49
663
1010
987
730
539
410
93
-289
-501
-444
-281
-312
-387
-202
267
762
960
878
807
796
638
302
-86
-381
-666
-1103
-1517
-1533
-1116
-598
-51
489
1126
1880
2601
3624
4575
4849
4262
3237
2726
2733
2510
1537
112
-1047
-1742
-2155
-2371
-2194
-1709
-1416
-1535
-1553
-847
326
1120
1153
998
1219
1688
2012
2171
2470
2735
2440
1590
816
510
251
-594
-1977
-3195
-3780
-3919
-3957
-3840
-3323
-2503
-1762
-1275
-681
262
1171
1522
1195
736
611
653
572
313
59
-48
-138
-311
-440
-407
-352
-610
-1271
-2026
-2404
-2413
-2336
-2273
-2146
-1686
-980
-237
520
1279
1979
2505
2661
2368
1848
1277
711
69
-743
-1453
-1848
-2036
-2194
-2257
-1986
-1372
-728
-315
61
598
1165
1462
1308
963
682
395
57
-302
-537
-597
-616
-574
-330
117
586
865
908
885
855
723
422
15
-435
-828
-1129
-1270
-1112
-740
-196
388
902
1514
2273
3316
4275
4548
4119
3367
2923
2808
2498
1713
594
-548
-1509
-2236
-2496
-2258
-1828
-1611
-1732
-1660
-1031
-53
768
1047
1045
1089
1196
1417
1772
2264
2564
2316
1680
1121
856
552
-154
-1223
-2349
-3322
-3977
-4147
-3795
-3126
-2539
-2091
-1509
-595
476
1269
1616
1611
1390
1029
626
406
398
354
48
-372
-539
-411
-247
-323
-682
-1142
-1642
-2133
-2454
-2553
-2455
-2177
-1738
-1129
-320
617
1564
2379
2807
2817
2434
1753
928
55
-784
-1586
-2325
-2910
-3162
-2975
-2429
-1692
-949
-360
134
597
1039
1404
1488
1252
852
481
245
99
-85
-263
-367
-406
-427
-421
-229
141
430
422
279
340
598
745
538
151
-124
-261
-386
-447
-297
137
627
912
1238
1939
3245
4467
4730
4043
3075
2708
2752
2411
1455
215
-875
-1703
-2308
-2496
-2097
-1488
-1281
-1534
-1657
-1057
18
765
803
584
651
991
1387
1790
2327
2745
2526
1752
991
575
180
-659
-1886
-3022
-3768
-4158
-4166
-3705
-2867
-1977
-1289
-709
61
1004
1756
2033
1798
1382
988
610
345
217
126
-76
-387
-612
-583
-430
-436
-721
-1203
-1772
-2199
-2407
-2426
-2327
-2175
-1656
-853
-27
743
1366
2104
2815
3053
2766
2032
1111
201
-698
-1552
-2286
-2932
-3476
-3690
-3378
-2587
-1641
-904
-374
219
887
1446
1782
1843
1705
1332
765
350
205
103
-183
-602
-797
-584
-227
70
263
372
470
442
351
324
311
124
-327
-803
-1018
-735
-278
134
598
1069
1753
2573
3604
4688
5127
4656
3580
2774
2513
2270
1567
352
-917
-1874
-2474
-2564
-2178
-1641
-1372
-1502
-1571
-1082
-190
559
775
638
615
759
1093
1629
2313
2812
2627
1860
1156
843
500
-412
-1805
-3094
-3919
-4409
-4592
-4216
-3308
-2320
-1613
-1039
-128
1146
2119
2361
2080
1752
1489
1083
568
241
222
129
-240
-569
-517
-189
-122
-522
-1099
-1563
-1888
-2224
-2564
-2713
-2435
-1879
-1251
-612
87
1008
2010
2735
2968
2780
2282
1588
750
-155
-969
-1659
-2388
-3120
-3616
-3600
-3002
-2231
-1663
-1241
-764
-66
654
1123
1350
1374
1243
930
582
402
388
290
5
-268
-358
-156
215
548
713
667
519
382
317
198
-51
-436
-850
-1089
-1077
-748
-134
607
1285
1909
2651
3858
5139
5667
5183
4106
3382
3092
2576
1562
293
-868
-1847
-2647
-2917
-2464
-1678
-1308
-1472
-1544
-985
-8
641
682
476
458
572
765
1151
1847
2514
2512
1930
1301
979
698
-133
-1450
-2843
-3942
-4634
-4906
-4648
-3877
-2907
-2037
-1259
-357
784
1910
2577
2626
2224
1679
1226
903
673
403
-4
-431
-642
-562
-357
-260
-396
-768
-1310
-1810
-2063
-2068
-2020
-2116
-2143
-1799
-1041
-172
693
1554
2231
2537
2306
1842
1505
1139
525
-422
-1464
-2247
-2709
-2931
-2952
-2745
-2371
-1992
-1658
-1189
-487
260
682
692
565
530
631
685
596
387
92
-82
-109
48
354
641
839
842
798
862
923
846
478
-81
-650
-1120
-1318
-1168
-811
-325
210
910
1894
3100
4610
5780
6031
5375
4366
3853
3664
3053
1770
158
-1250
-2237
-2818
-2853
-2359
-1753
-1554
-1694
-1539
-724
358
913
693
246
92
260
597
1047
1627
1990
1823
1318
986
1000
752
-217
-1693
-3139
-4131
-4693
-4883
-4593
-3950
-3197
-2450
-1620
-406
1002
2105
2605
2566
2366
2121
1776
1408
1054
706
202
-348
-586
-422
-93
-37
-366
-855
-1288
-1598
-1743
-1879
-1823
-1689
-1599
-1317
-884
-76
841
1551
2066
2264
2113
1685
1151
685
193
-511
-1405
-2188
-2691
-2941
-2966
-2809
-2464
-2047
-1740
-1439
-886
-191
398
574
430
308
300
317
232
61
-130
-224
-200
-66
224
603
989
1165
1107
993
909
838
571
113
-427
-829
-1023
-1017
-818
-338
333
1140
2003
3041
4502
5676
5984
5374
4488
4148
3949
3154
1687
55
-1169
-2068
-2717
-2873
-2392
-1689
-1434
-1524
-1271
-381
620
951
582
219
108
170
358
726
1379
1799
1582
1099
881
972
712
-317
-1817
-3165
-4118
-4744
-4981
-4717
-4060
-3319
-2600
-1695
-445
918
1970
2453
2470
2300
2020
1706
1440
1214
915
404
-78
-216
-50
87
-73
-487
-923
-1356
-1712
-1937
-1979
-1970
-1821
-1441
-914
-216
511
1271
1928
2284
2289
2094
1724
1203
546
-227
-1034
-1736
-2245
-2553
-2696
-2776
-2654
-2318
-1911
-1499
-1157
-755
-205
227
331
180
38
87
130
-114
-473
-612
-510
-406
-354
-123
429
977
1183
1169
1258
1396
1255
712
19
-491
-806
-1031
-1115
-963
-469
272
981
1853
2880
4232
5521
5963
5561
4655
3977
3705
3230
2204
794
-546
-1492
-2092
-2281
-2018
-1460
-1129
-1241
-1298
-793
132
761
615
108
-147
-58
240
594
1090
1579
1634
1253
848
725
633
36
-1163
-2589
-3685
-4328
-4582
-4538
-4230
-3652
-2928
-2144
-1234
-120
1035
1937
2233
2022
1687
1476
1439
1311
949
507
183
61
53
63
71
12
-339
-929
-1490
-1718
-1712
-1699
-1901
-1863
-1252
-498
255
818
1401
2074
2412
2251
1896
1493
997
248
-736
-1629
-2167
-2507
-2817
-2992
-2860
-2356
-1767
-1332
-955
-480
47
450
537
361
129
-82
-252
-464
-768
-965
-961
-820
-683
-427
63
737
1247
1357
1334
1346
1373
1163
598
-28
-524
-857
-1021
-987
-658
92
852
1565
2370
3372
4797
5752
5745
4971
4025
3561
3246
2525
1344
52
-938
-1643
-2009
-1920
-1365
-738
-594
-819
-800
-207
499
669
167
-310
-387
-183
81
397
970
1419
1347
896
539
458
163
-757
-2097
-3283
-4061
-4457
-4575
-4380
-3827
-3121
-2366
-1579
-605
478
1392
1863
1806
1544
1316
1195
1096
872
528
226
158
269
363
324
215
80
-257
-791
-1229
-1316
-1218
-1239
-1403
-1330
-824
-75
672
1271
1832
2284
2400
2074
1546
1141
785
92
-985
-1999
-2525
-2682
-2826
-2927
-2677
-2045
-1428
-1078
-681
-15
653
856
477
17
-216
-371
-718
-1183
-1399
-1291
-1125
-1037
-839
-274
487
1003
1160
1158
1272
1417
1271
825
275
-201
-563
-888
-999
-752
-153
538
1113
1791
2797
4244
5450
5686
5028
4140
3713
3506
2877
1700
375
-730
-1549
-2009
-1928
-1268
-552
-289
-460
-446
143
855
1017
468
-171
-461
-471
-353
-61
523
1048
1045
668
402
450
353
-409
-1673
-2899
-3752
-4262
-4498
-4358
-3835
-3178
-2561
-1914
-982
200
1237
1710
1575
1261
1029
897
742
496
247
7
-149
-113
125
424
584
482
99
-357
-666
-728
-731
-915
-1150
-1142
-771
-130
567
1137
1583
1917
2110
2112
1912
1538
1037
319
-575
-1346
-1821
-2061
-2322
-2580
-2567
-2149
-1583
-1118
-681
-152
407
655
507
257
103
-117
-595
-1215
-1627
-1702
-1640
-1593
-1395
-857
-90
591
1012
1286
1513
1650
1487
1059
477
-100
-625
-1064
-1250
-1087
-649
2
649
1323
2142
3127
4385
5224
5150
4319
3416
3127
3085
2556
1468
302
-498
-1032
-1410
-1407
-898
-310
-248
-571
-568
85
825
902
358
-109
-194
-157
-147
43
549
913
699
237
66
201
67
-731
-1826
-2699
-3287
-3727
-3986
-3841
-3278
-2691
-2300
-1835
-972
153
1000
1264
1111
952
870
650
366
169
97
40
-143
-195
60
445
684
554
181
-115
-321
-496
-753
-966
-828
-591
-426
-172
342
1079
1636
1876
1990
1931
1611
1060
487
-74
-641
-1194
-1693
-2059
-2241
-2134
-1726
-1289
-984
-720
-390
59
440
523
308
-29
-366
-778
-1239
-1550
-1644
-1650
-1756
-1782
-1373
-624
179
731
1050
1335
1527
1582
1455
1169
732
123
-579
-1064
-1142
-857
-303
284
762
1364
2091
3214
4523
5142
4839
3833
3048
2910
2781
2127
1023
-11
-732
-1215
-1378
-1039
-314
122
-33
-319
-152
471
894
662
112
-277
-423
-404
-220
255
800
879
460
73
51
80
-385
-1355
-2362
-3142
-3746
-4103
-4012
-3413
-2708
-2255
-1915
-1245
-180
754
1110
961
716
551
295
-39
-238
-211
-114
-211
-364
-229
214
643
716
412
90
-151
-268
-391
-569
-628
-597
-376
-127
203
712
1273
1635
1632
1528
1535
1498
1146
490
-162
-578
-855
-1178
-1528
-1714
-1656
-1469
-1299
-1058
-608
0
415
480
432
396
329
-13
-637
-1209
-1569
-1742
-1853
-1868
-1626
-1061
-321
349
878
1279
1555
1656
1510
1160
694
98
-547
-1082
-1305
-1178
-886
-416
262
915
1563
2071
2818
3954
4605
4359
3355
2574
2605
2719
2243
1192
209
-302
-720
-1090
-1118
-653
-135
-193
-606
-611
34
705
734
252
-101
-132
-34
-2
211
669
924
716
288
87
129
-95
-856
-1887
-2831
-3472
-3820
-3827
-3456
-2929
-2426
-1971
-1330
-388
515
1042
1111
920
647
252
-108
-272
-287
-300
-446
-531
-279
201
618
768
589
289
-21
-291
-582
-837
-1036
-915
-543
-183
334
793
1286
1678
1810
1972
2003
1676
984
102
-515
-880
-1185
-1510
-1774
-1742
-1475
-1123
-748
-347
112
432
466
414
355
300
40
-489
-1044
-1448
-1595
-1595
-1603
-1615
-1443
-959
-258
419
879
1204
1383
1409
1272
1010
692
224
-364
-967
-1302
-1225
-869
-380
190
744
1305
1810
2441
3517
4423
4523
3648
2585
2346
2610
2551
1758
709
20
-456
-863
-1045
-693
-127
-118
-704
-1093
-667
172
586
305
-75
-103
86
292
580
1088
1442
1183
551
83
2
-134
-817
-1911
-2959
-3671
-3994
-3953
-3602
-3071
-2539
-2037
-1423
-608
254
915
1166
1016
641
235
-20
-71
-69
-150
-306
-385
-236
98
439
614
540
211
-267
-665
-914
-1029
-1161
-1132
-871
-468
60
563
1177
1778
2053
2065
1921
1631
1191
591
58
-395
-824
-1252
-1548
-1492
-1252
-1012
-827
-601
-278
4
148
207
227
176
-39
-382
-665
-883
-1051
-1147
-1196
-1157
-1015
-716
-199
384
800
1054
1243
1349
1259
966
529
80
-446
-1033
-1421
-1454
-1167
-779
-412
173
917
1593
2120
2612
3548
4366
4323
3430
2547
2529
2899
2600
1552
533
11
-374
-939
-1287
-1021
-522
-653
-1318
-1553
-840
156
498
109
-142
128
556
791
922
1300
1658
1467
837
330
256
168
-651
-2020
-3177
-3747
-3923
-4035
-3997
-3516
-2772
-2072
-1522
-820
174
1048
1304
915
437
251
249
142
-79
-186
-120
-39
22
201
534
779
546
-102
-804
-1234
-1378
-1524
-1679
-1693
-1358
-782
-116
640
1413
2106
2441
2377
2205
2065
1831
1343
578
-164
-667
-959
-1134
-1260
-1293
-1217
-1123
-990
-773
-411
-44
87
25
-81
-67
-20
-116
-314
-522
-648
-674
-639
-431
-81
221
442
641
905
1191
1227
961
574
141
-369
-933
-1399
-1564
-1491
-1412
-1304
-963
-263
681
1398
1863
2254
2822
3731
4316
4234
3595
2934
2736
2659
2197
1382
539
-140
-810
-1476
-1744
-1528
-1288
-1478
-1912
-1854
-1101
-277
100
107
313
774
1125
1263
1479
1962
2229
1860
1111
535
243
-268
-1285
-2458
-3368
-3940
-4306
-4419
-4023
-3270
-2536
-1962
-1403
-542
391
948
1085
938
767
616
428
380
490
584
504
309
315
559
697
450
-141
-788
-1367
-1849
-2141
-2158
-1939
-1720
-1525
-946
149
1388
2168
2294
2355
2639
2893
2662
1961
1265
683
76
-584
-1071
-1183
-1168
-1329
-1538
-1495
-1097
-645
-467
-525
-583
-432
-221
-78
-12
27
118
125
56
81
226
391
389
248
198
342
518
598
523
322
90
-219
-554
-854
-1115
-1370
-1646
-1831
-1705
-1207
-516
150
859
1499
2092
2577
3126
4077
4837
4755
3809
2808
2549
2720
2414
1401
172
-814
-1620
-2292
-2609
-2380
-2054
-2215
-2573
-2331
-1234
36
739
961
1235
1660
1870
1843
1981
2328
2331
1498
354
-243
-305
-614
-1648
-2832
-3479
-3713
-3935
-4080
-3660
-2780
-2178
-2111
-1930
-984
328
1112
1138
967
1141
1402
1384
1222
1244
1362
1112
451
-91
-120
13
-261
-1032
-1825
-2222
-2225
-2120
-2023
-1837
-1549
-1153
-708
-34
1023
2076
2707
2764
2534
2606
2954
3074
2581
1513
379
-436
-955
-1388
-1774
-2091
-2331
-2438
-2276
-1764
-937
-163
157
161
209
560
1028
1171
943
646
464
365
316
392
595
653
365
-74
-253
-85
43
-179
-703
-1118
-1256
-1335
-1448
-1483
-1349
-1191
-1173
-1081
-590
246
987
1474
1724
2087
2681
3420
4318
4858
4668
3771
2775
2322
2171
1670
504
-915
-2087
-2883
-3243
-3143
-2597
-2050
-1912
-1955
-1445
-217
1066
1713
1628
1461
1509
1639
1726
1817
1949
1754
1032
116
-442
-573
-840
-1667
-2792
-3688
-4115
-4127
-3892
-3435
-2883
-2422
-1962
-1217
-96
1052
1754
1930
1817
1705
1712
1739
1689
1392
837
192
-312
-519
-550
-603
-881
-1416
-1953
-2215
-2046
-1637
-1341
-1295
-1306
-1029
-340
640
1586
2297
2696
2782
2683
2632
2700
2611
2039
879
-364
-1128
-1397
-1438
-1610
-1921
-2126
-2083
-1729
-1163
-517
12
263
282
284
508
972
1321
1286
918
552
421
414
367
195
-5
-218
-464
-618
-549
-289
-96
-263
-707
-1076
-1190
-1186
-1321
-1572
-1693
-1548
-1130
-599
58
812
1502
2065
2317
2537
2902
3494
4103
4085
3325
2265
1663
1716
1785
1145
-94
-1283
-2062
-2471
-2693
-2626
-2270
-1953
-1889
-1772
-1005
283
1416
1777
1499
1211
1170
1274
1355
1376
1265
949
452
73
22
37
-254
-1044
-2054
-2923
-3467
-3635
-3467
-3118
-2851
-2602
-2062
-991
325
1365
1913
2119
2135
1946
1630
1341
1139
813
148
-592
-976
-856
-572
-569
-861
-1150
-1266
-1317
-1360
-1367
-1269
-1197
-1134
-932
-274
813
1812
2397
2499
2455
2481
2510
2398
2064
1377
392
-510
-1039
-1169
-1251
-1473
-1639
-1614
-1400
-1098
-698
-219
96
115
-6
110
530
909
954
749
506
319
150
-24
-79
-113
-297
-604
-779
-606
-237
-29
-126
-357
-553
-751
-1028
-1308
-1453
-1414
-1335
-1257
-943
-274
549
1151
1463
1720
2091
2472
2715
2992
3296
3304
2786
2027
1721
1986
2056
1339
126
-926
-1522
-1947
-2384
-2611
-2558
-2432
-2360
-2028
-1146
56
949
1226
1209
1296
1556
1757
1806
1739
1555
1196
717
400
273
49
-585
-1538
-2351
-2862
-3156
-3314
-3307
-3067
-2703
-2236
-1518
-519
562
1348
1722
1826
1800
1700
1510
1228
833
345
-181
-544
-638
-540
-388
-424
-655
-950
-1165
-1216
-1242
-1282
-1360
-1400
-1218
-816
24
1119
1970
2370
2403
2427
2622
2680
2354
1747
874
-53
-754
-1106
-1168
-1223
-1355
-1360
-1130
-808
-572
-342
-111
-71
-263
-477
-385
1
222
169
23
-44
32
81
103
103
16
-164
-301
-287
-92
80
68
-141
-443
-620
-716
-839
-1052
-1276
-1338
-1295
-1131
-799
-244
344
635
721
896
1478
2288
3041
3502
3499
3191
2820
2768
3025
3033
2307
954
-522
-1685
-2415
-2870
-3093
-3200
-3328
-3310
-2796
-1629
-188
947
1421
1471
1496
1631
1824
1982
2026
1857
1437
930
728
862
894
373
-647
-1669
-2391
-2872
-3266
-3477
-3433
-3323
-3143
-2612
-1460
3
1079
1446
1494
1666
1913
1962
1695
1315
925
433
-99
-358
-160
166
115
-469
-1126
-1389
-1303
-1220
-1415
-1738
-1860
-1625
-1067
-259
663
1546
2141
2333
2379
2541
2779
2724
2115
1179
437
95
-104
-387
-791
-1082
-1184
-1245
-1299
-1306
-1210
-1115
-1139
-1233
-1186
-860
-383
6
153
182
271
421
481
421
349
302
216
-1
-141
-19
242
377
200
-118
-321
-510
-792
-1187
-1560
-1787
-1886
-1857
-1634
-1123
-420
198
560
726
1160
2072
3169
4036
4242
3955
3561
3352
3379
3294
2651
1431
-99
-1549
-2587
-3170
-3400
-3466
-3585
-3621
-3185
-2052
-525
778
1436
1608
1673
1744
1856
1970
2090
2080
1792
1318
1060
1203
1353
998
8
-1185
-2134
-2788
-3340
-3834
-4103
-4117
-3919
-3447
-2500
-1089
324
1222
1588
1788
2076
2327
2260
1871
1330
769
253
-116
-198
-85
-66
-403
-953
-1330
-1401
-1345
-1426
-1659
-1808
-1760
-1366
-482
661
1651
2195
2357
2577
2967
3244
3190
2666
1820
914
148
-367
-638
-863
-1176
-1546
-1787
-1710
-1389
-1127
-1144
-1347
-1466
-1297
-926
-559
-221
133
339
339
292
413
647
645
335
4
-99
26
198
354
452
407
177
-177
-565
-1004
-1483
-1937
-2300
-2522
-2502
-2126
-1444
-689
-36
500
1107
2022
3120
4174
4711
4537
4013
3528
3395
3404
3028
2039
619
-878
-2026
-2684
-3009
-3158
-3368
-3584
-3417
-2589
-1226
164
1113
1509
1663
1780
1914
2118
2327
2396
2193
1695
1278
1271
1412
1231
391
-865
-1992
-2798
-3368
-3796
-4063
-4176
-4122
-3854
-3116
-1804
-337
779
1327
1598
1892
2195
2277
2062
1634
1043
406
-122
-321
-174
-41
-267
-847
-1389
-1585
-1490
-1406
-1507
-1610
-1530
-1185
-579
229
1140
1938
2402
2535
2603
2718
2772
2554
1983
1286
699
295
-32
-392
-800
-1160
-1447
-1650
-1775
-1882
-1919
-1893
-1808
-1639
-1326
-852
-288
165
425
514
538
557
522
468
417
420
444
507
672
900
1042
870
417
-162
-785
-1452
-2151
-2708
-2978
-2993
-2783
-2278
-1441
-399
529
1113
1422
1911
2690
3627
4275
4198
3662
3175
3115
3388
3481
2872
1668
170
-1251
-2235
-2764
-2976
-3172
-3485
-3597
-3012
-1650
-52
1175
1708
1780
1774
1804
1859
1960
1994
1851
1503
1118
1106
1434
1616
1167
40
-1303
-2355
-3074
-3598
-3984
-4277
-4393
-4267
-3713
-2535
-966
446
1284
1605
1759
1996
2183
2116
1685
983
226
-343
-534
-422
-220
-214
-523
-995
-1322
-1346
-1173
-1019
-1073
-1231
-1196
-754
15
838
1486
1920
2186
2260
2213
2168
2106
1873
1372
681
148
-92
-214
-407
-778
-1173
-1446
-1617
-1699
-1711
-1700
-1695
-1656
-1530
-1204
-726
-246
96
260
329
399
483
489
448
395
364
393
480
652
811
793
517
60
-436
-948
-1494
-2054
-2458
-2538
-2320
-1898
-1344
-719
-86
431
1067
2000
3220
4274
4530
4110
3683
3779
4227
4331
3598
2308
827
-601
-1724
-2342
-2470
-2530
-2877
-3239
-2922
-1695
-217
799
1147
1161
1158
1181
1242
1472
1741
1761
1546
1314
1436
1772
1784
1181
115
-1103
-2255
-3215
-3861
-4109
-4173
-4225
-4140
-3562
-2390
-986
174
846
1194
1390
1476
1442
1314
1061
609
-22
-559
-673
-415
-95
-80
-378
-697
-877
-889
-862
-839
-823
-940
-1112
-965
-301
635
1321
1457
1374
1429
1632
1772
1752
1598
1317
885
438
276
392
464
184
-362
-870
-1185
-1351
-1460
-1568
-1701
-1797
-1748
-1464
-986
-491
-115
87
143
177
261
324
288
165
74
155
371
613
835
946
876
623
229
-286
-891
-1514
-2069
-2407
-2486
-2293
-1851
-1249
-708
-216
535
1754
3319
4423
4568
4149
3972
4351
4730
4460
3495
2245
869
-560
-1701
-2198
-2118
-2148
-2602
-2895
-2264
-870
378
890
886
896
934
858
811
1032
1383
1443
1115
917
1273
1808
1818
1014
-218
-1358
-2290
-3101
-3734
-4073
-4196
-4181
-3960
-3231
-1958
-558
454
894
1023
1120
1253
1263
1052
644
114
-388
-687
-612
-286
19
76
-170
-473
-597
-479
-226
-147
-419
-867
-1062
-735
-129
366
595
721
862
996
1097
1230
1341
1274
973
618
482
552
574
349
-29
-372
-609
-820
-1039
-1221
-1325
-1353
-1375
-1330
-1143
-857
-623
-580
-586
-457
-243
-118
-146
-190
-119
3
173
382
606
812
900
891
839
637
271
-223
-736
-1171
-1535
-1841
-1996
-1887
-1641
-1193
-374
1056
2740
3766
3864
3709
4208
5164
5476
4621
3185
1866
659
-569
-1479
-1617
-1434
-1747
-2344
-2217
-936
539
1089
783
443
364
248
3
47
502
860
784
656
1179
2140
2601
2052
864
-281
-1250
-2293
-3286
-3904
-4128
-4182
-4190
-3786
-2685
-1254
-80
529
759
914
1039
984
749
407
40
-285
-528
-590
-426
-120
83
9
-293
-524
-481
-358
-474
-859
-1129
-1024
-729
-505
-375
-181
50
178
236
450
808
1071
1069
946
981
1151
1200
922
415
-67
-358
-525
-668
-833
-984
-1078
-1118
-1004
-719
-348
-135
-250
-478
-531
-340
-172
-248
-456
-534
-407
-170
138
434
672
765
713
739
854
908
728
296
-166
-477
-656
-804
-1011
-1310
-1483
-1482
-1217
-756
95
1479
2825
3479
3333
3366
4227
5291
5297
4104
2620
1435
399
-735
-1427
-1407
-1286
-1693
-2174
-1652
-161
1099
1216
646
259
203
49
-250
-296
-49
194
201
406
1185
2130
2417
1740
607
-398
-1229
-2125
-3036
-3734
-4134
-4293
-4171
-3536
-2389
-1122
-210
262
520
741
896
807
491
42
-367
-653
-735
-531
-121
233
245
28
-114
-126
-202
-484
-869
-1166
-1349
-1404
-1197
-763
-339
-112
7
334
862
1276
1291
1041
891
875
815
591
350
182
-8
-297
-507
-434
-182
-96
-357
-651
-659
-423
-222
-192
-208
-144
-74
-70
-71
-70
-88
-212
-392
-474
-378
-149
78
250
410
649
897
1028
960
754
514
300
71
-256
-618
-893
-1023
-1032
-966
-774
-426
-41
503
1257
2163
2894
3180
3248
3436
3700
3678
3182
2352
1475
628
-144
-692
-959
-1075
-1178
-1158
-844
-328
107
300
382
359
173
-136
-318
-186
95
227
241
431
856
1199
1135
739
273
-246
-1005
-1894
-2536
-2762
-2804
-2989
-3175
-2866
-2011
-1049
-470
-218
22
314
424
283
103
62
14
-283
-656
-708
-393
-149
-299
-638
-823
-796
-772
-800
-765
-700
-667
-660
-577
-340
-5
228
347
381
368
335
290
255
212
151
67
-2
-80
-136
-103
-3
106
165
149
111
106
139
125
39
-69
-122
-106
-111
-172
-195
-150
-127
-163
-210
-133
49
178
181
243
488
769
908
873
862
954
949
717
385
131
-71
-363
-679
-782
-633
-468
-418
-303
57
653
1303
1773
2060
2239
2461
2771
2984
2928
2632
2231
1767
1266
767
387
103
-215
-553
-741
-663
-458
-296
-193
-122
-110
-173
-207
-154
-106
-158
-260
-259
-106
60
101
64
-3
-99
-324
-633
-901
-1147
-1439
-1816
-2160
-2337
-2303
-2144
-1945
-1775
-1578
-1264
-857
-421
-62
184
301
283
155
-51
-270
-478
-693
-923
-1090
-1125
-1045
-867
-660
-444
-236
-60
30
13
-8
50
144
131
0
-110
-101
-7
38
47
100
191
218
138
113
271
495
535
381
227
261
363
314
124
-33
-108
-222
-388
-423
-203
106
227
202
251
426
537
438
271
224
263
231
175
291
625
931
1002
923
889
872
677
312
-5
-115
-134
-253
-401
-361
-88
188
310
427
789
1341
1734
1798
1740
1867
2132
2285
2248
2109
1889
1507
1013
651
501
322
-76
-505
-662
-566
-449
-407
-336
-210
-189
-339
-464
-383
-206
-188
-392
-570
-539
-385
-311
-383
-466
-495
-608
-894
-1207
-1378
-1452
-1634
-1972
-2237
-2205
-1959
-1734
-1546
-1216
-715
-260
-61
-20
32
23
-176
-530
-830
-983
-1060
-1137
-1183
-1099
-849
-539
-303
-157
-37
90
167
163
86
8
-6
-11
-53
-98
-70
15
102
175
284
424
525
589
639
665
615
499
377
297
231
157
91
23
-37
-87
-72
39
221
403
524
577
572
508
426
348
294
246
196
181
272
467
679
851
980
1069
1033
805
473
231
157
131
45
-63
-55
90
273
410
530
703
845
892
882
992
1301
1630
1756
1669
1549
1507
1459
1252
925
561
159
-307
-761
-1023
-1039
-895
-707
-499
-216
97
335
414
338
157
-72
-326
-549
-680
-739
-745
-737
-709
-649
-620
-697
-878
-1088
-1270
-1455
-1682
-1884
-1934
-1793
-1510
-1182
-818
-421
-84
93
93
5
-132
-363
-681
-978
-1134
-1130
-1042
-924
-757
-523
-280
-139
-141
-216
-313
-417
-491
-517
-458
-314
-130
101
370
615
770
808
771
690
568
440
345
290
246
229
228
254
290
314
295
209
84
-49
-139
-156
-103
19
207
442
677
851
930
923
827
655
440
256
143
99
136
281
504
698
797
802
763
691
550
336
118
-22
-80
-90
-51
52
194
320
418
499
573
577
479
342
292
373
466
516
529
581
667
705
682
649
637
569
433
320
327
389
360
238
122
86
90
37
-72
-166
-241
-346
-449
-502
-497
-507
-592
-671
-691
-686
-712
-771
-800
-779
-781
-827
-856
-830
-783
-779
-817
-811
-738
-691
-718
-771
-775
-735
-741
-805
-822
-742
-624
-565
-574
-576
-532
-529
-607
-717
-810
-819
-765
-679
-564
-415
-227
-9
213
416
584
693
711
662
594
540
483
368
207
61
-16
7
83
135
153
169
223
311
398
480
550
580
559
505
467
480
469
374
229
110
52
27
53
155
326
488
583
659
735
810
826
752
632
499
374
295
290
313
323
279
236
260
315
326
270
201
155
136
138
215
383
549
623
618
622
687
728
656
493
354
302
292
252
208
208
204
134
16
-38
0
33
-46
-191
-271
-258
-251
-356
-525
-630
-655
-694
-790
-874
-894
-892
-932
-996
-1012
-961
-902
-891
-899
-842
-688
-522
-414
-394
-405
-393
-383
-425
-520
-605
-656
-696
-747
-764
-696
-570
-465
-448
-466
-440
-391
-391
-440
-482
-455
-359
-211
-3
248
491
666
784
864
878
829
741
619
451
251
146
226
378
442
381
360
445
501
449
331
265
247
138
-41
-99
16
151
133
27
43
196
317
314
279
302
327
283
223
266
370
415
369
325
362
402
370
275
194
134
54
-10
-7
59
112
79
24
48
136
208
240
303
422
519
529
523
583
663
631
485
374
368
376
286
149
89
93
50
-57
-98
-3
120
117
16
-30
20
19
-132
-332
-426
-427
-486
-614
-701
-680
-645
-701
-801
-835
-795
-810
-912
-987
-937
-806
-715
-655
-526
-336
-186
-138
-140
-116
-81
-135
-286
-435
-502
-490
-464
-458
-452
-401
-322
-276
-282
-308
-310
-294
-292
-273
-173
1
183
331
484
686
873
958
938
877
802
681
532
445
440
426
353
283
286
315
274
162
83
62
18
-69
-147
-148
-126
-149
-194
-177
-84
-3
30
48
93
127
114
88
93
124
131
122
140
200
238
225
190
165
138
63
-30
-84
-82
-96
-162
-202
-139
-8
108
177
268
389
479
506
499
515
524
483
419
389
392
382
343
298
263
242
216
188
177
171
165
154
157
161
153
123
56
-37
-148
-256
-361
-445
-500
-519
-533
-578
-626
-643
-625
-648
-733
-821
-847
-816
-775
-705
-594
-447
-342
-276
-185
-64
15
-17
-109
-185
-230
-292
-377
-434
-470
-505
-551
-563
-496
-412
-359
-330
-273
-151
-6
119
227
358
505
621
689
738
787
804
749
659
617
628
621
550
452
398
369
290
176
95
72
52
-13
-75
-66
14
64
34
1
40
106
108
56
32
60
59
-1
-58
-37
33
73
54
44
68
89
65
6
-48
-109
-194
-293
-350
-353
-341
-315
-245
-134
-17
95
203
299
364
366
335
314
298
257
176
117
96
98
99
91
103
120
134
131
137
174
227
265
270
267
284
295
262
186
99
27
-31
-116
-199
-240
-257
-276
-336
-398
-432
-452
-516
-635
-721
-751
-731
-678
-605
-505
-385
-280
-185
-70
63
159
162
91
7
-48
-94
-163
-256
-349
-436
-512
-547
-514
-451
-408
-376
-313
-179
-17
141
281
394
486
545
589
640
671
657
587
504
448
432
446
457
441
397
348
313
295
252
180
96
18
-40
-75
-64
-31
-4
7
13
37
77
89
72
45
19
-25
-74
-91
-91
-84
-109
-155
-190
-202
-192
-185
-188
-193
-197
-206
-213
-215
-194
-145
-80
-31
17
77
140
182
176
127
70
35
13
0
-1
23
77
123
156
184
210
235
233
210
186
186
209
234
250
258
274
280
253
197
148
114
71
-11
-115
-199
-247
-286
-339
-393
-418
-437
-489
-551
-582
-555
-517
-493
-456
-386
-281
-191
-117
-44
17
54
58
28
-3
-27
-62
-106
-153
-190
-225
-252
-270
-280
-304
-323
-310
-263
-170
-64
44
174
296
399
486
559
622
634
581
503
459
443
412
355
321
320
308
269
220
193
178
132
61
20
10
6
-2
-14
15
65
91
98
101
101
85
47
4
-28
-53
-84
-127
-172
-212
-227
-236
-263
-296
-311
-304
-295
-290
-282
-253
-228
-210
-178
-120
-54
-4
19
20
28
33
35
42
47
46
33
35
72
138
192
210
213
216
211
198
178
179
197
203
201
226
286
350
364
333
306
293
259
182
99
32
-39
-133
-236
-294
-302
-314
-363
-425
-456
-448
-430
-430
-426
-394
-353
-323
-300
-252
-191
-156
-161
-180
-169
-131
-107
-108
-120
-116
-111
-143
-185
-215
-233
-267
-325
-350
-302
-198
-102
-22
82
217
350
433
476
526
563
546
482
438
454
474
456
398
361
357
331
266
198
160
134
79
6
-19
15
49
54
58
99
154
178
170
163
165
141
68
-1
-27
-42
-100
-197
-273
-301
-314
-347
-380
-389
-370
-353
-337
-285
-203
-127
-103
-103
-92
-56
-28
-48
-92
-118
-121
-117
-101
-50
25
67
65
62
98
142
146
113
85
95
124
155
209
281
342
375
395
446
502
517
475
399
333
269
188
104
30
-41
-127
-221
-283
-306
-320
-349
-407
-432
-415
-377
-330
-297
-270
-262
-264
-253
-216
-168
-152
-173
-206
-216
-191
-150
-110
-95
-104
-127
-158
-169
-174
-203
-257
-322
-357
-342
-286
-206
-116
-32
64
168
280
391
476
517
513
472
426
393
360
315
260
214
185
166
167
182
194
175
121
71
49
35
10
-24
-39
-18
25
79
143
222
281
287
258
228
193
126
16
-100
-188
-246
-287
-317
-319
-298
-276
-263
-238
-189
-134
-104
-100
-99
-87
-70
-60
-50
-34
-21
-17
-18
-11
10
26
20
9
11
19
17
2
-4
5
34
57
78
112
162
211
244
267
295
329
335
306
281
272
264
241
186
125
68
13
-39
-85
-119
-157
-203
-251
-280
-285
-286
-286
-294
-309
-319
-310
-288
-259
-237
-223
-208
-179
-140
-95
-54
-21
-7
-21
-50
-71
-82
-105
-152
-209
-250
-261
-248
-223
-184
-125
-60
0
62
140
224
288
316
320
312
313
316
311
290
261
235
218
201
182
177
156
116
61
5
-25
-44
-71
-88
-89
-72
-37
4
55
106
139
151
158
142
102
41
-33
-97
-157
-213
-267
-299
-305
-296
-275
-236
-185
-134
-95
-72
-45
-15
3
6
-5
-13
-8
2
11
28
60
99
128
149
168
201
221
204
168
136
122
103
84
87
120
166
199
240
294
340
352
325
291
262
227
173
108
61
29
-1
-27
-49
-53
-56
-71
-99
-132
-172
-219
-274
-327
-354
-371
-377
-379
-365
-330
-293
-253
-222
-200
-184
-171
-155
-136
-125
-126
-128
-129
-121
-112
-102
-95
-100
-111
-119
-121
-110
-91
-68
-38
-5
35
88
147
195
228
242
246
256
259
255
239
224
207
196
186
172
161
144
118
83
45
12
-5
-14
-19
-21
-13
9
27
40
52
59
59
41
11
-10
-26
-37
-50
-74
-95
-115
-126
-131
-129
-124
-119
-112
-117
-121
-121
-111
-96
-93
-93
-86
-73
-54
-42
-29
-4
23
48
62
81
109
134
145
142
150
179
203
205
198
203
215
208
189
179
178
173
142
119
130
157
167
145
129
125
115
89
55
31
13
-18
-52
-71
-72
-74
-109
-154
-180
-193
-211
-243
-272
-274
-267
-273
-281
-273
-240
-221
-210
-188
-155
-116
-95
-86
-67
-32
-9
5
6
13
26
15
-14
-39
-41
-33
-30
-44
-45
-13
26
58
84
126
168
190
186
176
178
178
153
103
60
32
13
-6
-30
-29
-8
7
4
-7
3
25
17
-22
-58
-72
-73
-89
-109
-110
-99
-93
-97
-89
-69
-46
-45
-65
-66
-53
-44
-44
-62
-61
-45
-41
-44
-43
-28
-18
-24
-23
-12
2
14
21
30
54
74
91
109
124
142
165
183
204
225
239
243
233
216
201
188
172
162
149
131
111
105
110
108
101
94
91
89
82
78
78
72
52
25
6
-4
-17
-41
-73
-102
-121
-144
-165
-182
-198
-212
-230
-240
-230
-207
-190
-179
-159
-132
-101
-84
-73
-67
-64
-63
-71
-70
-66
-61
-57
-58
-62
-58
-50
-42
-40
-41
-36
-29
-15
0
16
41
49
56
66
76
85
77
56
38
22
7
-13
-35
-43
-38
-29
-19
-8
15
32
26
14
-1
-6
-14
-42
-68
-81
-82
-79
-76
-69
-54
-40
-34
-30
-22
-4
9
7
3
8
17
26
24
14
11
10
-1
-9
-19
-30
-33
-34
-33
-28
-11
6
27
54
83
124
163
190
212
227
241
248
237
217
192
173
159
138
126
120
115
111
105
97
102
110
111
104
97
81
70
55
37
31
19
8
-8
-21
-28
-42
-64
-93
-129
-159
-188
-211
-216
-222
-216
-201
-178
-145
-115
-88
-75
-71
-69
-73
-72
-78
-82
-79
-85
-93
-87
-75
-63
-61
-62
-54
-42
-37
-36
-35
-33
-29
-26
-25
-16
0
3
3
0
7
19
19
11
2
5
13
18
19
26
27
22
19
20
22
15
2
-19
-34
-31
-31
-32
-28
-28
-26
-25
-28
-23
-17
-22
-34
-38
-26
-6
12
31
47
65
71
64
65
65
53
29
-2
-24
-32
-48
-58
-55
-41
-18
7
29
61
96
115
126
133
143
152
147
130
114
101
84
60
40
27
23
27
28
34
47
68
88
108
120
127
129
118
100
80
63
37
16
-3
-16
-24
-34
-41
-46
-54
-67
-79
-90
-92
-101
-98
-88
-72
-48
-30
-8
15
30
30
16
-1
-18
-40
-67
-95
-115
-120
-118
-105
-84
-60
-38
-25
-21
-22
-25
-33
-45
-65
-79
-82
-79
-72
-55
-34
-18
-7
-4
2
6
5
-7
-22
-36
-44
-47
-56
-60
-65
-67
-69
-71
-62
-51
-42
-40
-38
-36
-33
-39
-48
-56
-58
-63
-62
-56
-43
-18
7
27
42
65
90
104
102
89
78
67
51
34
22
14
14
18
31
47
64
81
92
109
128
147
159
163
165
163
156
143
134
123
101
79
68
65
68
72
70
76
84
97
111
122
129
125
105
78
63
53
37
15
-10
-28
-34
-39
-48
-53
-66
-88
-105
-115
-114
-113
-120
-128
-130
-120
-109
-92
-77
-69
-63
-66
-70
-70
-71
-79
-98
-117
-134
-143
-140
-139
-137
-132
-127
-119
-111
-97
-81
-72
-70
-66
-60
-49
-45
-43
-32
-26
-18
-4
8
32
50
59
62
59
57
54
42
28
15
9
9
10
13
28
44
54
62
64
66
69
61
46
32
20
12
4
-3
-3
3
7
13
19
23
30
30
26
20
21
22
18
10
8
12
4
1
7
24
36
45
50
51
59
66
69
70
69
66
64
58
47
41
36
22
9
9
21
43
62
82
102
122
141
150
153
143
128
106
84
64
50
32
11
-5
-21
-29
-39
-48
-59
-74
-84
-96
-105
-115
-120
-116
-115
-115
-116
-113
-99
-85
-71
-60
-56
-56
-57
-60
-66
-74
-93
-107
-118
-129
-133
-137
-138
-135
-128
-115
-99
-77
-57
-51
-51
-54
-51
-40
-28
-19
-6
7
27
43
54
67
74
76
61
48
43
43
37
28
18
15
17
22
30
38
40
37
26
22
30
35
37
38
45
54
60
66
68
68
64
48
39
33
33
35
34
35
38
43
47
52
52
51
49
50
49
50
54
51
53
57
62
63
66
66
63
60
55
53
47
38
20
9
5
6
12
18
27
36
40
44
51
53
51
40
26
9
-5
-20
-38
-54
-66
-78
-84
-92
-93
-82
-77
-79
-77
-75
-70
-73
-80
-84
-86
-90
-97
-102
-102
-93
-92
-89
-84
-67
-53
-50
-46
-44
-46
-53
-67
-80
-86
-89
-87
-89
-80
-63
-47
-37
-28
-19
-4
1
1
8
9
16
18
16
19
33
42
43
45
44
44
40
33
27
26
21
18
17
21
33
44
47
45
43
43
42
42
42
48
56
62
70
79
86
83
75
62
51
41
29
18
13
13
19
21
26
39
51
58
60
66
76
81
77
73
72
69
66
65
72
71
70
62
56
57
54
42
33
26
17
15
13
17
26
27
29
30
35
42
45
38
23
16
3
-15
-32
-51
-63
-80
-98
-108
-114
-112
-113
-116
-127
-131
-133
-143
-150
-157
-161
-164
-170
-171
-158
-145
-138
-133
-125
-116
-109
-105
-103
-99
-98
-97
-95
-92
-88
-89
-84
-82
-76
-64
-54
-37
-22
-11
1
14
28
46
61
74
80
85
95
99
102
102
102
105
101
96
99
102
111
112
110
112
109
108
101
90
89
82
75
72
69
69
69
73
74
74
72
66
64
58
52
50
49
45
34
30
23
23
21
18
23
21
25
27
31
34
35
34
32
30
31
36
34
30
24
18
8
4
2
0
4
8
16
25
32
43
47
47
38
32
26
15
3
-6
-18
-29
-38
-47
-47
-49
-52
-52
-55
-56
-61
-67
-77
-87
-99
-110
-114
-120
-123
-129
-128
-126
-126
-127
-128
-131
-137
-138
-140
-135
-132
-131
-126
-126
-121
-116
-107
-99
-97
-89
-84
-77
-77
-69
-65
-66
-63
-57
-44
-28
-16
-6
5
13
17
28
33
37
45
54
65
76
85
94
102
97
92
94
92
84
78
76
86
97
101
112
122
130
135
137
143
147
144
136
130
125
127
130
130
132
135
140
141
136
126
116
105
86
69
62
58
55
53
54
63
71
79
87
92
96
99
95
82
68
54
36
18
4
-5
-7
-17
-22
-25
-30
-31
-35
-41
-46
-55
-64
-69
-78
-88
-96
-107
-120
-130
-140
-143
-146
-152
-154
-162
-163
-166
-169
-169
-180
-188
-198
-204
-212
-212
-213
-215
-210
-203
-188
-173
-162
-147
-126
-111
-104
-96
-87
-81
-79
-76
-65
-59
-63
-58
-55
-45
-36
-29
-17
-8
5
23
43
61
80
97
110
118
123
128
132
134
138
146
154
155
153
153
156
155
149
138
126
116
107
102
103
100
96
98
104
104
107
113
118
120
119
115
114
115
107
100
100
97
94
85
74
70
63
51
37
24
17
12
7
6
9
13
14
13
15
22
26
22
26
25
24
22
16
10
4
-2
-11
-24
-36
-39
-41
-44
-43
-41
-38
-35
-37
-38
-40
-41
-53
-70
-83
-97
-106
-116
-129
-131
-131
-131
-132
-126
-122
-117
-109
-112
-118
-121
-127
-137
-151
-159
-164
-163
-162
-160
-148
-128
-107
-92
-80
-67
-56
-50
-48
-47
-46
-49
-55
-59
-63
-63
-60
-54
-42
-26
-9
6
22
38
56
72
77
83
85
82
85
84
79
82
85
90
95
105
111
114
113
108
111
110
104
94
89
88
91
99
100
109
113
114
122
132
142
150
153
152
146
144
135
122
109
99
91
79
72
64
56
54
52
49
46
36
29
25
22
25
25
19
12
6
5
5
4
-4
-14
-20
-23
-31
-43
-56
-64
-72
-79
-88
-94
-94
-93
-92
-94
-93
-88
-87
-91
-92
-91
-93
-98
-107
-111
-113
-122
-125
-133
-141
-144
-148
-151
-148
-146
-139
-137
-134
-125
-119
-108
-102
-99
-90
-79
-73
-68
-57
-48
-41
-33
-29
-25
-16
-9
-3
0
3
8
10
13
21
30
41
45
51
55
59
69
73
78
85
89
90
93
96
99
102
100
99
93
99
100
103
102
101
101
97
92
84
82
80
76
74
75
78
80
82
83
85
86
83
80
79
77
68
60
49
41
37
28
24
19
17
19
20
16
15
15
16
11
8
9
6
2
-4
-16
-21
-24
-26
-20
-18
-18
-19
-22
-26
-28
-31
-38
-45
-54
-58
-59
-59
-58
-63
-68
-72
-73
-72
-72
-68
-63
-67
-68
-72
-79
-82
-88
-92
-94
-101
-100
-104
-109
-108
-106
-100
-97
-94
-94
-88
-79
-69
-61
-58
-56
-53
-49
-47
-45
-38
-33
-30
-24
-21
-15
-4
5
13
17
26
35
37
38
43
49
53
52
55
60
66
77
82
86
87
89
95
95
94
96
94
94
90
89
87
85
87
84
81
77
73
70
63
57
54
50
49
49
52
51
54
55
57
59
57
55
55
53
49
40
36
32
26
16
7
2
-3
-7
-10
-14
-16
-22
-31
-37
-40
-42
-42
-42
-43
-43
-41
-43
-46
-50
-52
-52
-56
-61
-61
-62
-65
-68
-76
-79
-74
-78
-77
-70
-69
-66
-66
-67
-62
-61
-62
-53
-42
-33
-22
-13
-4
1
-2
-8
-13
-15
-18
-27
-38
-45
-45
-46
-45
-42
-39
-32
-26
-19
-11
-6
-1
1
1
-4
-3
3
5
9
17
28
35
39
44
51
54
54
49
47
43
39
38
31
33
35
39
47
55
66
70
69
72
72
68
63
58
53
47
47
39
32
26
18
11
2
-7
-9
-2
-2
-2
2
11
23
23
24
31
33
34
30
22
19
16
16
13
10
10
10
11
5
1
-2
-12
-20
-29
-33
-33
-33
-29
-21
-12
-7
-5
-1
0
-1
-1
-6
-11
-12
-16
-24
-32
-40
-44
-51
-60
-67
-67
-66
-66
-65
-64
-62
-61
-57
-55
-51
-46
-42
-40
-40
-38
-37
-33
-34
-35
-31
-26
-25
-27
-32
-33
-35
-37
-39
-41
-38
-31
-23
-20
-17
-11
-1
6
14
25
35
42
42
44
47
51
54
48
46
44
42
44
40
37
41
46
50
55
60
63
67
71
79
86
90
90
89
91
89
85
79
68
58
51
45
31
23
16
15
13
7
5
3
6
7
11
10
6
4
2
0
0
2
4
-2
-7
-11
-18
-26
-33
-37
-42
-46
-51
-56
-59
-54
-52
-49
-51
-49
-40
-35
-32
-32
-35
-39
-42
-48
-43
-37
-33
-28
-27
-29
-29
-26
-30
-32
-42
-42
-43
-49
-47
-55
-56
-52
-50
-42
-46
-44
-35
-27
-21
-19
-15
-14
-11
-5
-1
-3
0
0
1
-2
-6
-5
-9
-12
-8
-5
-3
0
3
7
14
23
28
31
32
33
33
27
24
25
30
34
33
38
41
39
40
39
32
33
34
37
38
42
47
51
56
60
69
69
66
65
60
52
46
42
42
40
43
44
42
42
40
38
36
35
35
34
29
24
22
21
20
19
15
12
14
15
14
12
9
8
4
2
-2
-8
-13
-24
-31
-37
-45
-54
-65
-69
-71
-71
-64
-57
-55
-52
-48
-47
-47
-52
-52
-57
-64
-66
-67
-68
-67
-67
-69
-70
-68
-66
-67
-73
-73
-71
-69
-66
-62
-53
-46
-39
-33
-26
-22
-18
-16
-17
-16
-14
-16
-19
-21
-19
-12
-10
-5
3
11
18
20
22
22
28
32
36
38
39
45
47
44
45
44
41
46
47
49
57
63
67
72
74
74
78
76
73
70
66
62
60
59
58
60
60
60
67
71
71
69
68
63
55
50
45
40
36
32
32
28
22
20
20
16
13
8
-1
-6
-14
-19
-21
-25
-25
-26
-28
-33
-36
-37
-40
-40
-38
-40
-42
-43
-44
-42
-43
-43
-42
-44
-47
-46
-46
-49
-51
-50
-51
-52
-53
-51
-52
-56
-54
-55
-56
-59
-61
-57
-55
-49
-40
-36
-32
-26
-22
-23
-25
-32
-39
-43
-45
-44
-44
-41
-34
-27
-22
-20
-11
-5
-3
-2
1
5
5
6
6
6
8
11
13
12
12
14
13
15
15
20
29
33
36
38
39
42
41
38
36
31
30
32
30
28
28
33
38
43
48
52
59
60
61
60
55
52
51
48
45
40
39
40
39
39
43
49
51
53
52
47
47
47
43
39
34
33
33
30
26
26
26
21
15
9
4
3
-1
-6
-11
-16
-18
-20
-23
-25
-26
-29
-29
-31
-32
-33
-32
-35
-41
-45
-49
-54
-56
-61
-65
-66
-66
-66
-66
-66
-62
-55
-50
-47
-44
-45
-45
-45
-43
-45
-44
-45
-44
-43
-42
-41
-36
-35
-35
-32
-31
-28
-26
-24
-20
-16
-13
-16
-14
-13
-12
-8
-9
-9
-7
-7
-6
-3
0
6
12
18
19
22
26
23
19
14
11
8
9
10
12
11
13
20
23
30
33
37
43
45
48
50
48
47
45
46
44
44
44
47
50
51
54
55
56
58
57
57
57
60
61
58
60
57
53
49
42
39
37
33
30
27
23
21
20
20
18
17
17
13
11
10
5
3
0
-7
-11
-22
-30
-36
-39
-45
-50
-55
-55
-51
-50
-51
-51
-51
-50
-53
-53
-52
-51
-51
-53
-52
-55
-60
-64
-69
-72
-72
-69
-66
-63
-60
-56
-52
-50
-47
-43
-37
-33
-31
-30
-30
-27
-25
-20
-16
-16
-12
-11
-7
-2
-2
2
5
9
9
9
11
13
14
18
23
27
29
30
29
30
29
27
25
23
25
27
30
29
28
28
30
34
32
31
33
30
31
34
35
34
33
31
31
30
31
36
38
41
39
39
39
35
36
35
37
35
31
31
29
27
27
26
26
25
22
13
6
5
7
9
7
6
5
3
2
4
7
12
15
15
12
2
-5
-8
-13
-19
-22
-25
-29
-29
-33
-35
-36
-34
-30
-30
-29
-29
-31
-35
-37
-38
-35
-33
-36
-36
-35
-35
-34
-31
-30
-31
-33
-33
-31
-29
-29
-27
-25
-28
-25
-23
-23
-22
-26
-29
-23
-17
-18
-14
-14
-13
-9
-4
-3
-4
-4
-3
-2
-3
-2
3
5
6
2
9
13
12
14
8
8
7
9
9
5
7
12
15
16
20
24
25
23
21
22
22
22
18
16
12
11
15
20
18
19
22
24
28
29
30
32
32
35
35
34
34
37
37
32
27
26
25
22
20
21
20
20
16
17
16
14
14
11
11
10
10
8
5
2
-3
-2
-2
-6
-8
-10
-12
-16
-19
-23
-30
-33
-36
-37
-33
-33
-30
-27
-28
-27
-26
-24
-26
-29
-30
-30
-26
-29
-32
-25
-23
-20
-13
-11
-8
-8
-11
-15
-14
-14
-18
-16
-19
-23
-22
-18
-20
-13
-9
-3
6
9
14
15
16
14
16
16
13
13
7
2
-2
-4
-3
-1
0
1
6
10
10
10
12
9
10
11
10
11
10
6
7
5
7
6
5
7
4
7
6
7
6
3
0
-2
-1
-2
-2
1
2
0
1
6
9
12
13
15
15
14
13
14
15
17
19
22
24
25
26
23
18
16
14
14
11
5
2
-2
-5
-9
-9
-7
-8
-5
-2
-2
-3
-2
-4
-9
-10
-13
-17
-20
-20
-19
-22
-24
-21
-24
-25
-22
-24
-18
-14
-13
-12
-11
-11
-11
-8
-9
-10
-8
-7
-7
-9
-12
-12
-10
-7
-10
-12
-13
-9
-3
1
4
5
3
2
5
3
3
6
7
8
9
9
13
15
11
8
8
8
13
12
14
18
19
23
23
21
19
15
17
12
12
12
12
15
12
11
9
11
10
10
6
2
-2
-3
-2
-4
-3
-4
-5
-6
-4
-4
-3
-3
0
2
-2
-5
-9
-9
-10
-9
-8
-6
-5
-2
0
1
3
3
2
-1
-6
-6
-5
-5
-6
-7
-6
-3
0
0
-2
-7
-8
-5
-2
-3
-8
-12
-17
-17
-17
-19
-18
-20
-18
-18
-18
-15
-11
-11
-10
-13
-14
-14
-11
-8
-6
-5
-8
-4
2
4
5
5
4
6
12
12
9
6
3
3
5
5
7
8
7
11
14
14
15
15
13
11
9
7
8
9
10
8
9
10
14
20
19
16
16
15
17
20
20
19
15
16
18
20
18
16
14
14
16
18
20
18
12
11
10
6
0
-4
-2
-6
-8
-10
-12
-13
-15
-13
-14
-16
-15
-18
-20
-21
-24
-24
-24
-25
-26
-28
-28
-26
-27
-25
-24
-19
-19
-15
-9
-9
-5
-6
-7
-11
-10
-10
-10
-8
-8
-8
-4
-3
-2
-2
-5
-4
-3
-4
-6
-8
-6
-4
-3
-6
-7
-5
-7
-7
-8
-11
-8
-4
-2
1
2
4
9
9
8
8
10
10
10
13
16
16
18
19
22
23
23
25
29
32
32
29
27
24
22
20
17
13
14
13
9
7
6
6
6
4
1
-1
0
0
-2
0
-1
-3
-1
-2
-3
0
-3
-1
1
-1
1
-1
-1
-2
-3
-3
-2
-2
-2
-2
-1
-1
-2
-3
1
3
2
0
-3
-3
-5
-8
-10
-10
-7
-6
-8
-7
-6
-4
-3
-5
-6
-8
-10
-12
-10
-8
-7
-9
-10
-11
-13
-16
-16
-13
-12
-10
-9
-7
-9
-10
-12
-11
-10
-8
-6
-11
-9
-6
-6
-4
-3
0
2
2
2
1
0
1
0
2
-3
-6
-10
-12
-13
-10
-10
-11
-10
-11
-9
-7
-6
-5
-2
0
1
3
5
7
6
6
9
10
11
16
22
26
27
28
30
31
35
31
28
23
19
19
17
15
13
13
12
14
16
19
19
13
10
7
6
6
4
4
6
9
12
9
4
1
-4
-8
-9
-7
-7
-8
-8
-10
-9
-10
-8
-6
-9
-10
-6
-7
-8
-8
-7
-5
-6
-7
-7
-8
-9
-9
-10
-12
-13
-12
-10
-14
-13
-12
-11
-14
-19
-17
-17
-19
-17
-16
-15
-14
-13
-9
-9
-9
-7
-5
-4
-2
0
1
2
1
0
0
-2
-3
-1
-2
0
3
4
10
10
11
12
14
13
9
9
8
5
4
1
-2
0
0
1
0
2
4
4
3
2
-3
-4
-7
-9
-9
-8
-4
-3
-3
-2
-1
0
1
5
11
12
11
10
11
9
7
6
4
4
1
-1
-1
4
7
8
9
12
14
13
15
12
12
12
11
10
9
8
6
6
4
5
7
7
9
7
5
4
0
-3
-2
-2
-2
-1
2
2
2
4
0
-3
-4
-3
-4
-2
-2
-6
-7
-9
-9
-9
-12
-11
-11
-12
-11
-11
-12
-13
-13
-14
-14
-12
-10
-6
-5
-4
-3
-4
-6
-5
-7
-6
-5
-4
-4
-7
-10
-12
-12
-9
-9
-5
-1
-1
-1
-4
-1
1
1
3
3
7
8
6
7
4
4
4
4
6
4
5
2
-1
-4
-4
-1
-2
1
-3
-5
-7
-9
-3
-1
4
8
11
14
16
15
15
12
11
11
10
7
6
5
4
2
1
1
0
1
2
4
4
4
4
2
2
3
4
2
5
8
11
12
10
8
6
4
2
1
3
2
1
-1
-3
-3
-4
-3
-3
-1
2
2
3
5
4
4
3
4
2
1
1
-2
-3
-4
-4
0
-1
-1
-3
-5
-4
-9
-11
-15
-15
-13
-14
-12
-9
-10
-10
-12
-12
-8
-5
-2
-2
0
-4
-5
-5
-8
-9
-12
-14
-15
-12
-9
-11
-9
-10
-10
-6
-7
-5
-2
-1
0
-3
-2
-2
0
2
2
2
2
2
1
2
7
8
9
11
7
8
7
7
8
5
5
3
5
9
10
14
12
12
11
11
11
11
12
11
8
5
7
7
7
9
11
11
13
12
13
12
11
11
7
6
6
5
7
8
9
9
5
3
3
2
0
0
-4
-5
-4
-9
-7
-7
-10
-9
-11
-10
-10
-9
-9
-12
-10
-10
-10
-10
-13
-15
-17
-14
-10
-7
-8
-10
-11
-10
-9
-8
-9
-8
-6
-4
-4
-5
-6
-8
-7
-8
-8
-5
-4
-1
1
0
1
0
3
2
2
2
0
-1
-2
-5
-7
-4
-6
-3
0
0
2
1
1
2
4
5
7
7
6
8
10
8
9
11
11
14
15
15
16
15
15
17
15
12
9
7
8
7
8
6
4
1
1
3
4
2
3
0
-3
-4
-6
-5
-3
-2
-3
0
-1
-1
1
1
-3
-6
-6
-8
-5
-5
-7
-8
-13
-18
-15
-13
-13
-8
-6
-3
-1
0
2
1
1
1
-1
1
0
1
-1
-3
-6
-1
2
1
2
-1
0
1
-4
-9
-7
-5
-5
-5
-7
-5
-3
0
0
-1
1
2
3
3
4
2
0
-1
