SAMPLES:	23747
BITSPERSAMPLE:	16
CHANNELS:	1
SAMPLERATE:	16000
NORMALIZED:	FALSE
3
2
2
1
2
3
4
3
3
3
3
3
1
1
1
2
1
1
0
-1
-2
-2
-1
-1
-3
-2
-1
-1
0
0
0
0
0
0
1
1
0
0
0
-1
-2
-3
-2
-2
-2
-3
-2
-1
-2
-2
-1
-2
-1
0
1
1
2
1
1
0
0
-1
-1
-1
-2
-1
-2
-1
-2
-2
-1
-1
0
0
0
-1
0
2
2
3
3
2
1
1
1
0
1
0
0
1
0
1
1
1
1
3
2
3
2
3
2
1
1
0
0
1
1
1
3
2
3
3
3
3
2
1
0
-1
-1
-2
-3
-4
-4
-5
-4
-4
-4
-3
-3
-3
-4
-4
-3
-2
-2
-2
-3
-2
-3
-4
-4
-4
-3
-4
-4
-5
-5
-5
-3
-2
-3
-3
-2
-1
-1
0
1
1
1
1
2
1
1
1
1
3
3
2
2
2
3
2
3
4
5
5
5
5
6
6
7
7
6
7
7
6
5
5
4
2
2
1
0
0
0
2
2
1
1
2
2
2
2
1
0
0
0
0
-1
-2
-2
-1
-2
-3
-3
-3
-4
-4
-5
-4
-4
-5
-5
-6
-4
-3
-3
-3
-3
-2
-1
0
0
0
-1
0
-1
-2
-3
-2
-1
-1
-1
0
0
1
1
1
1
0
1
0
-1
0
-1
-1
0
0
1
1
1
2
3
2
2
2
0
0
0
-2
-1
-2
-2
-2
-3
-4
-3
-3
-2
-2
-2
0
0
0
-1
0
-1
0
0
1
1
2
4
4
5
4
4
5
5
4
3
5
4
3
3
3
2
2
1
0
0
1
1
2
1
1
2
2
0
-1
-1
-1
-1
-1
-2
-2
-1
-1
0
-1
0
0
0
0
0
-2
-2
-1
-2
-2
-2
-1
-1
-1
-2
-2
-3
-3
-3
-3
-2
-1
-1
-1
-1
-1
0
0
1
0
-1
-1
-1
-1
0
-1
-1
0
-2
-1
0
-1
-1
-1
1
1
2
3
3
3
4
3
1
1
1
1
2
0
1
2
1
1
1
1
0
0
-2
-2
-2
-1
0
-1
-2
-1
-3
-2
-1
-1
-1
-1
-1
0
0
1
0
1
2
0
0
0
0
1
2
1
1
-1
-1
0
0
1
0
0
-1
-1
0
0
-1
0
0
0
1
1
1
1
0
0
0
-1
-1
-1
-3
-2
-1
0
0
1
1
2
2
2
0
1
1
2
2
2
1
0
0
0
1
1
2
1
1
0
2
1
1
2
1
1
1
1
0
1
1
0
-1
-3
-3
-2
-2
-2
-2
-2
-2
-3
-3
-3
-2
-2
-1
-1
-1
0
0
0
1
0
1
1
1
1
0
0
1
0
0
0
1
1
1
1
-1
1
0
-1
0
-1
0
0
0
1
1
1
1
0
0
-1
-1
-1
1
1
0
0
0
0
0
1
-1
0
0
-1
-1
-1
-1
-1
0
0
1
1
1
1
2
1
1
0
0
0
0
0
0
0
1
2
2
2
2
2
3
2
2
2
1
0
-1
0
0
0
0
1
0
1
0
0
1
0
-1
-3
-2
-3
-4
-3
-2
-1
-1
-2
-1
-1
0
-1
-1
-2
-1
-2
0
-1
0
0
0
1
0
1
1
2
1
1
1
0
0
0
-1
-1
-1
-1
-2
-2
-2
-1
-1
0
0
-1
-1
0
-1
1
0
1
2
2
2
3
3
3
3
3
3
3
3
2
2
1
0
0
1
0
0
0
0
0
0
0
1
1
0
0
-2
-2
-2
-2
-2
-2
-3
-2
-1
-1
0
1
2
1
1
0
0
-1
-2
-2
-1
-2
-2
-1
-1
0
0
0
0
0
0
1
0
-1
-1
-1
-1
0
1
1
1
1
1
0
2
1
2
2
1
1
1
3
2
1
1
2
2
0
0
1
1
1
1
1
-1
-2
-1
-1
-1
-1
0
0
-2
-2
-2
-2
-2
-1
-1
-1
-3
-2
-2
-1
-1
-1
-1
-1
-2
-1
0
-1
-1
-1
0
0
1
2
1
1
0
1
0
0
0
1
0
0
0
1
0
1
0
0
-1
-1
1
0
1
0
0
0
1
-1
0
1
2
0
0
1
0
1
1
2
1
1
1
0
0
1
1
1
0
1
1
0
0
0
1
1
1
2
2
1
2
2
1
0
-1
0
-1
-2
-1
-2
-2
-2
-1
-2
-2
-3
-2
-2
-3
-3
-2
-3
-2
-1
-1
0
0
1
1
2
2
3
1
1
0
0
-1
-1
0
-2
-2
-1
0
0
0
0
0
0
1
0
-1
-1
-1
-1
-1
-1
0
1
3
2
2
2
3
4
2
1
1
0
0
-1
0
0
0
0
0
0
0
0
0
0
1
0
-1
-1
-1
-1
0
-1
-1
-1
0
-1
0
-1
0
0
0
1
2
2
3
2
1
1
1
0
0
0
-1
-1
-1
-2
-1
-2
-2
-1
-1
-1
-1
-1
-2
-1
-1
-1
-1
-1
-1
0
-2
-1
0
0
0
0
0
0
0
1
0
1
0
1
1
2
1
2
3
3
2
3
2
1
2
1
0
0
-1
0
-1
-1
-1
0
-1
0
-1
0
1
1
1
0
0
0
0
0
0
0
0
-1
-1
1
2
1
0
1
1
0
0
-2
-1
-2
-4
-4
-4
-4
-3
-2
-1
-1
-1
1
1
2
1
0
-1
0
-1
-1
0
0
0
0
1
2
2
0
0
0
-2
-1
-2
-2
-1
-2
-2
-1
-1
0
1
1
2
2
2
1
2
2
2
2
1
2
3
3
2
3
2
1
1
1
1
-2
-1
-3
-3
-3
-3
-3
-4
-3
-3
-3
-2
-2
-2
0
0
1
1
0
0
0
0
0
0
0
1
1
0
1
0
2
2
2
2
3
2
1
1
1
0
0
1
0
1
0
1
1
1
1
1
0
-1
0
0
0
-1
-1
0
-1
0
0
1
0
0
0
0
0
-1
0
-2
-1
-1
-2
-1
-1
-2
-2
-2
-1
-1
-1
-2
-1
-1
-1
-1
0
0
-1
-1
-1
-1
-1
0
-2
-1
-1
0
-1
0
0
1
1
0
2
2
2
3
2
2
1
1
0
0
0
0
-1
0
0
1
1
1
1
1
1
1
1
0
1
0
1
1
1
2
2
3
2
2
3
3
2
1
1
0
1
0
0
0
0
-1
0
-1
0
0
-1
-1
-1
-1
-2
-1
-1
-2
-2
-2
-2
-1
-1
-1
0
0
0
1
1
0
0
-1
-1
-2
-3
-3
-2
-1
-2
-1
-2
0
-1
-1
-1
0
-1
0
-1
-2
-1
-1
-1
0
1
1
1
1
3
2
3
2
1
2
2
1
-1
0
-2
0
-1
-1
0
0
1
1
1
2
1
0
-1
0
-1
0
-1
0
1
0
1
2
2
2
2
1
1
1
0
0
0
-1
-1
0
-1
-1
0
0
0
0
0
0
0
1
1
-1
0
0
-1
-1
-1
-1
-1
-1
-1
-1
-1
-1
0
0
0
0
-1
-1
-2
-1
-1
-1
-1
-1
-1
1
1
1
1
1
2
1
2
-1
0
0
0
0
0
0
1
0
1
1
1
2
1
1
1
-1
0
-1
-1
-2
-2
-1
0
-1
-1
-1
0
-1
-2
-1
0
0
0
1
0
-1
1
1
1
1
1
2
2
2
2
3
2
2
2
1
2
0
1
0
0
1
0
0
0
0
0
0
0
-1
-1
-3
-4
-3
-2
-3
-4
-3
-4
-4
-4
-3
-2
-2
-2
-1
-1
-1
0
-1
0
0
0
1
1
1
1
1
1
2
1
1
1
1
2
2
1
1
3
2
1
2
2
1
2
1
1
1
1
1
2
1
0
-1
0
0
-1
0
-1
-1
0
0
1
1
0
0
0
0
-1
0
-1
-1
-1
-1
0
0
1
1
1
0
0
0
-1
-1
-1
-2
-2
-2
-1
-1
-1
-1
-1
-1
-2
-1
-1
-1
-1
-2
-1
-1
-1
0
0
0
0
1
1
0
0
1
1
1
1
1
1
2
1
2
1
2
1
0
0
0
0
0
-1
0
0
-1
-1
0
-1
0
-1
-2
-1
0
-1
0
0
0
0
-1
-1
1
0
0
-1
-1
0
0
0
0
0
1
0
1
0
0
0
0
0
1
0
1
0
0
0
1
0
1
0
0
0
-1
0
0
0
0
0
0
0
0
0
-1
0
0
0
0
0
0
0
0
0
0
1
0
1
0
0
1
0
0
1
0
0
1
0
0
1
0
0
0
0
0
0
0
0
0
0
0
1
0
0
0
0
0
-1
0
-1
0
0
1
1
0
0
0
-1
0
0
0
0
0
0
0
0
0
-1
0
0
0
0
-1
0
1
0
0
0
0
0
-1
0
0
0
0
0
0
0
1
0
0
0
0
0
-1
0
0
0
0
0
1
0
0
0
0
0
0
0
1
0
-1
0
-1
1
0
0
0
0
-1
0
-1
0
0
0
0
-1
1
0
0
0
1
0
-1
0
1
1
0
-1
0
0
0
0
0
0
0
0
-1
0
0
0
0
1
-1
0
0
-1
0
0
0
0
0
1
1
0
0
0
-1
-1
0
0
0
1
0
0
0
0
0
0
1
0
0
-1
0
0
1
0
0
0
0
0
1
0
0
-1
0
0
0
0
0
0
0
0
1
0
0
0
0
0
0
0
0
1
0
0
0
0
0
0
-1
0
0
0
0
1
0
0
1
0
0
0
1
-1
0
-1
0
0
0
1
0
0
0
0
0
0
1
0
0
0
0
0
0
0
0
0
-1
0
0
0
1
0
0
0
1
0
0
0
0
0
0
0
0
0
0
1
0
1
0
-1
0
0
-1
0
0
0
-1
0
0
0
-1
0
-1
1
-1
1
0
0
0
0
0
1
0
1
0
0
0
0
0
0
0
0
0
0
0
1
0
0
-1
0
0
0
0
0
0
0
0
0
0
-1
0
0
1
0
0
-1
0
0
0
0
0
0
0
0
-1
0
1
0
0
0
0
1
0
0
0
0
0
-1
0
0
-1
0
0
0
0
0
0
0
0
0
0
0
1
1
1
1
0
0
-1
1
0
0
0
0
0
0
0
0
0
0
0
0
1
0
0
1
0
1
0
0
1
0
0
0
0
1
0
0
-1
0
0
1
1
0
0
-1
0
-1
-1
0
0
0
1
1
0
-1
0
1
0
0
0
0
1
0
1
-1
0
1
0
0
0
-1
0
0
0
1
0
-1
0
-1
-1
0
0
1
0
0
0
1
1
0
0
1
1
-1
0
-1
0
0
0
1
0
0
0
0
-1
0
0
-1
0
0
-1
-1
1
0
0
0
0
-1
0
1
0
0
0
-1
1
0
1
0
1
-1
0
0
0
-1
0
0
0
0
0
0
0
0
0
0
0
0
0
0
0
0
0
1
0
0
0
0
1
0
0
0
0
0
0
0
0
0
0
0
0
0
0
0
0
0
0
0
0
1
0
0
0
0
-1
0
0
1
0
0
0
0
0
-1
0
0
0
0
0
0
-1
0
0
-1
0
0
0
-1
0
0
0
0
-1
0
0
0
0
0
0
0
0
0
0
0
0
0
0
0
-1
0
0
0
-1
0
-1
0
-1
0
0
0
0
1
0
0
0
0
-1
1
0
0
0
0
0
1
0
0
0
0
0
0
1
0
0
0
0
-1
0
-1
0
0
0
0
0
0
0
0
0
0
0
0
0
0
0
0
0
1
0
1
1
0
1
0
0
0
0
0
1
0
1
0
0
0
1
0
0
-1
0
0
1
0
-1
0
0
0
0
-1
-1
1
0
0
1
0
0
1
0
0
0
-1
1
0
0
0
0
0
0
-1
0
0
0
0
0
0
0
0
0
0
0
0
0
0
0
0
0
0
0
0
-1
0
-1
0
-1
0
0
0
0
0
-1
0
-1
1
0
0
0
0
0
0
1
0
1
0
1
0
1
0
-1
0
-1
-1
0
-2
-2
-1
-1
-1
-1
0
0
0
0
1
1
1
-1
0
0
0
0
-1
-1
-1
-1
0
0
0
1
0
0
0
0
0
0
0
-1
0
0
1
0
1
0
0
0
0
0
1
0
1
1
0
0
1
1
2
1
0
-1
0
-1
-3
-4
-5
-5
-5
-4
-3
-1
1
2
4
6
9
11
11
12
12
11
12
11
10
7
2
-1
-2
-3
-5
-10
-15
-19
-22
-24
-25
-27
-25
-19
-12
-11
-12
-13
-3
12
20
16
12
10
10
5
2
6
10
3
-11
-16
-7
-1
-5
-17
-23
-25
-26
-27
-22
-12
-3
-3
-3
5
21
29
27
24
22
22
20
18
19
17
13
5
1
0
2
-1
-9
-16
-21
-22
-22
-21
-16
-10
-4
4
16
25
32
33
32
25
20
14
11
3
-5
-10
-12
-12
-15
-11
-4
-1
-8
-21
-27
-27
-27
-28
-27
-28
-35
-40
-35
-18
2
15
24
38
58
80
98
107
102
80
50
19
-5
-30
-58
-99
-134
-153
-156
-157
-159
-155
-148
-138
-120
-80
-28
11
29
39
66
115
172
221
252
272
290
296
270
203
132
118
150
148
36
-122
-202
-169
-114
-105
-101
-57
-25
-72
-120
-47
105
163
75
-3
63
210
291
294
312
337
289
151
50
48
45
-74
-259
-370
-359
-312
-300
-302
-284
-259
-262
-254
-180
-61
16
15
-1
30
113
190
233
232
196
126
53
2
-33
-84
-188
-304
-385
-397
-347
-265
-195
-171
-177
-152
-62
44
107
115
100
99
112
144
193
239
243
199
154
151
196
253
254
159
14
-109
-161
-182
-218
-266
-316
-361
-375
-310
-145
48
180
230
270
348
427
446
386
277
149
23
-73
-119
-121
-118
-169
-254
-300
-279
-239
-247
-295
-334
-346
-338
-286
-200
-94
-23
3
14
37
86
127
125
39
-54
-58
40
179
263
307
331
306
197
100
135
334
522
490
296
153
257
482
598
512
328
129
-129
-391
-509
-393
-262
-328
-476
-380
32
471
674
657
616
537
348
99
-28
-10
-55
-263
-455
-385
-129
42
-24
-185
-292
-390
-537
-661
-639
-542
-493
-486
-354
-35
324
558
606
553
455
336
192
41
-106
-265
-408
-497
-468
-337
-173
-83
-108
-209
-293
-287
-231
-193
-217
-240
-186
-24
232
531
806
938
881
713
554
419
237
-44
-366
-635
-824
-894
-843
-699
-553
-451
-342
-169
55
242
358
394
367
306
266
278
303
274
180
74
-13
-80
-153
-227
-307
-393
-474
-491
-420
-291
-173
-98
-18
73
138
131
75
-8
-92
-184
-259
-260
-168
54
334
573
709
750
723
676
704
919
1183
1138
698
227
174
442
564
354
64
-135
-402
-773
-955
-705
-373
-414
-698
-640
-7
719
1056
1055
1091
1141
965
603
373
372
219
-297
-884
-1060
-841
-643
-718
-891
-921
-877
-866
-862
-717
-479
-326
-310
-260
14
409
712
749
615
464
330
183
8
-165
-361
-592
-818
-887
-771
-568
-416
-403
-446
-429
-281
-82
40
37
10
51
151
308
595
977
1203
1094
793
613
594
504
186
-274
-701
-1011
-1192
-1179
-957
-654
-423
-266
-52
286
657
873
836
601
346
199
133
77
9
-53
-126
-192
-202
-114
-20
-51
-213
-391
-457
-415
-338
-276
-204
-105
-4
56
66
89
66
-35
-207
-351
-362
-301
-175
82
517
967
1155
983
740
814
1266
1714
1639
1046
431
256
423
510
371
142
-131
-610
-1144
-1263
-822
-348
-419
-830
-869
-244
575
1055
1182
1254
1278
1053
684
509
602
500
-105
-902
-1274
-1089
-839
-890
-1136
-1250
-1226
-1228
-1215
-992
-590
-313
-316
-359
-75
470
916
1010
846
671
523
346
134
-56
-250
-535
-903
-1141
-1066
-778
-551
-548
-634
-611
-397
-90
153
257
277
317
469
813
1215
1411
1262
921
668
566
491
282
-113
-630
-1105
-1353
-1284
-1002
-756
-667
-614
-401
-36
327
570
645
533
291
99
77
198
254
124
-96
-213
-162
-76
-73
-152
-227
-268
-282
-248
-140
-5
76
50
-20
-3
43
17
-139
-323
-392
-363
-317
-270
-128
119
480
896
1260
1357
1183
1180
1644
2228
2203
1479
744
608
731
480
-91
-486
-656
-1092
-1749
-1937
-1304
-569
-507
-862
-744
126
1005
1299
1241
1351
1492
1248
761
588
810
779
125
-717
-1064
-947
-922
-1272
-1678
-1828
-1847
-1852
-1741
-1313
-758
-400
-243
-25
437
963
1271
1267
1079
805
521
297
158
15
-253
-604
-896
-1045
-1013
-867
-775
-853
-1044
-1096
-831
-404
-90
39
168
433
801
1176
1495
1636
1472
1104
780
638
557
310
-170
-725
-1149
-1306
-1219
-1042
-908
-861
-796
-583
-210
217
566
725
699
610
580
628
644
533
268
-50
-288
-387
-346
-295
-319
-404
-445
-358
-188
-50
-26
-82
-153
-162
-136
-87
-44
-88
-212
-329
-266
-41
207
323
285
337
648
1084
1283
1180
1235
1780
2362
2270
1561
1042
1126
1148
505
-389
-795
-854
-1275
-1981
-2113
-1391
-709
-737
-957
-483
530
1123
1031
911
1225
1472
1159
630
563
857
743
24
-669
-799
-733
-1062
-1716
-2115
-2098
-2035
-2093
-1982
-1459
-822
-405
-157
244
811
1217
1296
1164
1027
875
621
302
55
-108
-285
-532
-766
-865
-810
-702
-698
-827
-971
-904
-604
-274
-87
21
265
675
1082
1377
1596
1689
1519
1111
768
674
607
254
-387
-980
-1275
-1316
-1276
-1218
-1164
-1098
-968
-717
-321
136
530
749
767
723
790
940
944
659
232
-82
-253
-380
-491
-501
-422
-394
-425
-381
-199
-41
-74
-257
-380
-363
-312
-349
-464
-487
-378
-222
-92
29
225
438
603
827
1145
1376
1358
1349
1751
2362
2453
1821
1161
1055
1115
630
-213
-711
-833
-1206
-1882
-2071
-1401
-623
-567
-856
-526
467
1182
1159
996
1255
1573
1327
791
674
990
951
180
-694
-995
-948
-1229
-1871
-2322
-2315
-2196
-2192
-2051
-1496
-753
-288
-84
212
739
1194
1286
1109
905
709
431
124
-87
-204
-377
-658
-915
-1007
-948
-828
-747
-766
-855
-862
-604
-193
118
262
420
730
1091
1394
1607
1753
1704
1371
917
580
378
127
-294
-778
-1144
-1326
-1334
-1268
-1178
-1033
-791
-485
-219
3
271
566
707
634
526
565
658
569
294
55
-31
-109
-288
-456
-454
-310
-206
-203
-187
-53
107
118
-15
-140
-170
-224
-434
-644
-647
-472
-300
-262
-161
160
581
1021
1403
1605
1517
1350
1589
2211
2483
1918
1027
648
752
580
-61
-583
-706
-979
-1685
-2126
-1624
-689
-408
-807
-866
-66
883
1199
1107
1240
1518
1350
800
548
831
953
315
-670
-1182
-1120
-1134
-1563
-2046
-2170
-2088
-2079
-1974
-1499
-823
-393
-262
-53
466
1031
1296
1271
1138
943
637
321
146
43
-200
-617
-987
-1124
-1080
-985
-903
-859
-887
-893
-673
-210
229
458
601
855
1174
1355
1467
1675
1836
1661
1140
640
392
194
-187
-671
-1073
-1321
-1453
-1480
-1363
-1142
-850
-535
-249
-34
168
435
655
654
451
310
336
352
191
-38
-147
-145
-190
-296
-312
-205
-116
-162
-239
-210
-121
-104
-227
-370
-404
-397
-445
-508
-500
-405
-280
-143
99
527
1090
1598
1823
1739
1704
2100
2691
2747
1998
1086
721
693
354
-320
-738
-801
-1089
-1743
-1995
-1322
-428
-307
-802
-829
2
872
1030
857
1089
1562
1541
989
740
1132
1359
633
-599
-1264
-1196
-1249
-1918
-2609
-2692
-2431
-2382
-2366
-1776
-734
-46
-42
-86
441
1217
1505
1221
916
836
705
338
8
-36
-51
-385
-968
-1339
-1273
-1037
-986
-1176
-1373
-1325
-950
-399
97
437
748
1120
1471
1717
1899
2039
2040
1799
1330
869
508
151
-297
-804
-1203
-1410
-1463
-1416
-1314
-1182
-935
-557
-143
207
471
663
735
679
563
451
319
124
-98
-264
-345
-383
-396
-366
-281
-174
-81
-17
2
1
6
-6
-113
-331
-549
-677
-744
-816
-826
-664
-369
-83
134
487
1116
1798
2113
1957
1816
2198
2830
2864
2043
1103
820
911
579
-206
-741
-828
-1084
-1756
-2128
-1555
-638
-416
-845
-868
7
1032
1357
1176
1232
1574
1590
1104
694
777
874
310
-710
-1344
-1332
-1281
-1718
-2335
-2538
-2359
-2230
-2181
-1805
-1033
-383
-207
-144
297
981
1361
1240
959
802
658
373
68
-82
-183
-465
-875
-1128
-1107
-965
-899
-971
-1118
-1206
-1056
-612
-97
271
532
910
1487
2019
2284
2307
2146
1818
1350
833
350
-145
-687
-1177
-1518
-1644
-1514
-1195
-824
-547
-372
-151
181
472
572
492
341
201
78
-2
-19
-38
-128
-263
-357
-374
-326
-286
-261
-248
-200
-58
153
334
407
372
256
66
-225
-557
-809
-934
-987
-984
-842
-468
83
678
1275
1829
2177
2240
2261
2569
2952
2782
1937
1047
711
698
403
-201
-647
-865
-1268
-1855
-1994
-1403
-751
-746
-1066
-827
97
973
1274
1319
1558
1772
1542
1034
804
859
582
-294
-1226
-1580
-1513
-1622
-2048
-2349
-2279
-2117
-2091
-1951
-1395
-681
-299
-271
-117
425
1018
1224
1046
848
764
630
371
132
-3
-181
-548
-978
-1184
-1133
-1011
-1018
-1130
-1186
-1061
-733
-302
116
501
894
1338
1819
2162
2277
2136
1765
1279
783
306
-200
-814
-1394
-1675
-1631
-1410
-1145
-779
-290
179
456
585
696
768
649
285
-77
-237
-258
-355
-535
-603
-497
-371
-411
-493
-407
-192
-85
-111
-38
282
669
782
653
536
482
257
-230
-753
-1052
-1178
-1291
-1288
-944
-180
714
1364
1692
1991
2578
3369
3778
3324
2341
1604
1389
1167
511
-264
-700
-989
-1528
-2078
-2026
-1384
-958
-1161
-1407
-953
56
844
1119
1266
1616
1940
1946
1748
1607
1461
963
55
-901
-1508
-1807
-2119
-2620
-3117
-3293
-3064
-2571
-2022
-1495
-951
-367
163
575
907
1201
1406
1350
1004
575
338
311
217
-101
-495
-731
-834
-957
-1131
-1226
-1224
-1259
-1363
-1356
-1054
-547
-61
284
613
1040
1564
2018
2147
1971
1680
1430
1160
729
213
-198
-507
-850
-1179
-1229
-918
-614
-624
-700
-409
169
507
419
258
335
443
281
-32
-164
-106
-186
-512
-750
-587
-239
-107
-199
-176
141
496
613
559
584
643
495
112
-255
-429
-579
-856
-1149
-1177
-932
-647
-442
-156
416
1133
1667
1897
2172
2781
3424
3455
2770
2063
1861
1804
1216
180
-685
-1155
-1634
-2276
-2579
-2187
-1562
-1405
-1508
-1105
-51
884
1139
1084
1272
1617
1646
1382
1252
1387
1310
712
-35
-433
-553
-946
-1722
-2493
-2923
-3084
-3143
-3018
-2550
-1857
-1262
-800
-223
605
1390
1761
1726
1560
1382
1084
699
391
219
-40
-524
-1019
-1188
-1074
-1043
-1265
-1564
-1652
-1525
-1315
-1058
-700
-262
160
538
952
1455
1890
1996
1726
1338
1108
992
700
147
-390
-675
-761
-850
-931
-844
-624
-458
-386
-218
127
434
473
318
225
269
291
162
-48
-206
-281
-334
-368
-343
-244
-116
-3
120
276
462
641
748
724
560
307
56
-165
-422
-723
-1011
-1140
-1094
-971
-776
-420
104
671
1110
1389
1773
2428
3134
3411
3052
2443
2126
2124
1905
1210
324
-378
-981
-1705
-2280
-2262
-1818
-1634
-1856
-1822
-1007
122
739
802
928
1355
1632
1454
1197
1326
1549
1258
464
-193
-342
-436
-1059
-2050
-2739
-2930
-3010
-3224
-3223
-2653
-1830
-1285
-978
-367
660
1542
1784
1569
1408
1417
1280
846
368
72
-173
-592
-1067
-1264
-1142
-1043
-1239
-1553
-1626
-1318
-875
-573
-392
-121
343
837
1187
1390
1541
1619
1499
1181
855
638
394
-15
-490
-747
-725
-670
-735
-786
-625
-283
11
132
234
423
594
572
386
278
305
268
-27
-417
-591
-508
-429
-524
-594
-432
-101
189
374
586
875
1053
976
725
493
335
91
-317
-784
-1110
-1178
-1066
-906
-733
-429
60
594
1014
1363
1861
2556
3080
3002
2479
2126
2201
2217
1642
694
-38
-445
-925
-1610
-2037
-1863
-1482
-1442
-1611
-1330
-439
421
716
640
737
1097
1326
1216
1057
1128
1200
908
348
-71
-251
-537
-1215
-2054
-2626
-2837
-2891
-2934
-2831
-2447
-1897
-1336
-756
-63
668
1194
1392
1346
1228
1118
976
752
440
55
-343
-655
-809
-871
-962
-1139
-1347
-1485
-1477
-1279
-949
-601
-342
-140
185
730
1330
1690
1710
1525
1338
1210
1056
787
403
-67
-507
-778
-833
-760
-723
-707
-592
-345
-64
187
414
603
656
532
395
388
410
254
-46
-273
-331
-366
-495
-572
-468
-277
-193
-163
41
441
748
739
599
572
606
434
9
-397
-602
-701
-865
-1012
-915
-558
-137
215
547
969
1476
2042
2591
2885
2724
2267
1956
1941
1847
1287
431
-246
-650
-1083
-1571
-1749
-1473
-1167
-1226
-1344
-964
-116
569
693
574
725
1084
1225
1075
977
1109
1143
751
127
-277
-427
-750
-1488
-2330
-2790
-2843
-2810
-2800
-2602
-2121
-1535
-1011
-467
223
909
1305
1342
1223
1133
1047
864
571
215
-173
-538
-803
-927
-1007
-1129
-1291
-1427
-1476
-1400
-1125
-695
-309
-118
40
459
1101
1581
1654
1514
1445
1414
1217
839
457
121
-279
-730
-1012
-993
-852
-792
-759
-551
-172
166
361
511
692
796
714
530
411
339
166
-99
-285
-306
-308
-402
-488
-417
-227
-81
5
183
468
647
614
499
458
402
151
-268
-634
-796
-840
-876
-847
-630
-230
209
598
1011
1519
2072
2549
2774
2674
2360
2058
1866
1624
1140
467
-169
-682
-1130
-1487
-1596
-1442
-1261
-1216
-1128
-728
-102
413
647
757
925
1100
1170
1166
1190
1191
1041
697
271
-124
-526
-1027
-1656
-2293
-2772
-3000
-3018
-2896
-2640
-2218
-1641
-1020
-432
138
671
1064
1234
1177
1022
874
728
539
261
-70
-368
-574
-712
-850
-1020
-1175
-1281
-1354
-1378
-1269
-936
-490
-138
74
349
855
1425
1738
1722
1615
1579
1471
1134
673
309
54
-257
-652
-918
-914
-786
-720
-678
-494
-160
135
283
385
534
659
635
467
294
188
91
-69
-226
-286
-282
-293
-328
-279
-125
35
140
236
355
449
427
302
165
14
-205
-487
-720
-822
-813
-763
-654
-386
52
547
976
1372
1875
2472
2846
2745
2362
2111
2067
1844
1175
351
-248
-665
-1154
-1633
-1758
-1501
-1269
-1280
-1203
-704
9
452
544
628
912
1171
1194
1122
1186
1316
1234
868
439
116
-240
-813
-1574
-2282
-2753
-3009
-3125
-3088
-2841
-2383
-1807
-1209
-603
24
597
983
1128
1108
1038
949
816
628
401
137
-143
-375
-535
-663
-831
-1049
-1258
-1393
-1400
-1246
-952
-611
-304
-38
285
750
1289
1698
1848
1806
1714
1611
1397
1036
606
192
-191
-548
-830
-964
-959
-870
-732
-558
-349
-101
169
391
476
430
374
336
232
41
-139
-226
-276
-379
-469
-438
-319
-223
-186
-115
57
249
347
356
331
281
157
-59
-316
-558
-756
-874
-887
-827
-682
-391
81
635
1099
1465
1938
2561
3003
2941
2505
2186
2146
1988
1367
528
-69
-418
-849
-1405
-1668
-1447
-1136
-1136
-1234
-918
-168
467
625
606
838
1255
1444
1320
1222
1332
1392
1059
449
-48
-354
-785
-1519
-2315
-2811
-2961
-3012
-3045
-2907
-2472
-1865
-1309
-825
-286
317
790
972
933
880
896
864
694
413
136
-87
-305
-545
-767
-930
-1084
-1272
-1455
-1509
-1349
-1030
-697
-435
-174
192
697
1196
1513
1642
1709
1759
1704
1469
1128
797
447
32
-366
-618
-734
-824
-892
-804
-516
-208
-20
133
357
549
552
411
325
289
115
-188
-410
-418
-349
-397
-490
-430
-217
-17
77
150
299
447
445
307
181
115
-2
-280
-647
-893
-928
-874
-838
-764
-468
71
642
1090
1535
2154
2797
3050
2768
2336
2171
2144
1765
929
66
-456
-759
-1138
-1478
-1468
-1170
-974
-993
-882
-366
288
610
588
580
804
1090
1216
1243
1303
1352
1210
867
494
169
-258
-946
-1790
-2501
-2898
-3041
-3050
-2953
-2673
-2208
-1651
-1068
-477
94
522
709
693
627
619
632
573
437
291
168
33
-123
-266
-412
-630
-957
-1300
-1509
-1541
-1453
-1277
-976
-582
-170
238
720
1269
1697
1864
1841
1769
1652
1397
1016
652
344
9
-379
-679
-784
-759
-724
-674
-510
-258
-24
161
343
522
590
505
352
245
163
25
-163
-333
-424
-455
-459
-422
-323
-195
-80
32
176
324
374
269
88
-73
-233
-454
-724
-932
-993
-945
-835
-585
-117
498
1097
1618
2157
2685
2949
2794
2414
2122
1916
1515
786
11
-532
-874
-1157
-1341
-1279
-1051
-901
-877
-710
-247
285
559
563
613
882
1192
1334
1379
1468
1559
1432
1047
634
306
-115
-826
-1684
-2358
-2688
-2832
-2918
-2858
-2549
-2050
-1532
-1054
-560
-46
361
548
538
454
419
427
413
336
245
215
205
122
-74
-293
-484
-731
-1109
-1499
-1674
-1591
-1421
-1293
-1084
-626
23
626
1016
1258
1457
1602
1629
1539
1383
1147
774
304
-80
-247
-268
-346
-572
-784
-765
-507
-222
-70
-2
126
305
430
476
512
512
361
49
-240
-330
-283
-301
-440
-527
-415
-150
75
182
269
388
452
350
123
-90
-239
-435
-714
-939
-980
-865
-716
-501
-77
531
1120
1583
2038
2549
2881
2778
2383
2046
1846
1490
816
73
-465
-839
-1206
-1440
-1324
-966
-739
-740
-625
-155
435
728
707
683
840
1033
1094
1125
1239
1348
1244
917
583
342
44
-505
-1270
-1987
-2444
-2648
-2710
-2672
-2480
-2088
-1576
-1059
-575
-107
300
527
508
328
161
79
32
-45
-114
-111
-41
5
-21
-107
-233
-438
-761
-1130
-1413
-1498
-1443
-1340
-1191
-912
-450
140
741
1216
1484
1557
1527
1465
1340
1093
738
339
-29
-322
-501
-533
-480
-450
-467
-401
-161
160
373
417
407
447
505
478
363
235
126
-21
-221
-355
-316
-187
-153
-239
-252
-60
191
301
275
263
287
206
-31
-289
-451
-564
-730
-906
-957
-830
-555
-153
345
871
1378
1911
2457
2821
2793
2445
2056
1750
1361
744
58
-477
-869
-1243
-1528
-1473
-1090
-731
-637
-614
-315
234
649
730
680
788
1031
1183
1212
1287
1460
1510
1242
780
387
93
-340
-1038
-1800
-2318
-2524
-2557
-2514
-2331
-1942
-1431
-954
-540
-131
268
537
552
358
133
5
-51
-128
-229
-272
-205
-115
-106
-173
-261
-381
-613
-965
-1287
-1429
-1418
-1344
-1207
-952
-561
-83
420
909
1287
1463
1485
1416
1245
947
551
175
-138
-452
-741
-859
-760
-581
-441
-305
-40
314
572
662
675
705
727
661
485
277
91
-64
-223
-389
-478
-418
-294
-229
-206
-85
182
411
459
417
410
391
216
-114
-430
-628
-783
-931
-1013
-949
-698
-297
219
793
1353
1929
2525
2907
2850
2440
2009
1730
1365
680
-111
-659
-960
-1234
-1494
-1469
-1074
-680
-588
-599
-344
182
605
696
658
794
1087
1330
1431
1505
1633
1661
1407
925
421
-9
-478
-1119
-1848
-2401
-2625
-2580
-2406
-2161
-1799
-1290
-731
-251
96
364
586
662
486
151
-112
-197
-214
-309
-438
-434
-294
-199
-258
-401
-530
-683
-955
-1281
-1479
-1485
-1364
-1184
-940
-584
-122
378
859
1241
1433
1440
1339
1157
875
482
61
-292
-597
-855
-983
-920
-733
-535
-339
-65
279
576
748
819
839
810
730
610
453
231
-32
-245
-362
-406
-408
-338
-197
-57
56
210
432
623
681
603
463
279
14
-305
-590
-787
-922
-999
-996
-831
-470
25
583
1133
1677
2259
2771
2941
2691
2246
1893
1595
1059
262
-461
-896
-1185
-1481
-1641
-1436
-1008
-757
-763
-656
-182
388
651
606
632
924
1243
1373
1395
1501
1641
1554
1147
652
263
-132
-739
-1531
-2186
-2484
-2510
-2449
-2315
-1982
-1443
-866
-407
-33
343
662
771
612
325
84
-61
-169
-292
-392
-402
-331
-269
-275
-339
-428
-578
-845
-1181
-1429
-1489
-1431
-1343
-1205
-881
-299
368
915
1268
1449
1518
1473
1277
966
529
-16
-552
-982
-1203
-1210
-1084
-896
-657
-351
43
482
834
996
972
854
736
640
537
412
238
11
-209
-341
-363
-324
-321
-334
-293
-178
10
240
462
640
717
678
560
382
135
-178
-522
-829
-1019
-1081
-1012
-752
-292
316
943
1534
2171
2799
3100
2879
2364
1945
1671
1200
392
-424
-919
-1199
-1488
-1681
-1497
-1032
-764
-836
-833
-415
194
515
473
474
776
1171
1391
1489
1655
1837
1764
1336
777
334
-55
-631
-1440
-2179
-2549
-2556
-2418
-2255
-1962
-1450
-832
-316
61
401
729
905
773
426
129
12
-35
-172
-370
-474
-426
-349
-379
-475
-565
-684
-924
-1269
-1510
-1517
-1380
-1256
-1127
-831
-291
342
832
1145
1363
1485
1450
1209
823
392
-62
-545
-967
-1210
-1234
-1123
-998
-830
-512
-56
398
712
891
1002
1061
1003
847
697
567
375
74
-251
-433
-455
-454
-486
-490
-367
-125
122
311
496
697
832
797
605
364
123
-175
-537
-832
-949
-930
-865
-693
-266
371
981
1487
2051
2688
3046
2841
2324
1971
1790
1343
468
-409
-911
-1191
-1560
-1854
-1707
-1203
-871
-919
-893
-400
311
662
570
506
775
1148
1294
1292
1417
1664
1679
1298
794
434
129
-422
-1252
-2022
-2434
-2516
-2472
-2358
-2078
-1578
-972
-418
51
483
863
1068
976
664
361
200
107
-67
-310
-471
-474
-425
-440
-507
-589
-721
-984
-1316
-1546
-1587
-1484
-1321
-1118
-795
-284
380
1026
1422
1542
1532
1438
1176
688
108
-388
-814
-1251
-1580
-1586
-1299
-947
-658
-335
114
586
894
1027
1069
1032
884
680
508
393
291
125
-119
-372
-516
-501
-444
-464
-480
-333
-36
252
483
713
935
999
801
480
211
-43
-395
-782
-1036
-1068
-873
-468
76
620
1120
1771
2596
3174
3120
2609
2178
1980
1608
798
-69
-604
-970
-1475
-1946
-1914
-1398
-983
-1023
-1126
-815
-178
305
440
491
718
1027
1219
1346
1554
1788
1770
1379
859
446
90
-423
-1131
-1816
-2288
-2535
-2566
-2350
-1945
-1479
-1037
-571
-36
465
805
988
1051
950
670
345
173
127
26
-192
-386
-451
-439
-470
-582
-746
-986
-1280
-1541
-1666
-1646
-1491
-1225
-897
-513
-22
663
1384
1806
1830
1639
1383
1027
485
-146
-669
-1132
-1602
-1934
-1905
-1526
-1067
-696
-329
149
635
997
1202
1273
1208
993
718
502
354
214
31
-213
-435
-524
-481
-410
-391
-355
-194
53
267
444
641
803
793
557
245
-15
-245
-483
-706
-863
-856
-591
-84
482
938
1436
2206
2987
3230
2825
2309
2154
2042
1379
320
-484
-840
-1166
-1719
-2078
-1839
-1334
-1153
-1253
-1103
-495
170
451
474
638
1010
1321
1443
1501
1635
1715
1509
1046
538
126
-322
-944
-1657
-2210
-2476
-2523
-2418
-2160
-1719
-1156
-597
-98
338
708
987
1091
983
736
479
309
192
45
-113
-195
-204
-229
-319
-429
-557
-793
-1173
-1529
-1702
-1711
-1688
-1641
-1424
-931
-167
709
1489
1978
2070
1889
1619
1316
912
285
-570
-1483
-2194
-2466
-2291
-1899
-1511
-1113
-575
99
747
1223
1507
1556
1307
878
550
468
446
255
-61
-270
-283
-239
-260
-324
-376
-411
-417
-321
-38
351
643
731
680
630
587
422
59
-349
-613
-764
-840
-709
-229
435
966
1380
2053
2959
3475
3186
2481
2061
1927
1474
514
-392
-848
-1140
-1601
-1977
-1790
-1249
-1019
-1218
-1264
-771
-80
278
352
580
1020
1368
1510
1688
2001
2126
1751
1083
552
166
-364
-1167
-1963
-2455
-2688
-2781
-2668
-2261
-1671
-1101
-617
-105
458
902
1114
1144
1057
845
541
264
111
-5
-177
-333
-372
-323
-333
-438
-573
-780
-1127
-1534
-1795
-1826
-1771
-1762
-1575
-982
-148
591
1080
1460
1859
2102
1965
1531
962
321
-429
-1237
-1847
-2090
-2079
-2024
-1889
-1516
-852
-102
440
742
972
1218
1355
1268
1040
884
765
492
105
-163
-194
-169
-298
-500
-517
-332
-107
50
206
468
711
750
619
488
374
131
-301
-717
-863
-782
-624
-353
145
779
1296
1622
2109
2906
3467
3244
2431
1808
1690
1525
834
-70
-667
-1032
-1490
-1954
-1941
-1433
-1105
-1314
-1547
-1166
-309
344
523
651
1036
1408
1517
1547
1774
1992
1705
931
251
-41
-256
-822
-1681
-2346
-2617
-2672
-2633
-2399
-1911
-1335
-866
-452
91
700
1143
1278
1152
928
716
501
304
142
-26
-203
-334
-369
-313
-284
-378
-603
-959
-1359
-1650
-1762
-1773
-1768
-1741
-1456
-726
180
921
1495
2007
2331
2230
1741
1246
840
173
-814
-1767
-2326
-2449
-2390
-2239
-1844
-1198
-506
113
654
1127
1441
1485
1300
1028
770
586
424
163
-140
-281
-204
-115
-164
-213
-89
42
14
2
193
487
588
430
262
211
113
-159
-465
-606
-594
-554
-354
187
880
1351
1634
2161
3033
3645
3406
2586
1986
1827
1523
668
-291
-795
-1061
-1549
-2059
-1937
-1239
-829
-1116
-1466
-1120
-287
207
185
283
836
1395
1550
1579
1933
2344
2137
1249
362
-94
-435
-1151
-2148
-2879
-3142
-3151
-3022
-2637
-1964
-1213
-597
-121
378
905
1302
1442
1289
950
622
426
309
177
-15
-169
-216
-224
-265
-306
-367
-551
-942
-1456
-1792
-1837
-1747
-1726
-1728
-1503
-787
232
1062
1563
1928
2291
2419
2071
1464
979
453
-471
-1614
-2418
-2554
-2367
-2310
-2269
-1830
-1024
-227
304
702
1149
1453
1406
1122
893
812
723
406
-45
-324
-313
-170
-181
-298
-256
-32
117
131
208
459
659
529
233
62
-9
-222
-592
-870
-849
-627
-303
223
861
1352
1696
2252
3180
3914
3720
2827
2129
1966
1776
1037
88
-485
-813
-1405
-2050
-2054
-1368
-886
-1229
-1780
-1573
-667
34
166
248
802
1490
1772
1825
2128
2571
2441
1518
416
-215
-544
-1147
-2100
-2936
-3284
-3252
-3050
-2694
-2098
-1369
-731
-248
175
659
1128
1417
1382
1050
681
500
491
436
202
-59
-174
-207
-275
-381
-458
-554
-863
-1380
-1800
-1869
-1705
-1645
-1719
-1631
-1049
-129
643
1151
1567
2080
2433
2254
1699
1179
688
-63
-1117
-2037
-2400
-2462
-2540
-2575
-2215
-1435
-623
-38
430
988
1408
1481
1290
1085
959
748
354
-58
-285
-348
-309
-295
-244
-71
107
218
275
363
491
563
466
271
119
-27
-249
-536
-733
-704
-555
-326
156
860
1453
1754
2047
2796
3754
4014
3318
2395
2030
2010
1552
592
-193
-545
-981
-1695
-2111
-1718
-1060
-1092
-1717
-1950
-1304
-425
-14
44
413
1136
1643
1798
1961
2366
2548
1976
862
-68
-554
-982
-1723
-2668
-3324
-3503
-3337
-3028
-2558
-1891
-1140
-476
-33
355
802
1258
1485
1279
847
560
553
586
425
166
56
41
-73
-272
-392
-383
-550
-1075
-1679
-1921
-1771
-1611
-1674
-1717
-1251
-359
438
903
1243
1800
2415
2540
2076
1469
974
414
-490
-1496
-2035
-2175
-2373
-2694
-2661
-1988
-1054
-435
-113
355
969
1376
1378
1231
1163
1024
602
82
-174
-206
-204
-349
-497
-371
-71
173
252
267
381
521
473
309
172
103
-55
-408
-740
-759
-507
-297
-79
350
1004
1528
1766
2228
3198
4006
3838
2914
2220
2246
2219
1455
392
-295
-676
-1299
-2026
-2115
-1484
-1122
-1562
-2114
-1851
-865
-124
6
107
676
1366
1734
1875
2225
2665
2497
1585
537
-85
-481
-1153
-2224
-3180
-3596
-3580
-3358
-3023
-2437
-1660
-926
-369
126
644
1143
1465
1410
1082
715
560
593
573
381
167
85
55
-24
-181
-297
-446
-834
-1415
-1891
-1994
-1854
-1796
-1865
-1722
-1201
-370
532
1252
1810
2266
2570
2567
2228
1683
1098
330
-748
-1816
-2476
-2680
-2772
-2919
-2795
-2084
-1121
-350
215
825
1436
1676
1488
1210
1099
910
471
-11
-289
-345
-348
-344
-251
-64
92
178
166
153
211
279
268
157
26
-81
-173
-341
-482
-491
-398
-278
-63
415
1029
1472
1718
2277
3303
4121
4005
3195
2625
2560
2328
1461
434
-233
-732
-1527
-2318
-2363
-1734
-1368
-1775
-2254
-1930
-971
-226
-2
205
816
1522
1854
1983
2344
2788
2642
1672
545
-129
-527
-1253
-2377
-3324
-3684
-3631
-3510
-3231
-2554
-1602
-826
-368
48
642
1258
1531
1392
1077
839
727
663
548
430
373
280
117
-81
-175
-209
-424
-945
-1567
-1931
-1990
-1938
-1961
-1937
-1571
-857
-124
487
1068
1698
2362
2667
2487
2070
1563
939
76
-920
-1673
-2097
-2483
-2850
-2922
-2481
-1704
-1003
-499
36
676
1164
1348
1310
1229
1106
786
343
51
-49
-132
-289
-414
-320
-101
42
92
172
304
415
411
347
329
246
23
-313
-569
-631
-611
-638
-577
-189
476
1121
1488
1853
2658
3743
4340
3999
3211
2758
2688
2283
1334
337
-340
-944
-1793
-2464
-2381
-1823
-1694
-2136
-2379
-1857
-927
-292
8
438
1137
1707
1983
2229
2637
2861
2390
1398
472
-104
-694
-1600
-2624
-3345
-3616
-3667
-3538
-3110
-2362
-1563
-953
-464
73
679
1162
1384
1325
1147
992
868
788
706
595
443
243
28
-129
-235
-381
-691
-1212
-1720
-2000
-2029
-1994
-1993
-1885
-1468
-745
10
677
1291
1884
2393
2683
2666
2404
1873
1041
52
-866
-1505
-1956
-2402
-2824
-2923
-2556
-1878
-1146
-500
111
635
995
1177
1309
1379
1251
873
423
163
50
-46
-164
-200
-141
-55
1
77
216
278
252
164
138
134
47
-161
-404
-589
-733
-831
-880
-730
-306
355
1012
1415
1696
2319
3461
4423
4431
3600
2842
2605
2344
1514
389
-446
-1096
-1948
-2806
-2942
-2282
-1725
-1890
-2289
-2009
-1009
-26
435
671
1104
1649
2012
2170
2392
2640
2496
1714
679
-115
-627
-1195
-2059
-2944
-3528
-3727
-3609
-3221
-2570
-1795
-1104
-573
-65
527
1130
1534
1626
1449
1169
961
872
855
767
549
281
31
-145
-272
-443
-727
-1166
-1690
-2122
-2285
-2176
-1956
-1756
-1490
-1055
-383
590
1583
2224
2401
2442
2611
2651
2159
1229
282
-571
-1411
-2223
-2670
-2706
-2662
-2714
-2544
-1774
-701
158
614
940
1265
1461
1448
1296
1099
806
451
45
-227
-259
-112
11
-103
-258
-175
97
220
124
52
155
217
8
-286
-374
-295
-407
-716
-891
-750
-357
112
678
1268
1713
2142
2885
3907
4550
4301
3389
2630
2258
1761
809
-279
-1066
-1721
-2482
-3086
-2896
-2061
-1527
-1746
-2088
-1629
-455
521
770
842
1296
1917
2207
2133
2217
2447
2251
1283
45
-728
-1050
-1517
-2430
-3320
-3704
-3594
-3315
-2956
-2356
-1530
-757
-284
61
529
1174
1687
1772
1503
1176
1024
1014
983
786
480
159
-145
-434
-706
-885
-1048
-1362
-1855
-2278
-2315
-1941
-1478
-1169
-876
-338
423
1118
1665
2223
2743
2916
2501
1730
1033
492
-132
-972
-1839
-2476
-2786
-2815
-2584
-2083
-1397
-735
-232
204
728
1279
1579
1484
1139
817
641
479
225
-41
-182
-263
-346
-377
-261
-21
91
1
-82
58
339
497
351
31
-204
-369
-546
-772
-893
-834
-638
-324
244
1057
1719
2182
2825
3878
4755
4632
3607
2707
2452
2076
973
-403
-1193
-1518
-2169
-3038
-3119
-2176
-1386
-1580
-2109
-1695
-376
616
688
571
1108
1930
2225
1947
1850
2180
2257
1497
251
-586
-849
-1188
-2111
-3187
-3699
-3555
-3259
-3124
-2829
-2072
-1077
-378
-59
297
976
1675
1892
1607
1190
1027
1054
975
667
319
131
11
-264
-667
-923
-963
-1097
-1604
-2189
-2329
-1950
-1547
-1412
-1168
-479
468
1124
1421
1771
2385
2931
2855
2161
1287
574
-34
-736
-1485
-2025
-2342
-2567
-2719
-2588
-1898
-942
-258
-4
226
774
1430
1702
1473
1144
917
674
287
-105
-255
-231
-321
-558
-644
-380
65
246
112
49
236
422
325
37
-161
-225
-446
-862
-1098
-920
-479
-36
393
1020
1715
2263
2909
3891
4830
4910
3961
2832
2299
2013
1226
-15
-1087
-1760
-2413
-3062
-3064
-2184
-1319
-1354
-1890
-1725
-525
654
874
557
722
1424
1863
1720
1608
2019
2348
1755
467
-444
-559
-667
-1610
-3020
-3821
-3760
-3457
-3380
-3193
-2441
-1371
-650
-356
72
915
1786
2034
1624
1162
1060
1157
1074
739
411
272
111
-247
-652
-830
-796
-1007
-1645
-2287
-2354
-1934
-1544
-1468
-1357
-625
461
1244
1564
1804
2357
2965
2955
2329
1579
896
186
-749
-1657
-2113
-2244
-2493
-2848
-2833
-2175
-1111
-290
62
338
864
1454
1706
1516
1218
1078
814
285
-254
-478
-413
-439
-717
-903
-668
-230
11
-43
-41
223
465
430
187
10
-66
-244
-637
-1023
-1075
-821
-423
29
692
1556
2260
2694
3302
4371
5289
5093
3746
2401
1850
1584
742
-530
-1462
-1959
-2489
-3010
-2760
-1664
-845
-1084
-1661
-1315
-93
770
710
514
913
1507
1596
1380
1607
2219
2250
1233
-55
-644
-689
-1122
-2257
-3392
-3837
-3758
-3653
-3498
-2872
-1803
-893
-534
-328
332
1334
1988
1887
1374
1029
979
957
823
638
433
199
-152
-533
-698
-665
-697
-1087
-1771
-2246
-2155
-1662
-1278
-1201
-1112
-494
615
1520
1896
2019
2347
2791
2731
2050
1309
712
-11
-1061
-2047
-2364
-2259
-2366
-2721
-2653
-1823
-694
40
336
734
1292
1623
1507
1217
1046
971
620
-36
-536
-659
-512
-534
-830
-969
-670
-237
-78
-107
25
396
589
361
45
-29
-27
-331
-869
-1204
-1072
-772
-564
-146
787
1922
2582
2751
3217
4401
5393
5037
3474
2062
1636
1473
623
-635
-1398
-1637
-2061
-2682
-2600
-1545
-637
-822
-1482
-1319
-242
614
657
525
892
1426
1518
1335
1566
2183
2268
1343
115
-484
-550
-919
-1937
-3001
-3479
-3504
-3478
-3384
-2840
-1862
-1052
-758
-588
16
991
1683
1661
1221
880
808
825
771
638
446
178
-178
-509
-669
-611
-562
-875
-1559
-2128
-2111
-1617
-1214
-1131
-993
-421
392
992
1317
1725
2324
2640
2312
1541
864
444
-35
-777
-1542
-1973
-2094
-2139
-2191
-1950
-1244
-408
70
224
534
1129
1575
1435
982
712
619
315
-264
-698
-734
-670
-891
-1155
-975
-374
114
142
79
349
813
941
585
154
-54
-207
-631
-1153
-1328
-1045
-708
-449
142
1264
2382
2813
2893
3556
4829
5375
4367
2658
1717
1660
1270
71
-1043
-1352
-1487
-2113
-2704
-2220
-985
-474
-1116
-1719
-1168
-4
523
264
238
886
1488
1485
1335
1757
2430
2328
1199
32
-353
-400
-1019
-2287
-3282
-3488
-3340
-3346
-3266
-2616
-1579
-819
-622
-435
242
1130
1547
1294
821
609
709
794
711
541
392
234
-71
-444
-628
-578
-684
-1200
-1924
-2310
-2065
-1561
-1314
-1326
-1160
-534
512
1426
1845
2012
2183
2341
2235
1737
1165
706
-12
-1046
-1879
-2073
-1803
-1755
-2037
-1970
-1167
-203
329
538
860
1284
1338
994
734
756
641
142
-512
-866
-778
-639
-716
-844
-733
-407
-150
-63
119
499
747
582
169
-15
39
-104
-659
-1194
-1211
-858
-651
-542
114
1388
2509
2775
2673
3307
4636
5262
4289
2568
1600
1576
1276
178
-888
-1201
-1296
-1912
-2526
-2101
-874
-335
-1000
-1703
-1287
-184
367
191
198
813
1387
1426
1349
1801
2454
2334
1276
185
-225
-360
-992
-2134
-3023
-3278
-3287
-3363
-3245
-2541
-1576
-983
-854
-589
177
1014
1331
1083
780
686
676
593
512
497
435
153
-272
-522
-524
-421
-564
-1091
-1740
-2077
-1913
-1539
-1362
-1373
-1039
-270
491
898
1098
1587
2273
2504
2099
1465
967
561
-45
-748
-1168
-1341
-1569
-1878
-1933
-1460
-639
-18
197
302
594
1045
1318
1204
884
623
326
-111
-549
-769
-737
-776
-1004
-1063
-702
-158
206
299
417
728
911
744
392
147
-1
-364
-998
-1440
-1321
-900
-690
-583
53
1332
2417
2577
2441
3169
4573
5041
3772
2027
1465
1819
1483
100
-1051
-1157
-1094
-1776
-2499
-2034
-769
-340
-1198
-1898
-1218
102
575
114
0
770
1533
1536
1311
1737
2483
2411
1296
225
-7
14
-701
-2033
-2976
-3116
-3020
-3204
-3226
-2568
-1581
-1014
-940
-657
160
1004
1225
911
603
574
645
572
429
370
353
191
-128
-369
-352
-233
-411
-1039
-1752
-2035
-1843
-1575
-1563
-1656
-1430
-660
295
928
1217
1535
2074
2428
2194
1614
1188
835
168
-759
-1347
-1347
-1297
-1645
-1981
-1602
-656
69
213
254
654
1138
1211
902
639
577
424
-85
-686
-894
-696
-572
-808
-1025
-730
-117
190
138
241
677
954
680
232
121
196
-107
-782
-1201
-1107
-850
-796
-721
-56
1128
2033
2180
2120
2827
4234
4922
3964
2328
1586
1817
1671
477
-724
-945
-875
-1538
-2380
-2105
-854
-300
-1152
-2006
-1478
-191
349
0
-92
672
1462
1513
1356
1800
2587
2630
1619
518
187
163
-482
-1766
-2826
-3097
-3055
-3237
-3340
-2776
-1759
-1114
-1066
-925
-142
804
1144
848
526
523
595
500
396
469
519
311
-63
-270
-184
-60
-244
-861
-1588
-1974
-1880
-1640
-1635
-1796
-1567
-768
54
465
693
1293
2144
2454
2025
1520
1364
1215
572
-339
-803
-801
-946
-1455
-1756
-1331
-488
-7
-76
-112
283
849
1033
738
399
361
316
-122
-693
-884
-629
-554
-935
-1156
-711
18
316
162
230
770
1122
850
358
171
189
-135
-855
-1312
-1192
-893
-834
-855
-312
841
1812
2025
1967
2561
3832
4582
3892
2516
1844
2021
1892
854
-252
-570
-584
-1187
-2049
-2066
-1170
-635
-1187
-1903
-1569
-469
162
8
-68
576
1375
1563
1380
1631
2330
2551
1829
840
403
316
-208
-1317
-2320
-2700
-2825
-3139
-3366
-2979
-2152
-1568
-1448
-1236
-508
368
775
694
583
660
715
557
447
563
673
495
105
-142
-117
-47
-262
-787
-1386
-1776
-1889
-1870
-1887
-1833
-1468
-876
-322
27
419
1180
2072
2448
2154
1637
1332
1163
741
124
-318
-573
-940
-1452
-1671
-1224
-429
-40
-227
-376
57
787
1081
701
266
249
250
-188
-785
-882
-518
-496
-1035
-1296
-655
272
520
196
227
853
1236
889
359
256
322
-93
-881
-1311
-1125
-863
-973
-1014
-319
941
1817
1834
1832
2802
4263
4694
3591
2244
1963
2240
1712
388
-497
-500
-624
-1540
-2266
-1735
-641
-503
-1406
-1879
-1131
-114
49
-283
-56
785
1355
1307
1353
2018
2723
2571
1649
830
552
292
-559
-1734
-2546
-2880
-3146
-3466
-3425
-2761
-1944
-1539
-1435
-1073
-288
442
691
604
536
565
588
577
636
765
798
591
248
5
-37
-60
-370
-1034
-1745
-2115
-2105
-2036
-2050
-1859
-1299
-631
-197
201
944
1866
2361
2190
1788
1578
1432
1016
394
-156
-506
-794
-1099
-1304
-1231
-809
-307
-108
-246
-242
219
758
747
255
-8
147
171
-336
-862
-824
-530
-649
-1083
-1066
-392
255
302
139
430
1079
1323
878
327
197
228
-229
-1092
-1608
-1418
-1063
-1005
-796
155
1425
1998
2026
2719
4289
5207
4334
2691
2054
2437
2222
864
-387
-665
-760
-1546
-2302
-1841
-691
-456
-1370
-1962
-1208
6
320
-114
-110
669
1331
1356
1368
2012
2765
2617
1632
833
725
620
-269
-1639
-2573
-2879
-3106
-3477
-3558
-2995
-2217
-1809
-1685
-1278
-453
322
607
501
403
463
568
608
617
634
649
605
447
222
78
18
-211
-840
-1677
-2152
-2116
-1977
-2047
-2069
-1645
-918
-316
195
931
1773
2261
2154
1796
1571
1423
1081
498
-143
-654
-951
-1054
-1048
-1002
-867
-561
-181
22
60
227
545
652
343
-51
-88
76
-86
-619
-1033
-974
-720
-716
-847
-652
-97
346
415
464
871
1331
1232
590
56
-47
-141
-683
-1389
-1618
-1331
-933
-491
262
1226
1890
2284
3077
4351
5030
4351
3028
2330
2280
1821
663
-337
-670
-1020
-1876
-2464
-1843
-656
-404
-1265
-1813
-1072
99
417
4
45
823
1432
1364
1317
2013
2839
2655
1507
607
521
478
-388
-1768
-2695
-2934
-3049
-3363
-3456
-2916
-2061
-1531
-1395
-1161
-527
231
633
574
334
253
429
667
746
665
609
636
589
348
61
-91
-290
-864
-1746
-2361
-2358
-2024
-1859
-1888
-1679
-1048
-158
657
1233
1637
1858
1864
1684
1383
1050
726
276
-337
-911
-1126
-928
-667
-663
-777
-639
-224
184
316
263
272
341
303
132
-13
-43
-76
-375
-852
-1099
-943
-632
-553
-647
-465
67
560
763
855
1072
1209
906
277
-193
-387
-667
-1193
-1620
-1463
-686
224
808
1103
1598
2698
4141
4956
4593
3567
2790
2483
2001
1039
91
-441
-928
-1777
-2501
-2238
-1128
-378
-672
-1308
-1220
-363
418
569
430
574
948
1206
1354
1752
2358
2584
2023
1095
496
284
-73
-963
-2071
-2899
-3278
-3339
-3170
-2804
-2339
-1870
-1418
-937
-474
-56
327
595
548
204
-55
108
532
721
546
317
323
459
435
174
-225
-704
-1287
-1873
-2262
-2314
-2065
-1707
-1438
-1238
-818
85
1218
1901
1887
1561
1408
1400
1149
589
41
-366
-802
-1244
-1417
-1137
-680
-448
-464
-452
-179
312
728
743
413
131
130
233
121
-173
-357
-468
-753
-1111
-1141
-724
-323
-323
-425
-118
489
897
944
916
948
765
206
-397
-685
-763
-962
-1236
-1086
-275
718
1256
1496
2254
3757
5006
4931
3832
3005
2915
2670
1546
190
-495
-766
-1477
-2416
-2473
-1479
-641
-812
-1304
-1043
-146
402
352
359
743
1061
1023
1096
1695
2408
2475
1837
1169
872
604
-117
-1159
-2024
-2575
-3075
-3535
-3541
-2939
-2195
-1799
-1609
-1119
-302
300
389
271
293
343
174
-59
6
327
544
483
322
312
438
461
192
-394
-1116
-1663
-1936
-2092
-2182
-2065
-1647
-1138
-773
-309
570
1577
2045
1734
1149
925
965
741
95
-668
-1171
-1341
-1336
-1234
-988
-656
-369
-234
-193
-10
416
785
733
319
-24
41
261
214
-125
-476
-657
-758
-863
-859
-619
-302
-113
8
284
772
1178
1212
957
688
436
27
-566
-1067
-1212
-1099
-875
-391
448
1289
1766
2183
3231
4717
5348
4481
3111
2577
2701
2223
842
-376
-792
-1144
-2035
-2729
-2205
-1009
-652
-1356
-1719
-847
369
745
454
568
1252
1638
1428
1417
2117
2740
2298
1073
310
361
250
-739
-2071
-2802
-2918
-3098
-3443
-3294
-2435
-1552
-1260
-1243
-784
122
764
693
299
106
145
117
-17
1
202
359
265
73
50
201
198
-243
-1030
-1747
-2081
-2104
-2036
-2001
-1866
-1498
-886
-112
675
1344
1777
1864
1553
1060
679
459
118
-565
-1340
-1719
-1563
-1207
-973
-810
-521
-181
31
176
418
677
711
468
181
97
142
107
-63
-277
-428
-515
-583
-602
-478
-237
-17
143
348
689
988
1005
790
575
380
8
-578
-1090
-1202
-975
-593
-38
687
1361
1847
2470
3625
4867
5136
4195
3025
2557
2519
1994
884
-126
-759
-1415
-2169
-2433
-1856
-1120
-1143
-1710
-1764
-887
182
623
604
846
1403
1714
1688
1848
2406
2695
2030
805
44
-37
-232
-1125
-2340
-3081
-3231
-3241
-3242
-2940
-2245
-1500
-1053
-779
-294
383
888
949
633
236
44
72
147
128
2
-92
-82
-67
-69
-49
-117
-471
-1168
-1866
-2088
-1847
-1630
-1720
-1838
-1487
-583
367
969
1328
1574
1597
1275
826
615
491
-64
-1049
-1787
-1824
-1437
-1212
-1243
-1139
-770
-375
-133
107
482
803
764
456
332
543
738
491
-97
-514
-492
-339
-405
-549
-414
-22
245
286
433
861
1195
1042
544
161
-38
-348
-862
-1205
-1073
-604
-32
567
1148
1652
2219
3177
4385
4977
4380
3213
2579
2603
2379
1426
343
-309
-863
-1769
-2516
-2285
-1388
-1085
-1779
-2351
-1724
-365
476
486
511
1141
1836
1970
1898
2298
2912
2728
1519
307
-41
-16
-609
-1884
-2983
-3369
-3395
-3413
-3207
-2543
-1763
-1286
-967
-371
489
1126
1295
1130
844
541
309
252
286
186
-89
-324
-340
-225
-145
-186
-431
-947
-1624
-2120
-2192
-1929
-1663
-1598
-1575
-1199
-324
716
1415
1644
1641
1542
1240
715
227
-76
-506
-1330
-2169
-2372
-1905
-1427
-1364
-1413
-1143
-639
-220
50
356
689
803
635
462
519
655
528
37
-493
-694
-567
-398
-309
-162
154
490
663
779
982
1168
999
434
-182
-578
-816
-1015
-1037
-719
-45
755
1408
1900
2480
3465
4682
5279
4684
3430
2603
2523
2418
1635
550
-207
-728
-1393
-1970
-1894
-1312
-1120
-1662
-2181
-1895
-948
-124
204
362
750
1297
1792
2247
2720
2995
2692
1827
878
212
-345
-1143
-2177
-3131
-3774
-4115
-4060
-3479
-2622
-1937
-1498
-926
-26
839
1241
1325
1401
1344
899
270
30
272
388
-24
-529
-559
-231
-108
-381
-731
-971
-1295
-1787
-2196
-2145
-1693
-1380
-1344
-1155
-457
524
1234
1470
1503
1507
1346
954
459
19
-415
-1012
-1593
-1838
-1797
-1714
-1679
-1581
-1342
-1061
-822
-523
-85
346
625
762
857
969
994
769
351
-35
-255
-373
-518
-577
-330
171
619
822
941
1150
1287
1038
416
-236
-716
-1076
-1380
-1541
-1277
-471
665
1659
2192
2626
3638
5068
5756
4979
3496
2635
2516
2110
1020
80
-224
-567
-1521
-2323
-1940
-861
-624
-1565
-2297
-1763
-619
-149
-343
-158
688
1361
1399
1529
2421
3409
3235
1866
657
442
406
-634
-2395
-3559
-3731
-3768
-4189
-4248
-3229
-1832
-1153
-1076
-517
827
1921
1930
1374
1171
1289
1088
482
47
83
161
-128
-531
-586
-267
-90
-460
-1153
-1664
-1768
-1679
-1708
-1866
-1852
-1549
-1066
-500
164
925
1509
1586
1260
982
939
889
446
-422
-1262
-1674
-1730
-1728
-1849
-2003
-1955
-1694
-1384
-1064
-659
-170
247
433
510
734
1033
1100
794
293
-73
-207
-212
-190
-161
-43
217
595
1018
1349
1425
1275
966
486
-150
-800
-1262
-1468
-1504
-1279
-583
537
1629
2335
2974
4052
5344
5856
5076
3738
2917
2618
2011
857
-144
-579
-952
-1695
-2197
-1730
-813
-682
-1474
-1983
-1450
-559
-313
-539
-336
418
1014
1168
1478
2369
3195
3042
1989
1031
635
230
-828
-2269
-3354
-3870
-4152
-4336
-4050
-3149
-2141
-1491
-1004
-229
768
1480
1690
1643
1526
1256
870
640
676
671
307
-197
-390
-256
-145
-335
-776
-1274
-1712
-1998
-2080
-2038
-1931
-1621
-1140
-656
-148
474
1154
1612
1628
1418
1226
912
375
-207
-672
-1063
-1510
-1854
-1824
-1604
-1600
-1719
-1552
-1115
-829
-852
-767
-282
214
332
306
504
798
810
406
-43
-198
-163
-188
-287
-212
182
737
1098
1240
1333
1398
1246
740
93
-420
-882
-1457
-1841
-1520
-492
648
1350
1806
2707
4232
5602
5866
4976
3829
3191
2762
1958
883
113
-318
-989
-1939
-2225
-1355
-375
-515
-1474
-1843
-1124
-308
-263
-545
-334
248
594
731
1279
2285
2878
2456
1503
920
745
267
-891
-2258
-3224
-3762
-4136
-4260
-3854
-3069
-2367
-1872
-1247
-315
613
1191
1430
1513
1431
1162
905
871
937
778
383
50
-19
8
-62
-264
-586
-1051
-1603
-1991
-2002
-1669
-1380
-1322
-1304
-951
-145
718
1211
1322
1311
1197
916
526
236
-4
-516
-1302
-1873
-1819
-1409
-1257
-1514
-1686
-1442
-1065
-852
-711
-431
-78
92
67
100
313
529
461
-6
-516
-634
-380
-144
-100
-17
380
968
1375
1555
1694
1771
1487
763
-48
-546
-844
-1264
-1600
-1368
-443
667
1395
1883
2832
4424
5722
5688
4477
3404
3160
2987
2047
713
-91
-401
-1002
-1898
-2018
-1031
-170
-534
-1471
-1515
-565
140
-105
-531
-308
231
371
310
878
1959
2429
1717
722
474
663
204
-1124
-2440
-3082
-3380
-3793
-4028
-3601
-2737
-2158
-1948
-1476
-442
578
965
927
926
1033
960
704
617
807
889
568
160
84
332
425
68
-546
-1082
-1419
-1623
-1792
-1795
-1529
-1196
-974
-802
-283
685
1514
1689
1399
1105
970
728
262
-150
-531
-1131
-1809
-2031
-1662
-1274
-1338
-1575
-1389
-878
-558
-499
-308
133
394
208
-89
4
308
307
-200
-804
-923
-590
-293
-283
-171
349
1033
1365
1392
1568
1820
1597
764
-68
-437
-574
-1009
-1484
-1271
-308
777
1403
1880
2924
4502
5599
5416
4312
3379
3081
2703
1673
450
-250
-622
-1239
-1926
-1813
-762
3
-332
-1049
-966
-108
442
133
-329
-254
62
162
168
653
1489
1830
1310
532
258
271
-159
-1269
-2437
-3137
-3463
-3658
-3664
-3272
-2657
-2137
-1690
-1038
-228
402
690
817
914
845
615
485
654
832
677
347
285
522
622
377
1
-272
-616
-1126
-1563
-1658
-1544
-1518
-1369
-916
-306
239
668
1092
1464
1575
1459
1220
788
181
-370
-771
-1187
-1695
-2021
-1871
-1528
-1535
-1659
-1303
-604
-230
-412
-505
-1
593
596
212
35
177
183
-291
-877
-1070
-848
-626
-639
-569
7
906
1457
1494
1472
1719
1794
1203
256
-340
-538
-895
-1431
-1403
-394
886
1544
1697
2436
4105
5558
5563
4301
3100
2753
2515
1567
374
-252
-432
-1015
-1949
-2027
-811
404
241
-783
-1061
-186
630
456
-97
-125
168
158
31
461
1420
1860
1220
288
-37
21
-333
-1318
-2322
-2943
-3396
-3709
-3579
-2941
-2259
-1918
-1675
-1080
-232
360
598
776
928
771
332
144
431
744
577
124
-30
257
525
455
195
-67
-367
-835
-1268
-1350
-1210
-1078
-1020
-913
-602
-131
317
780
1255
1555
1593
1288
802
388
82
-219
-673
-1352
-1918
-2035
-1897
-1849
-1860
-1655
-1170
-716
-493
-193
379
866
901
485
107
50
-39
-540
-1210
-1536
-1330
-964
-801
-538
84
881
1371
1480
1549
1751
1727
1119
268
-323
-603
-870
-1216
-1195
-443
650
1475
1869
2270
3330
4768
5543
5017
3695
2716
2443
2177
1348
384
-224
-673
-1345
-1839
-1399
-239
385
-146
-840
-647
256
807
511
42
7
186
212
290
771
1399
1430
742
29
-199
-232
-731
-1746
-2741
-3335
-3616
-3682
-3501
-3005
-2434
-1971
-1508
-916
-236
343
752
878
701
322
76
208
422
325
-25
-181
15
273
328
264
235
76
-387
-913
-1080
-957
-943
-1283
-1435
-842
24
532
730
1062
1610
1879
1577
1200
1020
654
-96
-942
-1447
-1544
-1631
-1862
-1927
-1658
-1226
-770
-401
-145
87
326
499
476
224
35
36
-169
-708
-1204
-1272
-1062
-1002
-1070
-883
-359
198
633
1056
1521
1815
1761
1393
952
590
177
-348
-922
-1285
-1135
-388
577
1333
1769
2178
3109
4445
5369
5154
3913
2704
2235
2041
1399
500
-97
-471
-1091
-1703
-1388
-193
554
0
-959
-961
-108
332
-76
-452
-188
143
34
-27
666
1661
1781
854
-80
-271
-199
-781
-1990
-2970
-3368
-3577
-3856
-3824
-3124
-2134
-1527
-1353
-1032
-228
679
1062
837
459
263
218
161
41
7
113
180
111
74
295
647
716
271
-366
-700
-665
-673
-999
-1222
-1005
-560
-274
-199
184
1057
1764
1762
1326
1013
955
714
52
-575
-897
-1144
-1523
-1841
-1790
-1319
-831
-658
-605
-368
153
674
791
520
239
55
-226
-724
-1276
-1519
-1460
-1450
-1519
-1344
-748
27
604
950
1330
1741
1899
1711
1327
934
510
-89
-783
-1251
-1292
-963
-406
291
1089
1739
2052
2505
3647
4952
5182
3981
2552
2207
2522
2191
1089
246
31
-306
-1067
-1358
-503
459
202
-918
-1392
-709
35
-86
-605
-570
-130
62
55
495
1431
1913
1349
359
-68
-4
-290
-1321
-2509
-3212
-3573
-3875
-3925
-3375
-2478
-1892
-1743
-1397
-484
464
818
593
323
234
105
-142
-239
-49
145
81
-85
54
504
870
863
505
27
-369
-589
-773
-1029
-1359
-1446
-992
-329
79
269
731
1496
1953
1696
1279
1179
1003
276
-641
-1009
-966
-1179
-1734
-1866
-1251
-567
-342
-309
49
541
632
358
177
174
-8
-532
-1119
-1395
-1358
-1260
-1310
-1362
-1126
-586
-46
352
771
1258
1576
1520
1332
1284
1225
786
-15
-655
-903
-944
-999
-758
16
949
1470
1569
2018
3272
4717
5101
4155
2870
2392
2522
2257
1415
696
440
-21
-874
-1294
-565
472
368
-786
-1593
-1218
-476
-356
-735
-805
-449
-176
-7
516
1481
2139
1845
916
221
22
-179
-908
-2091
-3219
-3968
-4218
-3996
-3434
-2817
-2315
-1836
-1252
-561
37
467
711
597
116
-369
-441
-126
109
-5
-137
13
359
667
837
938
858
371
-381
-898
-1004
-1012
-1288
-1535
-1307
-683
-93
263
649
1262
1880
2029
1772
1443
1148
769
170
-424
-729
-908
-1169
-1368
-1332
-1000
-584
-320
-158
59
313
474
512
359
59
-319
-713
-979
-1145
-1256
-1261
-1182
-1033
-692
-160
458
951
1119
1159
1297
1423
1325
930
376
-169
-618
-992
-1165
-1090
-841
-395
226
875
1340
1616
2234
3496
4575
4526
3497
2602
2564
2727
2199
1266
654
300
-371
-1229
-1321
-457
141
-495
-1605
-1816
-1018
-311
-467
-856
-632
-77
208
347
963
1966
2371
1685
694
347
480
105
-1216
-2735
-3561
-3715
-3778
-3862
-3586
-2822
-2008
-1544
-1178
-518
350
842
627
68
-243
-165
-1
-1
-53
82
308
449
519
695
1000
1027
489
-374
-990
-1146
-1183
-1507
-1832
-1654
-1060
-454
-30
608
1498
2071
1945
1504
1362
1466
1248
538
-250
-717
-900
-1014
-1029
-876
-638
-466
-378
-235
-32
187
323
199
-156
-498
-558
-449
-493
-736
-866
-807
-739
-701
-483
-17
385
504
510
756
1217
1532
1437
1057
622
198
-248
-672
-972
-1160
-1288
-1250
-800
51
899
1359
1693
2562
3887
4654
4221
3257
2787
2818
2496
1625
884
579
185
-709
-1418
-1169
-396
-309
-1158
-1857
-1606
-903
-648
-834
-753
-203
287
487
814
1588
2308
2189
1336
628
493
312
-604
-1989
-2996
-3338
-3499
-3766
-3753
-3121
-2224
-1702
-1520
-1081
-214
503
528
124
-81
60
135
-9
-47
248
600
635
485
618
1030
1175
697
-137
-726
-940
-1116
-1508
-1925
-1876
-1298
-684
-337
-9
611
1291
1571
1548
1685
1945
1789
1017
178
-131
-64
-192
-659
-1086
-1174
-1062
-996
-903
-662
-353
-168
-160
-152
22
269
271
-69
-452
-584
-545
-599
-691
-548
-178
140
300
534
1016
1412
1411
1118
845
665
338
-236
-805
-1109
-1225
-1268
-1256
-951
-255
552
1087
1313
1750
2757
3958
4444
3960
3202
2863
2856
2573
1900
1197
594
-184
-1092
-1581
-1329
-873
-1033
-1713
-2106
-1710
-957
-545
-527
-431
-15
407
656
1020
1724
2279
2092
1335
771
658
356
-605
-1904
-2836
-3309
-3693
-4014
-3885
-3219
-2528
-2154
-1836
-1155
-261
338
390
227
198
279
305
255
371
630
809
794
719
795
941
861
362
-322
-881
-1226
-1497
-1790
-1974
-1873
-1415
-817
-241
295
840
1286
1520
1700
2011
2224
1912
1144
457
227
183
-79
-556
-980
-1184
-1265
-1237
-1010
-653
-416
-417
-427
-219
160
416
380
136
-108
-180
-140
-139
-208
-172
-20
127
238
462
846
1105
1032
755
579
516
316
-165
-761
-1127
-1209
-1186
-1239
-1257
-924
-195
610
1089
1347
1922
3073
4140
4306
3703
3184
3179
3123
2448
1451
775
295
-544
-1636
-2182
-1802
-1317
-1571
-2226
-2232
-1390
-566
-342
-394
-48
567
954
1095
1392
1952
2241
1911
1254
832
563
6
-1005
-2121
-2919
-3395
-3715
-3856
-3626
-3126
-2563
-2062
-1543
-884
-228
219
400
436
416
423
464
577
719
784
835
879
892
832
676
425
43
-541
-1181
-1611
-1750
-1743
-1779
-1813
-1495
-686
179
721
960
1146
1596
2126
2319
2117
1629
1086
591
140
-190
-362
-616
-1082
-1531
-1651
-1307
-791
-484
-430
-382
-200
106
359
394
313
216
82
-45
-118
-73
98
168
73
58
295
672
833
674
483
494
528
293
-133
-485
-675
-873
-1142
-1306
-1237
-1028
-719
-224
462
1105
1533
2078
3050
4128
4583
4186
3533
3198
3035
2516
1611
703
-86
-1023
-2063
-2587
-2296
-1780
-1866
-2376
-2394
-1514
-487
-101
-128
156
868
1325
1277
1232
1677
2165
1960
1102
353
137
-81
-884
-2107
-2972
-3249
-3387
-3697
-3823
-3304
-2432
-1833
-1665
-1338
-514
389
779
697
668
878
1071
982
879
985
1140
1041
656
356
321
284
-87
-748
-1363
-1656
-1686
-1686
-1714
-1653
-1375
-684
240
977
1365
1525
1756
2055
2113
1868
1529
1068
411
-273
-658
-647
-646
-928
-1189
-1039
-622
-296
-185
-146
-42
-52
-165
-164
-6
152
178
99
87
228
341
282
105
15
81
111
-15
-69
167
485
521
259
66
63
-44
-459
-937
-1171
-1273
-1469
-1664
-1393
-541
408
985
1257
1795
2933
4246
4892
4612
3918
3367
2929
2299
1561
924
202
-986
-2282
-2798
-2320
-1704
-1824
-2336
-2283
-1463
-646
-288
0
609
1172
1084
684
811
1612
2138
1671
704
227
345
174
-658
-1640
-2157
-2414
-2978
-3638
-3665
-2920
-2170
-2054
-2199
-1742
-607
418
727
604
701
1028
1170
1006
983
1299
1498
1133
430
114
352
521
50
-879
-1577
-1702
-1590
-1631
-1744
-1640
-1169
-550
-83
325
894
1505
1792
1638
1499
1761
1973
1601
771
150
38
-19
-392
-831
-986
-961
-1020
-1153
-1096
-765
-427
-268
-180
1
292
633
779
625
378
257
262
155
-96
-209
-80
8
-58
-20
280
555
464
105
-144
-214
-360
-750
-1226
-1504
-1528
-1432
-1384
-1279
-835
-1
909
1459
1754
2387
3534
4581
4816
4313
3714
3376
2977
2172
1113
165
-624
-1475
-2379
-2868
-2629
-2064
-1776
-1844
-1759
-1158
-387
27
68
139
385
563
588
765
1282
1777
1814
1457
1118
916
553
-213
-1196
-2123
-2903
-3521
-3853
-3716
-3278
-2817
-2395
-1828
-987
-104
543
907
1112
1195
1159
1096
1161
1335
1337
1071
751
592
557
396
7
-454
-904
-1350
-1720
-1834
-1688
-1507
-1470
-1391
-761
272
1109
1390
1337
1453
1772
1891
1661
1335
967
529
-61
-534
-622
-574
-682
-952
-1065
-896
-559
-297
-170
-97
-79
-8
123
304
423
441
353
223
104
-9
-92
-227
-348
-446
-481
-374
-114
186
370
401
397
450
331
-53
-573
-1004
-1295
-1621
-1904
-1874
-1411
-676
127
896
1624
2333
3042
3810
4425
4473
3918
3118
2451
1974
1441
789
147
-565
-1382
-2044
-2208
-1827
-1439
-1521
-1833
-1804
-1271
-628
-301
-160
150
532
736
769
978
1512
1919
1732
1114
676
546
309
-405
-1360
-2046
-2482
-2915
-3273
-3250
-2774
-2231
-1962
-1725
-1118
-221
515
793
860
1020
1194
1210
1110
1068
1043
899
552
194
24
-17
-110
-416
-878
-1265
-1388
-1333
-1271
-1296
-1254
-865
-296
112
399
914
1599
1956
1734
1375
1335
1341
997
426
23
-249
-633
-1036
-1053
-656
-366
-406
-434
-171
159
325
370
422
362
73
-197
-212
-96
-157
-406
-634
-672
-523
-359
-253
-167
-18
198
339
356
393
502
405
-27
-558
-903
-1050
-1254
-1512
-1482
-1139
-757
-323
332
1164
1850
2210
2617
3312
3827
3718
3138
2580
2241
1861
1257
610
91
-502
-1230
-1836
-1984
-1710
-1486
-1585
-1784
-1684
-1281
-822
-498
-220
118
374
511
710
1228
1846
2087
1851
1446
1181
940
455
-306
-1105
-1834
-2472
-2952
-3116
-2895
-2496
-2122
-1801
-1357
-716
-3
585
903
990
965
975
1040
1060
965
791
601
394
166
1
-70
-170
-478
-949
-1285
-1329
-1227
-1231
-1209
-1012
-728
-527
-344
80
634
955
1069
1314
1605
1612
1241
864
756
596
162
-285
-483
-543
-681
-843
-803
-539
-258
-38
181
376
486
504
397
145
-205
-504
-646
-759
-898
-883
-616
-278
-27
205
521
775
771
619
488
358
34
-459
-882
-1117
-1224
-1258
-1189
-1008
-796
-495
5
511
869
1119
1512
2111
2681
2971
3009
2951
2825
2588
2157
1642
1070
355
-577
-1485
-2006
-2083
-1989
-2060
-2205
-2074
-1579
-1034
-663
-349
72
450
529
555
940
1639
2170
2182
1919
1818
1820
1483
674
-275
-1073
-1800
-2581
-3190
-3277
-2896
-2457
-2186
-1864
-1194
-300
419
755
859
900
927
874
774
730
685
576
375
208
187
271
264
22
-431
-882
-1140
-1253
-1337
-1374
-1291
-1070
-795
-519
-147
316
696
899
940
936
919
817
651
492
351
166
19
4
116
232
240
158
88
29
-54
-162
-283
-352
-421
-539
-638
-622
-524
-493
-613
-770
-766
-637
-508
-422
-221
149
510
747
903
1108
1234
1095
705
238
-218
-677
-1136
-1458
-1544
-1514
-1325
-878
-211
437
953
1510
2313
3111
3376
3137
2813
2709
2608
2172
1501
929
368
-434
-1291
-1813
-1786
-1665
-1903
-2232
-2145
-1600
-1030
-707
-467
-26
423
622
737
1081
1701
2154
2114
1796
1640
1628
1342
598
-338
-1057
-1596
-2156
-2670
-2810
-2563
-2247
-2049
-1785
-1158
-386
171
375
437
514
609
635
569
536
510
495
440
368
342
373
296
-27
-479
-866
-1069
-1230
-1343
-1337
-1251
-1218
-1119
-693
-84
341
402
451
694
879
776
619
639
649
393
35
33
321
457
275
114
209
346
300
107
-43
-132
-268
-474
-652
-701
-643
-631
-771
-932
-909
-693
-493
-465
-435
-183
230
618
875
1056
1162
1129
982
762
456
20
-466
-869
-1181
-1477
-1628
-1379
-780
-203
199
729
1678
2791
3406
3342
3057
2975
2981
2623
1854
1061
422
-277
-1155
-1851
-1945
-1634
-1542
-1812
-1910
-1435
-728
-383
-429
-351
56
412
513
633
1149
1846
2163
2015
1836
1891
1825
1214
148
-851
-1545
-2087
-2583
-2877
-2788
-2454
-2132
-1819
-1300
-612
-8
278
355
386
432
420
345
338
394
469
452
412
433
480
368
39
-425
-818
-1094
-1295
-1332
-1296
-1273
-1351
-1326
-1048
-616
-307
-109
249
710
1000
982
920
1025
1177
1088
847
632
432
146
-203
-399
-387
-288
-235
-172
-54
121
274
283
131
-144
-445
-749
-1045
-1272
-1355
-1255
-1075
-851
-524
-46
482
877
1084
1151
1124
995
790
498
149
-234
-589
-821
-964
-1049
-1152
-1160
-905
-402
178
694
1248
2039
2862
3273
3169
2971
3094
3194
2737
1752
795
169
-423
-1176
-1734
-1744
-1491
-1499
-1704
-1538
-867
-216
-124
-324
-228
239
633
749
896
1377
1966
2139
1958
1807
1796
1498
582
-579
-1401
-1836
-2270
-2812
-3120
-2889
-2381
-1961
-1634
-1138
-475
17
148
82
163
356
415
275
172
331
593
661
523
398
394
311
-58
-553
-934
-1129
-1258
-1416
-1526
-1563
-1489
-1333
-1133
-900
-570
-55
430
660
713
835
1086
1235
1113
921
783
523
62
-341
-431
-330
-323
-402
-289
33
299
378
355
319
165
-192
-595
-897
-1057
-1171
-1252
-1210
-974
-576
-162
213
538
859
1134
1266
1234
1111
932
673
314
-108
-448
-712
-927
-1187
-1338
-1145
-648
-24
536
1148
2009
2928
3435
3450
3270
3250
3185
2620
1641
714
37
-582
-1261
-1725
-1653
-1303
-1182
-1320
-1232
-700
-130
17
-196
-241
64
403
555
703
1158
1778
2081
1996
1878
1888
1711
938
-264
-1268
-1853
-2298
-2824
-3263
-3235
-2760
-2233
-1860
-1438
-811
-155
136
23
-105
-9
191
186
16
32
355
686
752
651
665
700
415
-178
-749
-1055
-1295
-1583
-1775
-1754
-1621
-1540
-1411
-1062
-601
-204
237
713
1031
1055
996
1126
1281
1155
827
560
348
-1
-426
-618
-473
-325
-370
-380
-122
250
424
344
181
45
-167
-523
-930
-1186
-1231
-1136
-1039
-872
-486
56
546
802
969
1209
1415
1287
838
418
219
28
-402
-899
-1149
-1160
-1230
-1297
-1017
-325
419
927
1461
2381
3371
3798
3623
3363
3375
3316
2710
1714
817
125
-617
-1406
-1830
-1634
-1254
-1242
-1452
-1268
-542
119
190
-109
-94
299
535
517
675
1314
1984
2100
1856
1849
2096
1928
982
-254
-1148
-1696
-2291
-3010
-3431
-3327
-2981
-2728
-2490
-1962
-1152
-478
-271
-346
-292
4
256
242
132
237
544
753
755
715
763
683
234
-415
-917
-1191
-1465
-1800
-2021
-2036
-1942
-1804
-1531
-1098
-636
-155
421
956
1189
1170
1223
1438
1485
1140
722
516
360
3
-359
-382
-154
-91
-249
-225
78
353
335
106
-88
-234
-470
-777
-1035
-1173
-1151
-991
-764
-461
-52
440
853
1045
1141
1310
1438
1270
824
405
127
-218
-734
-1150
-1239
-1219
-1389
-1589
-1325
-581
216
840
1481
2409
3341
3791
3738
3600
3595
3505
2952
1964
996
250
-406
-1104
-1611
-1672
-1435
-1336
-1448
-1306
-717
-102
28
-186
-180
206
515
555
711
1288
2019
2321
2190
2127
2267
2097
1249
24
-977
-1613
-2254
-3009
-3536
-3535
-3200
-2919
-2704
-2231
-1432
-728
-455
-468
-373
-59
203
204
171
320
567
704
696
720
783
681
266
-306
-803
-1133
-1415
-1778
-2073
-2161
-2083
-1930
-1711
-1365
-855
-363
15
473
1039
1484
1608
1505
1415
1372
1193
906
633
309
-98
-448
-558
-487
-487
-575
-491
-208
25
76
44
47
-21
-323
-682
-819
-744
-629
-550
-403
-37
443
828
1032
1183
1395
1522
1356
965
602
306
-130
-798
-1384
-1568
-1483
-1467
-1518
-1354
-860
-239
298
963
1869
2810
3456
3650
3603
3565
3577
3436
2988
2168
1186
279
-445
-1014
-1434
-1632
-1691
-1739
-1797
-1569
-1008
-428
-137
-106
-28
217
527
807
1179
1612
1968
2165
2299
2484
2514
2131
1286
262
-729
-1643
-2527
-3271
-3720
-3886
-3865
-3686
-3175
-2346
-1474
-879
-574
-279
114
410
507
532
573
561
424
343
499
719
659
299
-85
-344
-627
-1047
-1511
-1844
-2059
-2253
-2284
-2031
-1573
-1093
-710
-313
205
712
1071
1291
1378
1372
1266
1085
910
756
590
378
160
-34
-178
-278
-382
-465
-513
-549
-579
-595
-573
-493
-414
-400
-400
-380
-320
-227
-121
53
299
514
710
955
1283
1579
1671
1579
1409
1158
714
91
-568
-1100
-1485
-1755
-1850
-1682
-1344
-957
-436
265
1175
2065
2719
3221
3572
3694
3604
3441
3301
3084
2474
1521
599
-90
-648
-1224
-1748
-1994
-1997
-2011
-1946
-1560
-878
-293
-68
-13
273
746
1053
1175
1331
1665
1991
2050
1965
1940
1811
1291
366
-669
-1482
-2138
-2816
-3421
-3760
-3762
-3529
-3158
-2616
-1888
-1165
-636
-265
32
327
550
565
421
240
132
130
152
153
89
9
-82
-234
-477
-776
-1045
-1276
-1504
-1743
-1835
-1711
-1439
-1149
-854
-429
79
516
796
1005
1212
1350
1327
1154
991
858
722
558
385
229
64
-105
-258
-338
-387
-450
-546
-627
-640
-566
-459
-363
-297
-284
-274
-227
-75
145
335
485
681
960
1203
1384
1503
1561
1442
1052
502
-40
-513
-999
-1462
-1741
-1741
-1533
-1314
-1054
-541
238
1105
1811
2360
2972
3532
3725
3564
3363
3333
3227
2610
1611
710
69
-525
-1240
-1804
-1955
-1856
-1865
-1896
-1564
-866
-248
-73
-98
96
515
822
917
1108
1544
1996
2114
1993
1968
1932
1469
443
-711
-1541
-2134
-2829
-3552
-3905
-3784
-3477
-3188
-2708
-1890
-999
-427
-183
39
365
597
543
304
89
-5
-6
26
91
165
228
176
-27
-304
-571
-790
-1056
-1397
-1681
-1787
-1722
-1543
-1269
-880
-414
28
406
772
1094
1306
1376
1321
1197
1031
828
629
461
274
68
-129
-252
-286
-295
-341
-455
-589
-665
-665
-616
-554
-489
-424
-390
-367
-284
-102
142
352
495
642
875
1170
1451
1627
1645
1487
1170
708
201
-289
-780
-1253
-1611
-1713
-1523
-1239
-1009
-680
-122
624
1369
1994
2658
3331
3682
3605
3404
3417
3509
3216
2353
1354
543
-157
-868
-1487
-1794
-1869
-1966
-2059
-1795
-1130
-432
-87
-72
-11
242
523
736
980
1324
1662
1817
1846
1900
1888
1511
713
-274
-1169
-1915
-2649
-3268
-3629
-3753
-3738
-3550
-3030
-2198
-1397
-898
-585
-255
85
271
238
122
36
-83
-208
-192
36
315
413
296
91
-58
-238
-507
-879
-1257
-1522
-1668
-1702
-1610
-1346
-952
-483
-30
447
914
1246
1397
1422
1425
1371
1195
953
771
638
460
250
111
75
16
-129
-300
-384
-459
-611
-747
-773
-666
-578
-583
-582
-518
-395
-243
-60
168
407
616
835
1115
1426
1644
1711
1587
1269
803
253
-262
-732
-1184
-1567
-1757
-1681
-1434
-1203
-960
-515
154
893
1527
2133
2832
3440
3677
3591
3568
3758
3786
3219
2200
1229
473
-288
-1128
-1764
-1954
-1928
-2011
-2032
-1630
-843
-202
-56
-140
-9
368
678
814
994
1369
1733
1799
1686
1642
1587
1202
321
-733
-1558
-2188
-2813
-3418
-3799
-3871
-3733
-3444
-2908
-2138
-1410
-904
-564
-240
67
234
242
205
120
6
-20
116
341
458
427
307
169
-50
-386
-766
-1157
-1480
-1695
-1770
-1706
-1497
-1119
-589
-26
474
922
1308
1560
1594
1502
1410
1315
1132
833
588
500
478
379
181
-11
-132
-246
-441
-722
-954
-1054
-1062
-1062
-1018
-851
-589
-392
-331
-223
34
352
565
702
904
1189
1424
1555
1667
1706
1540
1113
563
35
-465
-994
-1482
-1740
-1772
-1659
-1515
-1295
-897
-272
457
1146
1825
2611
3438
3940
4025
3959
4049
4134
3742
2817
1797
933
81
-874
-1653
-1945
-1956
-2083
-2258
-2011
-1285
-583
-311
-312
-134
199
386
442
675
1140
1541
1614
1545
1669
1806
1549
760
-212
-1029
-1767
-2594
-3389
-3861
-3999
-3996
-3905
-3517
-2722
-1841
-1193
-793
-416
-6
245
249
191
180
133
14
-62
101
405
572
501
306
96
-171
-533
-976
-1324
-1536
-1702
-1806
-1714
-1312
-710
-126
346
831
1313
1676
1790
1757
1722
1658
1419
1058
809
733
676
461
174
-26
-133
-302
-580
-839
-986
-1036
-1071
-1064
-928
-683
-447
-325
-274
-184
12
212
361
504
716
989
1224
1409
1589
1684
1587
1239
756
246
-302
-877
-1401
-1756
-1911
-1885
-1716
-1460
-1111
-628
24
814
1613
2369
3141
3811
4169
4195
4129
4182
4080
3460
2411
1335
425
-416
-1232
-1802
-2014
-2066
-2152
-2100
-1652
-951
-392
-205
-169
-35
161
297
424
690
1043
1318
1441
1538
1651
1603
1175
369
-579
-1473
-2308
-3090
-3725
-4118
-4265
-4205
-3873
-3201
-2329
-1514
-915
-483
-121
142
247
236
190
77
-85
-171
-50
241
502
573
488
296
23
-304
-653
-1012
-1375
-1620
-1658
-1507
-1237
-850
-305
323
879
1312
1640
1829
1839
1739
1641
1560
1362
1068
845
754
643
415
147
-47
-222
-498
-796
-993
-1060
-1084
-1092
-987
-750
-470
-245
-89
24
112
214
350
521
692
852
1014
1194
1375
1506
1522
1354
964
431
-146
-723
-1281
-1731
-1998
-2070
-1972
-1758
-1461
-1072
-509
223
1056
1836
2566
3296
3877
4131
4063
3963
3960
3778
3095
2044
1016
177
-599
-1357
-1878
-2085
-2140
-2213
-2100
-1589
-881
-364
-202
-153
12
237
372
486
739
1096
1369
1471
1550
1692
1665
1201
338
-611
-1438
-2215
-3001
-3659
-4015
-4092
-3979
-3612
-2915
-2013
-1225
-722
-359
-6
278
342
227
87
-47
-190
-280
-161
132
349
337
176
38
-67
-294
-675
-1062
-1270
-1326
-1348
-1328
-1098
-605
-38
412
781
1175
1494
1564
1427
1349
1424
1427
1182
878
755
752
622
333
84
-53
-215
-502
-780
-900
-902
-896
-907
-816
-585
-298
-87
-10
20
103
235
361
499
693
941
1159
1298
1412
1531
1536
1299
833
278
-265
-792
-1290
-1658
-1857
-1891
-1746
-1452
-1112
-753
-259
460
1323
2062
2655
3240
3757
3967
3859
3739
3763
3613
2881
1739
676
-87
-740
-1419
-1953
-2168
-2167
-2128
-1924
-1418
-736
-239
-128
-209
-195
0
228
387
536
777
1084
1307
1428
1463
1316
838
-5
-971
-1816
-2504
-3108
-3628
-3959
-4001
-3721
-3172
-2446
-1676
-1018
-530
-152
156
353
374
229
9
-215
-327
-274
-80
115
203
214
201
157
34
-143
-311
-492
-790
-1077
-1094
-796
-434
-252
-81
271
703
964
1052
1178
1345
1380
1232
1114
1118
1077
863
575
370
215
24
-206
-404
-584
-793
-938
-946
-863
-762
-647
-506
-351
-244
-168
-80
28
139
271
446
627
844
1070
1278
1411
1433
1353
1126
717
156
-393
-851
-1267
-1619
-1790
-1687
-1436
-1212
-960
-421
408
1289
2040
2727
3443
3948
4038
3883
3850
3912
3620
2749
1625
689
-23
-713
-1367
-1762
-1851
-1870
-1924
-1777
-1241
-590
-275
-353
-476
-365
-144
-46
27
277
678
980
1107
1247
1427
1338
730
-206
-1084
-1770
-2428
-3116
-3656
-3861
-3790
-3559
-3116
-2385
-1515
-816
-422
-143
171
403
353
61
-208
-335
-422
-495
-430
-175
74
143
90
65
89
42
-93
-268
-489
-686
-751
-646
-431
-232
5
306
554
726
909
1119
1241
1205
1121
1129
1160
1036
831
705
605
390
69
-168
-237
-326
-545
-741
-778
-677
-581
-516
-425
-286
-195
-213
-247
-212
-85
39
91
172
419
788
1117
1298
1366
1403
1268
887
337
-199
-657
-1141
-1629
-1920
-1884
-1709
-1538
-1216
-545
418
1388
2230
3074
3848
4221
4135
3949
3956
3944
3400
2332
1248
445
-213
-892
-1408
-1553
-1463
-1511
-1620
-1387
-775
-249
-227
-520
-618
-418
-285
-293
-186
231
737
984
1078
1304
1511
1253
425
-610
-1433
-2085
-2805
-3521
-3890
-3867
-3646
-3320
-2774
-1879
-974
-411
-157
43
259
334
132
-190
-410
-578
-712
-735
-527
-182
79
192
238
281
248
212
174
1
-371
-765
-811
-505
-228
-158
-63
225
566
758
908
1171
1354
1192
897
834
985
1030
796
485
348
261
98
-52
-111
-168
-341
-563
-684
-621
-541
-527
-573
-613
-555
-442
-359
-328
-274
-170
-32
134
384
773
1164
1388
1429
1428
1367
1091
568
-45
-592
-1095
-1530
-1787
-1824
-1723
-1524
-1052
-222
790
1766
2727
3658
4271
4325
4044
3983
4082
3732
2692
1473
614
44
-615
-1262
-1474
-1270
-1141
-1280
-1278
-791
-154
-2
-402
-755
-681
-438
-418
-514
-315
257
747
892
976
1206
1301
761
-317
-1352
-1995
-2536
-3260
-3891
-4047
-3742
-3289
-2798
-2100
-1192
-408
5
161
238
285
218
-35
-389
-718
-916
-904
-727
-516
-278
7
280
418
391
422
600
560
100
-420
-517
-248
-139
-299
-295
82
454
560
622
886
1184
1139
839
712
843
912
743
483
354
339
248
64
-99
-171
-171
-219
-376
-504
-519
-497
-588
-771
-846
-733
-623
-694
-764
-621
-286
-19
136
392
855
1278
1442
1439
1395
1281
895
266
-320
-732
-1066
-1408
-1662
-1691
-1455
-949
-210
718
1666
2618
3533
4182
4337
4155
4056
4099
3801
2854
1640
717
155
-421
-1045
-1344
-1192
-969
-973
-962
-593
-42
171
-136
-540
-617
-463
-445
-571
-526
-121
384
660
770
910
964
599
-266
-1236
-1963
-2548
-3190
-3812
-4091
-3919
-3484
-2937
-2235
-1370
-587
-117
110
260
355
272
-39
-396
-674
-862
-939
-852
-597
-323
-126
38
233
379
522
671
678
417
46
-126
-60
-18
-119
-140
28
195
269
428
738
987
959
852
898
1015
976
813
685
612
482
288
140
9
-149
-265
-259
-267
-378
-506
-560
-597
-756
-917
-920
-829
-840
-914
-811
-500
-197
-22
207
643
1104
1348
1387
1361
1274
973
477
-35
-450
-819
-1199
-1508
-1672
-1577
-1111
-333
616
1552
2490
3454
4170
4344
4190
4197
4266
3803
2636
1330
500
7
-624
-1266
-1439
-1118
-837
-805
-658
-108
449
441
-65
-485
-495
-398
-536
-750
-618
-91
436
677
820
1069
1151
654
-337
-1285
-1907
-2456
-3204
-3903
-4087
-3756
-3264
-2794
-2149
-1257
-475
-80
59
228
379
262
-118
-502
-673
-733
-808
-797
-614
-345
-117
22
185
399
568
563
355
120
14
6
-108
-358
-521
-422
-186
-7
147
412
708
848
875
995
1191
1183
881
572
460
460
361
182
39
-55
-152
-230
-203
-167
-231
-427
-626
-729
-780
-843
-881
-891
-898
-870
-723
-415
-61
224
438
690
969
1172
1235
1178
1053
825
495
98
-294
-650
-888
-1015
-1096
-1180
-1072
-537
321
1236
2072
2938
3738
4156
4127
4106
4363
4405
3625
2250
1072
435
-113
-855
-1416
-1412
-1124
-1012
-969
-529
244
659
374
-185
-413
-343
-416
-748
-910
-587
-57
253
399
690
1042
938
168
-803
-1476
-1972
-2680
-3527
-4029
-3987
-3689
-3382
-2894
-2030
-1065
-418
-140
61
309
403
183
-217
-527
-694
-834
-924
-844
-583
-327
-117
173
535
755
725
605
536
403
73
-283
-474
-541
-665
-725
-524
-138
183
382
640
1016
1311
1367
1248
1049
851
638
429
267
128
7
-83
-107
-81
-38
-20
-96
-242
-392
-513
-640
-752
-820
-826
-832
-815
-674
-407
-101
126
361
657
967
1136
1164
1192
1190
1044
735
389
93
-203
-501
-722
-855
-980
-1062
-789
-40
922
1826
2626
3368
3855
3945
3956
4184
4293
3637
2265
960
209
-286
-949
-1553
-1670
-1411
-1165
-993
-556
180
695
580
53
-308
-329
-344
-587
-827
-696
-221
183
407
625
903
876
277
-601
-1308
-1769
-2360
-3104
-3641
-3739
-3560
-3281
-2807
-2017
-1162
-579
-278
1
323
436
251
-69
-333
-569
-835
-985
-893
-623
-344
-157
9
186
321
455
561
521
251
-168
-544
-770
-861
-833
-686
-466
-246
3
365
810
1216
1417
1419
1302
1127
939
741
516
260
27
-138
-216
-250
-193
-126
-113
-208
-326
-310
-253
-280
-415
-459
-370
-315
-383
-438
-311
-102
37
142
386
706
961
1047
1103
1219
1205
978
524
72
-273
-529
-749
-899
-943
-888
-795
-452
235
1311
2554
3408
3699
3530
3488
3892
4316
4070
3061
1778
742
-30
-731
-1277
-1512
-1580
-1751
-1845
-1450
-509
425
688
400
145
184
299
212
9
-55
83
197
303
522
755
696
115
-752
-1455
-1960
-2539
-3293
-3965
-4253
-4151
-3811
-3250
-2424
-1466
-644
-6
561
1080
1369
1251
864
420
-6
-471
-894
-1053
-954
-857
-932
-1004
-788
-392
-142
-150
-250
-271
-321
-472
-608
-522
-284
-95
57
304
685
999
1139
1196
1300
1327
1137
795
511
339
195
6
-165
-218
-272
-366
-458
-435
-337
-336
-455
-534
-455
-280
-142
-77
18
96
91
10
6
145
298
340
344
501
807
1132
1294
1308
1209
992
626
173
-239
-592
-839
-980
-1001
-872
-572
-196
252
793
1662
2887
3859
4018
3523
3283
3738
4221
3795
2624
1447
577
-361
-1424
-2072
-2052
-1929
-2217
-2387
-1704
-279
851
1087
876
918
1128
1050
636
278
219
186
-41
-218
-38
238
98
-606
-1444
-1985
-2393
-2933
-3549
-3981
-4049
-3872
-3529
-2866
-1912
-950
-204
364
885
1312
1415
1161
739
302
-151
-658
-1118
-1384
-1423
-1377
-1310
-1208
-1028
-786
-547
-370
-248
-146
-111
-103
-86
38
262
445
518
547
633
776
883
925
982
1019
928
713
572
586
607
451
152
-90
-208
-277
-337
-382
-386
-378
-391
-296
-117
60
195
265
267
197
108
69
113
125
105
166
393
709
966
1127
1255
1317
1186
842
381
-53
-446
-796
-1057
-1092
-897
-579
-268
25
303
597
854
1360
2299
3224
3515
2996
2551
2892
3618
3653
2762
1554
587
-246
-1170
-1852
-1970
-1860
-2000
-2108
-1554
-226
994
1334
1075
901
1004
1002
632
195
-30
-184
-461
-630
-407
-29
-23
-598
-1305
-1718
-1979
-2421
-3035
-3557
-3745
-3719
-3440
-2826
-1952
-1094
-442
186
845
1388
1496
1190
681
154
-394
-938
-1358
-1631
-1808
-1861
-1727
-1382
-932
-521
-136
178
346
337
273
285
271
158
-11
-56
93
274
405
497
628
845
1036
1098
1030
897
826
766
619
371
125
7
-52
-162
-346
-458
-448
-431
-518
-602
-471
-146
76
31
-81
29
280
391
313
299
527
794
909
952
1141
1430
1517
1276
932
657
393
20
-399
-638
-656
-584
-529
-412
-135
196
462
630
900
1475
2195
2743
2919
2883
2939
3164
3261
2989
2369
1519
575
-318
-1010
-1430
-1682
-1893
-1924
-1603
-930
-162
392
692
829
867
733
444
136
-77
-284
-585
-869
-871
-633
-505
-694
-1043
-1265
-1480
-1890
-2440
-2836
-3018
-3160
-3364
-3290
-2710
-1825
-1020
-496
36
641
1074
1060
679
275
-49
-516
-1153
-1659
-1760
-1560
-1385
-1254
-960
-460
-24
128
95
98
130
54
-129
-263
-214
-96
14
151
420
758
951
1023
1113
1280
1369
1256
1084
1031
991
783
450
216
157
23
-301
-639
-779
-758
-736
-729
-564
-199
139
307
413
578
751
746
575
476
574
724
761
791
959
1270
1460
1375
1153
919
659
280
-163
-477
-620
-692
-726
-626
-349
16
250
358
526
943
1606
2193
2449
2401
2351
2540
2807
2821
2483
1860
1147
404
-245
-683
-985
-1234
-1495
-1568
-1305
-805
-287
60
206
259
275
299
294
146
-140
-449
-601
-608
-572
-623
-747
-874
-1036
-1318
-1687
-2031
-2262
-2438
-2672
-2884
-2911
-2611
-2121
-1632
-1186
-659
-67
325
383
252
167
97
-172
-652
-1036
-1112
-1048
-1051
-1073
-955
-712
-523
-472
-425
-284
-152
-126
-181
-164
-18
153
266
409
631
875
1038
1084
1128
1211
1270
1235
1139
1066
1023
902
658
363
136
-3
-168
-442
-704
-794
-710
-559
-439
-274
32
371
599
693
720
736
701
604
563
610
701
796
881
973
1053
1119
1110
983
705
370
45
-214
-396
-484
-484
-464
-407
-270
-33
209
386
600
1018
1508
1911
2118
2205
2325
2395
2347
2181
1901
1455
812
155
-273
-470
-616
-825
-961
-893
-636
-327
-76
96
189
214
157
54
-56
-179
-348
-541
-689
-745
-756
-803
-923
-1056
-1211
-1451
-1751
-2002
-2152
-2268
-2422
-2527
-2381
-2047
-1671
-1346
-972
-528
-195
-78
-78
-63
-89
-302
-653
-930
-1027
-1061
-1150
-1208
-1131
-947
-818
-755
-661
-475
-293
-226
-180
-27
217
415
465
514
693
957
1112
1051
945
965
1081
1133
1079
1060
1114
1105
918
618
376
249
95
-174
-447
-589
-558
-477
-407
-285
-42
284
543
671
725
765
787
708
581
528
602
713
750
770
858
972
1007
948
848
712
479
160
-104
-215
-234
-266
-341
-360
-207
57
325
529
707
882
1020
1185
1435
1742
1895
1811
1636
1574
1534
1401
1146
887
654
335
-9
-255
-331
-394
-549
-652
-518
-264
-126
-207
-286
-232
-191
-342
-621
-771
-784
-845
-1024
-1141
-1065
-963
-1062
-1269
-1323
-1178
-1153
-1438
-1834
-2006
-1910
-1777
-1725
-1664
-1492
-1299
-1174
-1063
-858
-654
-597
-702
-809
-751
-636
-666
-860
-1052
-1077
-981
-897
-870
-829
-713
-552
-377
-184
49
265
411
472
544
703
881
953
903
891
1029
1235
1340
1325
1295
1289
1203
968
673
451
294
110
-88
-192
-156
-69
-15
9
132
362
567
650
647
670
722
754
736
746
838
945
968
931
919
971
1038
1016
910
774
637
482
314
138
30
-19
-84
-190
-309
-327
-194
18
227
443
645
876
1104
1319
1499
1619
1691
1630
1423
1111
835
661
557
355
-24
-419
-627
-626
-598
-646
-694
-618
-487
-426
-423
-371
-319
-418
-659
-860
-912
-924
-1074
-1306
-1433
-1403
-1367
-1467
-1609
-1649
-1595
-1528
-1512
-1471
-1351
-1241
-1209
-1151
-985
-795
-687
-702
-681
-593
-528
-581
-697
-756
-735
-701
-699
-681
-639
-577
-544
-497
-423
-329
-270
-212
-110
49
263
485
682
810
910
1013
1117
1150
1114
1060
1057
1110
1154
1192
1190
1131
1007
833
655
481
290
77
-116
-236
-262
-245
-200
-117
1
157
327
490
595
620
593
563
560
567
577
587
598
643
714
787
827
787
668
485
271
79
-100
-256
-379
-407
-366
-282
-152
12
194
378
527
605
658
717
756
726
649
584
584
564
466
359
334
357
324
231
164
183
228
234
197
209
257
277
204
40
-110
-239
-409
-636
-852
-962
-970
-942
-931
-916
-861
-808
-814
-884
-961
-973
-958
-978
-1009
-1001
-922
-829
-766
-717
-646
-585
-551
-559
-588
-638
-728
-837
-919
-929
-894
-832
-772
-712
-631
-559
-508
-490
-521
-531
-524
-489
-405
-270
-77
138
327
456
569
683
760
780
771
797
823
801
766
755
762
713
587
452
341
258
158
57
4
0
32
74
167
303
436
511
547
597
643
639
589
519
457
404
352
355
446
562
648
703
766
839
804
637
424
264
137
-16
-160
-187
-106
-33
32
169
415
639
723
706
703
744
728
599
446
387
413
382
264
195
235
300
266
168
136
157
139
54
-26
-14
38
4
-132
-261
-318
-381
-539
-735
-866
-879
-845
-874
-925
-912
-861
-876
-947
-1007
-1024
-1047
-1083
-1087
-1032
-937
-841
-723
-604
-514
-426
-331
-244
-201
-213
-290
-408
-528
-636
-730
-794
-784
-722
-671
-631
-541
-396
-254
-166
-133
-87
7
112
190
258
338
446
518
521
526
574
622
616
581
571
622
669
657
601
553
527
476
390
300
261
243
189
122
108
161
215
235
253
300
359
392
394
371
351
327
293
262
265
312
353
376
403
425
414
354
249
130
10
-112
-212
-248
-213
-142
-63
26
157
324
457
518
514
501
482
410
310
218
171
154
132
128
161
184
185
193
224
262
298
318
326
322
288
240
169
58
-76
-221
-384
-542
-651
-698
-717
-722
-698
-659
-633
-661
-718
-779
-841
-913
-973
-975
-913
-777
-620
-497
-381
-229
-91
-46
-80
-112
-134
-192
-324
-459
-526
-532
-498
-463
-422
-340
-228
-139
-103
-69
7
89
142
176
242
339
404
437
462
475
483
475
441
404
388
385
401
442
480
501
520
529
483
391
280
196
132
60
-17
-70
-76
-53
-22
-10
-7
-4
-25
-73
-117
-131
-136
-169
-224
-254
-229
-185
-169
-163
-106
-18
40
46
34
38
34
-21
-100
-126
-103
-91
-80
-52
13
109
192
258
331
411
473
507
528
539
541
509
467
442
417
381
361
369
382
396
393
404
443
460
411
346
313
278
206
95
-18
-112
-206
-306
-379
-397
-400
-436
-501
-566
-602
-631
-704
-775
-807
-797
-781
-783
-738
-624
-510
-453
-404
-338
-261
-212
-220
-257
-267
-263
-296
-348
-368
-336
-281
-252
-255
-217
-123
-19
51
73
103
192
298
343
359
381
414
421
380
334
352
397
389
358
369
455
544
560
539
562
614
600
480
346
274
239
160
44
-16
-10
-17
-64
-103
-101
-59
-57
-125
-182
-176
-158
-189
-267
-318
-307
-286
-310
-341
-331
-271
-210
-167
-137
-102
-80
-101
-152
-192
-215
-240
-259
-266
-239
-187
-115
-42
57
167
257
329
391
441
457
434
395
368
336
293
250
239
251
275
289
310
358
397
394
366
348
332
276
165
44
-43
-105
-184
-259
-307
-316
-312
-343
-398
-427
-437
-475
-527
-556
-536
-509
-518
-537
-491
-392
-327
-313
-300
-259
-216
-188
-163
-139
-118
-96
-81
-79
-82
-79
-75
-80
-82
-54
-6
57
133
219
318
436
551
621
630
589
564
537
471
384
329
305
281
254
245
277
331
329
270
263
285
253
168
104
92
124
136
99
62
61
41
-27
-115
-185
-219
-270
-372
-449
-452
-451
-487
-508
-490
-457
-427
-407
-364
-301
-235
-174
-124
-79
-34
-31
-86
-135
-169
-204
-227
-235
-222
-156
-58
51
158
278
384
446
468
456
430
392
341
273
218
180
148
139
166
207
273
337
365
384
387
352
284
208
135
60
-38
-146
-217
-261
-293
-319
-340
-345
-351
-360
-390
-429
-441
-424
-422
-427
-410
-361
-311
-294
-281
-248
-199
-183
-197
-200
-167
-118
-89
-69
-37
18
55
40
7
9
36
36
24
43
96
170
245
317
423
542
602
602
580
558
513
433
309
194
138
106
64
28
38
94
159
198
220
253
286
264
208
170
155
134
77
9
-50
-87
-117
-159
-190
-206
-205
-207
-240
-286
-302
-298
-310
-329
-328
-300
-270
-249
-223
-171
-109
-63
-58
-63
-54
-43
-69
-131
-168
-175
-173
-177
-166
-110
-47
7
61
103
148
180
194
206
227
242
230
221
233
242
249
266
293
313
312
289
278
284
272
241
187
138
89
28
-43
-106
-149
-197
-254
-304
-327
-328
-339
-372
-403
-406
-398
-414
-449
-471
-466
-435
-403
-382
-334
-263
-197
-148
-123
-87
-24
11
2
-25
-40
-36
-38
-71
-97
-82
-39
12
59
122
222
318
374
427
486
541
560
532
489
456
424
355
268
208
193
183
154
141
155
176
175
163
170
196
199
166
127
105
97
69
-10
-85
-109
-117
-144
-193
-218
-214
-214
-226
-241
-250
-255
-258
-266
-261
-233
-194
-158
-145
-136
-118
-89
-69
-71
-80
-82
-81
-88
-103
-113
-105
-82
-43
4
55
117
178
226
245
243
240
243
220
186
174
172
174
190
205
217
239
247
226
216
228
249
252
211
175
161
147
112
69
22
-34
-84
-149
-225
-292
-364
-440
-505
-560
-588
-582
-563
-544
-511
-473
-419
-362
-328
-292
-245
-211
-199
-194
-188
-177
-168
-175
-182
-158
-124
-99
-79
-52
-5
54
107
154
214
268
314
355
370
372
386
403
400
394
398
399
378
341
309
304
304
290
259
230
211
189
145
105
91
92
85
51
27
19
3
-35
-82
-126
-154
-175
-209
-247
-275
-296
-305
-309
-310
-294
-269
-235
-196
-147
-99
-54
-38
-46
-44
-31
-20
-15
-17
-17
6
38
64
88
110
136
153
164
185
215
252
281
296
309
331
359
366
338
307
297
275
238
202
178
179
193
199
212
228
218
175
118
69
35
-16
-95
-154
-184
-199
-215
-239
-258
-276
-306
-365
-434
-492
-538
-582
-623
-636
-608
-566
-520
-475
-408
-318
-246
-212
-211
-205
-201
-210
-222
-224
-199
-168
-142
-101
-35
28
61
78
96
130
161
170
172
190
234
274
298
331
374
415
432
428
429
429
409
359
311
277
257
235
194
149
119
102
77
53
33
17
9
-11
-29
-47
-72
-104
-150
-199
-238
-269
-301
-326
-331
-323
-315
-307
-287
-230
-163
-102
-61
-18
26
56
55
31
11
1
-7
-38
-56
-42
-20
7
43
94
170
253
313
364
428
489
516
511
481
453
426
384
330
287
274
270
259
246
249
259
254
241
226
223
219
195
157
111
74
27
-42
-115
-175
-229
-289
-344
-391
-425
-469
-524
-573
-602
-615
-625
-635
-628
-595
-563
-534
-486
-419
-362
-324
-299
-262
-227
-228
-249
-266
-262
-258
-256
-245
-203
-143
-87
-36
15
77
146
197
227
250
285
316
318
308
302
314
317
308
307
322
341
332
314
293
277
254
211
170
136
108
84
60
44
36
24
9
-1
-4
-21
-46
-76
-101
-133
-167
-192
-209
-208
-212
-203
-180
-138
-79
-31
4
26
46
58
53
32
13
15
27
30
28
35
49
60
70
83
100
131
166
197
216
242
278
304
317
318
326
327
310
277
246
228
211
190
172
172
190
208
218
224
239
255
249
215
167
128
81
20
-43
-86
-113
-143
-181
-211
-227
-242
-274
-322
-366
-403
-443
-485
-512
-528
-523
-493
-450
-403
-348
-292
-249
-216
-195
-175
-163
-176
-206
-231
-251
-267
-282
-293
-278
-240
-198
-151
-90
-20
54
116
153
185
214
212
195
176
167
160
152
146
157
177
188
189
193
202
201
184
145
103
68
32
-5
-43
-67
-73
-72
-73
-66
-46
-29
-33
-53
-71
-82
-95
-119
-138
-138
-118
-85
-45
-9
23
57
81
101
116
116
110
98
87
81
71
53
29
27
41
55
72
98
141
194
240
273
312
356
391
402
390
376
359
325
278
235
205
188
176
171
182
208
235
251
264
277
279
253
203
140
85
29
-36
-99
-142
-161
-178
-197
-210
-213
-218
-246
-297
-353
-403
-451
-501
-548
-567
-561
-539
-502
-452
-383
-314
-255
-219
-194
-184
-202
-241
-282
-303
-312
-315
-297
-253
-184
-110
-38
37
110
166
194
192
182
170
152
131
119
125
141
167
196
236
279
305
310
294
268
232
180
123
67
18
-20
-52
-69
-74
-77
-80
-79
-76
-80
-95
-118
-134
-148
-166
-194
-215
-217
-206
-194
-180
-139
-81
-31
6
40
72
102
109
101
91
90
79
56
31
30
46
62
73
96
137
183
218
247
280
322
349
354
359
362
364
353
330
311
295
272
245
220
205
210
217
216
213
218
225
221
200
165
138
104
61
22
-19
-53
-88
-129
-154
-169
-179
-201
-231
-257
-278
-307
-346
-387
-417
-426
-434
-433
-417
-384
-343
-310
-271
-229
-202
-193
-197
-209
-223
-228
-237
-242
-249
-250
-240
-224
-200
-158
-103
-56
-12
20
54
81
93
101
114
128
137
150
159
184
207
234
249
247
239
226
204
170
126
81
42
8
-13
-23
-14
4
22
38
51
55
41
20
-8
-43
-82
-115
-137
-139
-128
-113
-81
-43
1
29
39
44
43
31
11
-19
-47
-62
-76
-83
-77
-50
-9
28
60
97
130
154
161
164
169
180
196
201
205
211
219
224
217
207
204
198
193
184
183
191
194
195
194
194
188
174
160
139
106
64
24
-13
-48
-84
-113
-124
-135
-143
-150
-159
-163
-174
-192
-212
-232
-254
-276
-296
-304
-297
-284
-269
-247
-213
-174
-145
-126
-114
-97
-90
-101
-115
-129
-143
-156
-171
-164
-145
-119
-93
-60
-15
27
56
76
93
115
125
123
122
123
126
121
113
113
121
125
123
121
122
122
115
96
77
59
34
14
-5
-20
-34
-47
-50
-52
-56
-58
-60
-64
-69
-72
-71
-77
-81
-87
-88
-88
-87
-76
-66
-54
-42
-30
-13
-6
-5
-1
1
14
24
43
57
67
84
101
121
135
149
158
162
165
166
168
167
160
157
158
166
173
178
182
183
185
183
177
163
150
136
118
101
87
72
55
34
12
-6
-27
-49
-76
-98
-116
-139
-161
-181
-194
-211
-233
-251
-260
-260
-258
-253
-248
-238
-222
-208
-197
-178
-153
-128
-113
-103
-89
-73
-61
-61
-67
-62
-55
-56
-54
-50
-42
-32
-16
-4
13
43
75
98
111
123
138
137
128
120
118
123
119
118
122
132
138
133
130
128
117
93
59
23
-7
-31
-49
-61
-63
-57
-36
-20
-2
9
11
4
-20
-39
-63
-81
-99
-110
-105
-92
-76
-61
-45
-26
-6
8
22
26
24
18
13
9
4
8
17
24
27
34
54
77
96
112
127
146
155
161
164
164
161
150
138
130
122
115
100
91
88
86
83
70
68
66
55
44
30
18
6
-8
-22
-34
-46
-55
-75
-85
-91
-92
-102
-122
-131
-140
-157
-188
-216
-232
-239
-253
-262
-260
-253
-241
-228
-207
-178
-146
-117
-89
-65
-41
-29
-26
-25
-29
-27
-35
-47
-52
-49
-41
-37
-32
-20
2
26
45
65
93
116
136
143
151
161
160
163
164
171
176
177
174
167
155
135
116
94
75
53
34
18
10
7
6
14
23
30
40
46
47
40
32
22
11
-3
-18
-31
-38
-40
-47
-49
-51
-46
-48
-49
-52
-58
-59
-62
-59
-57
-49
-38
-22
0
20
44
71
99
113
123
126
126
117
104
99
87
71
55
47
42
41
36
43
51
57
59
56
52
40
26
12
1
-8
-18
-31
-40
-46
-48
-53
-65
-75
-90
-110
-134
-162
-182
-203
-221
-238
-252
-255
-257
-249
-237
-220
-201
-179
-158
-139
-117
-96
-78
-65
-47
-31
-25
-23
-21
-13
-12
-16
-22
-13
-2
2
10
25
49
69
84
99
120
138
152
167
175
183
183
190
196
193
189
183
176
164
151
134
114
90
66
44
24
13
12
15
16
21
29
35
38
35
35
28
17
12
3
-3
-9
-11
-14
-19
-26
-27
-36
-42
-47
-54
-56
-54
-46
-40
-37
-29
-13
2
20
29
36
47
57
65
68
75
82
81
75
64
63
59
55
52
51
46
43
44
45
50
48
40
29
22
12
-8
-26
-42
-50
-59
-70
-72
-73
-71
-72
-74
-83
-87
-93
-107
-123
-141
-158
-173
-187
-200
-206
-209
-210
-206
-195
-188
-182
-175
-166
-149
-136
-119
-104
-88
-70
-56
-45
-40
-37
-31
-31
-27
-21
-18
-7
4
14
30
48
60
79
91
102
110
114
123
122
120
122
122
128
127
132
139
142
150
153
161
156
150
146
136
123
109
101
95
88
79
71
68
64
67
71
74
70
67
66
59
52
50
47
39
30
24
26
23
16
7
7
5
4
4
1
0
-5
-7
-9
-5
-2
2
9
17
17
27
35
38
36
33
25
16
10
6
3
-13
-20
-21
-27
-32
-37
-45
-50
-60
-65
-72
-78
-79
-85
-94
-101
-96
-91
-91
-98
-105
-105
-116
-128
-142
-156
-164
-175
-182
-181
-178
-172
-167
-158
-150
-143
-138
-138
-134
-131
-130
-123
-111
-96
-78
-60
-44
-21
-6
7
19
17
17
18
12
9
15
18
24
35
44
58
74
83
96
109
117
126
132
132
139
143
137
134
134
135
131
120
106
101
92
83
77
74
85
93
94
95
103
112
114
108
101
99
94
85
79
78
72
67
67
69
66
64
66
65
58
54
51
40
32
19
10
3
-7
-10
-6
-7
-7
0
8
17
22
17
21
24
19
8
-6
-12
-19
-30
-37
-34
-37
-38
-37
-42
-40
-42
-49
-53
-59
-62
-65
-77
-82
-86
-91
-99
-98
-94
-101
-106
-109
-109
-117
-128
-128
-133
-140
-145
-141
-141
-145
-146
-148
-140
-138
-139
-132
-125
-117
-108
-93
-85
-78
-64
-54
-42
-35
-36
-26
-19
-17
-14
-12
-7
1
5
14
34
46
60
77
90
98
97
93
101
105
99
89
84
84
86
84
83
93
98
101
102
103
104
104
97
96
97
92
85
84
92
97
98
96
93
89
85
83
79
65
59
54
43
33
27
30
35
38
38
41
43
40
38
42
39
33
29
19
21
23
27
28
28
28
27
18
17
19
13
-2
-14
-21
-29
-33
-33
-32
-33
-35
-34
-28
-25
-23
-28
-33
-36
-45
-51
-48
-52
-58
-63
-70
-75
-83
-93
-105
-116
-123
-126
-126
-128
-131
-134
-133
-125
-121
-125
-124
-118
-115
-113
-112
-116
-114
-102
-96
-85
-70
-61
-53
-45
-44
-42
-41
-38
-31
-26
-22
-15
-6
1
12
25
34
46
54
61
69
75
79
81
85
84
80
77
79
82
80
85
86
85
88
92
101
112
111
103
100
97
92
83
73
65
66
66
68
78
84
85
87
89
82
73
60
55
52
43
40
38
34
33
32
32
33
33
28
20
14
7
6
0
-10
-15
-17
-17
-17
-17
-21
-25
-30
-34
-37
-41
-48
-51
-50
-46
-43
-43
-38
-31
-24
-17
-12
-14
-19
-23
-31
-38
-41
-39
-40
-43
-48
-47
-41
-39
-41
-42
-48
-56
-61
-68
-67
-65
-67
-67
-66
-64
-63
-61
-66
-72
-73
-75
-80
-87
-88
-84
-78
-71
-62
-51
-43
-35
-24
-17
-13
-9
-4
2
9
16
26
40
47
54
63
69
73
77
71
65
61
61
62
59
60
63
66
67
64
60
60
57
51
49
42
36
29
26
24
15
7
2
-2
-4
-3
-1
0
-2
-1
-4
-4
-5
-9
-11
-7
-3
1
5
11
18
20
19
19
19
21
23
19
16
15
16
18
24
28
31
36
40
46
48
43
39
38
39
38
37
32
29
30
30
30
23
17
17
12
4
-7
-19
-28
-39
-48
-58
-63
-64
-61
-58
-54
-45
-43
-41
-42
-43
-44
-50
-55
-58
-62
-76
-79
-81
-85
-79
-73
-64
-51
-45
-37
-33
-29
-22
-18
-16
-18
-17
-17
-17
-15
-16
-8
2
7
6
6
8
9
9
9
10
11
8
6
10
17
17
16
23
28
31
36
41
47
51
55
58
58
55
49
46
37
34
25
16
15
14
16
16
21
24
24
32
42
49
50
47
48
46
38
27
15
4
3
6
10
16
17
21
22
21
17
9
-4
-12
-19
-22
-32
-35
-31
-27
-21
-15
-7
-6
-12
-14
-16
-15
-12
-16
-19
-22
-24
-24
-28
-28
-28
-27
-31
-34
-33
-31
-30
-32
-36
-37
-36
-34
-36
-38
-40
-39
-36
-35
-29
-31
-27
-26
-25
-19
-20
-24
-21
-14
-10
-10
-10
-9
-8
-12
-10
-9
-6
-5
-3
5
17
25
27
31
33
37
35
33
29
29
26
30
35
37
42
47
55
56
54
56
60
61
60
61
61
62
60
54
52
46
41
35
32
29
26
20
17
17
15
12
8
8
8
6
2
0
-1
-2
-5
-7
-13
-21
-29
-33
-37
-42
-51
-56
-55
-54
-48
-46
-45
-47
-44
-47
-51
-57
-62
-60
-63
-65
-65
-60
-55
-48
-39
-33
-23
-18
-9
-2
3
3
-2
-8
-16
-22
-34
-37
-36
-28
-20
-16
-8
2
15
20
25
26
25
26
27
23
15
10
7
7
7
3
8
11
12
11
11
14
17
15
11
7
6
6
5
6
2
5
6
13
16
13
11
8
9
10
17
19
23
28
40
46
50
54
55
53
48
46
47
47
43
43
43
45
52
55
57
56
57
59
58
52
41
38
32
25
22
17
11
3
-2
-3
-2
-5
-10
-13
-16
-19
-24
-30
-30
-29
-35
-41
-46
-48
-53
-55
-57
-61
-60
-61
-65
-68
-67
-63
-61
-59
-57
-54
-48
-39
-34
-29
-23
-20
-18
-20
-23
-24
-28
-33
-38
-39
-40
-39
-32
-27
-23
-18
-17
-12
-10
-7
-6
-3
-4
-4
2
3
3
3
1
-2
-3
-3
-5
-6
-4
-5
-8
-15
-15
-18
-18
-15
-15
-17
-18
-11
-5
1
8
14
20
23
27
28
35
39
37
37
38
42
45
44
42
40
41
43
45
48
53
59
65
65
64
62
65
72
70
65
64
66
72
72
70
65
62
55
48
45
37
39
36
33
34
28
26
26
30
30
28
31
30
27
24
18
13
5
-9
-24
-38
-50
-54
-63
-68
-70
-70
-67
-61
-59
-59
-62
-69
-72
-74
-71
-75
-77
-71
-70
-72
-72
-68
-72
-77
-81
-80
-79
-74
-66
-57
-53
-52
-49
-47
-46
-49
-46
-38
-38
-42
-40
-33
-34
-36
-32
-25
-20
-13
0
10
15
16
18
20
22
14
8
7
5
7
7
10
13
16
23
31
36
43
46
50
55
55
55
54
53
44
38
36
31
29
23
19
19
24
25
27
30
37
44
48
48
47
46
46
48
44
40
42
42
44
44
47
48
53
59
61
62
63
64
65
64
59
58
58
54
46
40
34
34
33
28
22
19
16
13
13
10
10
8
2
-10
-23
-35
-45
-52
-62
-67
-67
-69
-70
-68
-64
-63
-63
-63
-65
-68
-72
-72
-77
-78
-80
-78
-77
-78
-76
-75
-72
-67
-60
-53
-45
-38
-36
-38
-37
-36
-38
-43
-40
-34
-32
-34
-28
-22
-20
-18
-15
-13
-7
-4
6
14
18
23
26
27
25
22
17
11
6
4
1
3
3
2
1
4
1
1
2
3
8
7
8
15
21
21
21
20
18
17
15
16
18
22
24
25
26
24
25
27
29
30
29
29
32
36
35
36
38
43
47
49
55
67
74
75
75
74
71
69
67
65
65
61
62
61
53
43
42
39
36
35
31
32
30
26
27
23
16
10
4
0
-6
-9
-18
-24
-26
-27
-31
-35
-36
-40
-45
-48
-46
-49
-52
-55
-62
-66
-68
-67
-65
-64
-61
-59
-57
-54
-50
-46
-45
-46
-47
-43
-43
-40
-37
-36
-35
-39
-35
-37
-39
-37
-41
-42
-43
-40
-33
-23
-17
-11
-8
-6
-3
-1
-4
-4
-7
-11
-10
-11
-12
-13
-15
-18
-19
-21
-21
-17
-22
-23
-18
-19
-19
-15
-10
-3
-1
-3
-2
2
-4
-5
-3
-2
1
3
5
10
15
19
25
27
28
36
46
57
62
66
73
81
88
87
90
88
85
83
83
87
88
85
81
77
74
70
69
67
63
57
52
50
42
36
33
33
34
22
18
18
10
6
-1
-3
-5
-15
-22
-24
-28
-31
-39
-44
-48
-54
-56
-57
-52
-49
-55
-58
-59
-57
-50
-48
-48
-44
-41
-35
-28
-26
-23
-26
-26
-22
-27
-23
-25
-22
-18
-23
-19
-13
-17
-20
-19
-16
-9
-14
-14
-11
-6
-4
-1
0
-1
-6
-11
-10
-6
-5
-5
-7
-10
-15
-15
-13
-16
-25
-35
-40
-38
-37
-39
-32
-25
-25
-27
-25
-24
-25
-26
-25
-21
-20
-29
-32
-27
-24
-24
-25
-21
-16
-16
-13
2
15
21
22
28
35
37
36
42
50
53
57
65
69
68
67
68
75
78
77
79
86
87
86
83
80
74
68
60
60
55
51
46
46
41
33
28
21
16
10
7
0
-5
-17
-31
-33
-36
-38
-43
-43
-35
-34
-34
-38
-40
-42
-46
-44
-39
-41
-41
-38
-33
-32
-36
-32
-26
-22
-21
-21
-17
-13
-10
-14
-11
-13
-14
-11
-10
-4
-1
-9
-6
0
4
8
3
2
-1
-1
-2
3
3
-2
-3
-4
-5
-6
-6
-3
1
0
1
2
3
5
0
-9
-12
-17
-21
-26
-27
-25
-25
-27
-26
-25
-25
-25
-27
-29
-30
-27
-29
-29
-28
-30
-29
-28
-33
-31
-31
-28
-22
-19
-15
-6
4
12
24
28
32
36
38
41
44
46
49
51
51
45
40
47
46
48
45
38
41
37
33
35
35
35
34
29
34
32
29
26
16
13
8
1
-3
-12
-24
-28
-29
-29
-28
-31
-24
-19
-13
-11
-12
-11
-10
-13
-18
-23
-21
-24
-26
-22
-18
-9
-4
4
10
6
11
16
14
17
17
16
17
19
22
30
28
30
31
31
30
26
22
19
16
15
15
15
13
9
5
-1
2
1
-7
-6
-8
-4
-11
-21
-19
-22
-26
-29
-31
-26
-27
-28
-25
-24
-24
-22
-24
-31
-32
-33
-31
-31
-30
-29
-28
-31
-36
-35
-28
-24
-26
-20
-10
-4
0
-1
4
6
5
-2
-6
-2
0
-1
-1
5
11
9
6
10
12
16
18
16
18
16
14
22
22
17
13
11
11
9
4
5
10
6
4
5
6
4
3
0
-1
0
0
-2
0
0
-2
-4
-6
-10
-12
-10
-9
-5
-5
-3
-1
5
11
9
4
3
4
2
-2
3
8
13
13
8
9
12
14
12
9
14
22
24
26
29
30
32
29
23
27
31
31
31
27
30
27
26
21
16
14
11
7
6
9
11
8
5
2
1
0
-4
-9
-11
-9
-13
-17
-22
-25
-31
-36
-40
-38
-37
-38
-32
-31
-30
-29
-30
-31
-31
-35
-39
-38
-36
-35
-29
-29
-30
-27
-27
-23
-23
-20
-13
-9
-5
1
5
4
6
6
2
2
1
5
12
14
18
18
17
16
11
4
2
5
4
2
2
3
8
4
2
2
1
0
-3
-2
-2
-6
-7
-8
-14
-19
-23
-17
-14
-12
-10
-7
1
4
3
1
3
5
6
6
7
9
12
14
20
21
22
25
32
38
40
42
45
50
51
47
45
46
43
38
32
33
33
32
33
32
29
24
18
20
24
18
15
15
10
3
-4
-3
1
-3
-7
-9
-14
-18
-20
-20
-23
-30
-36
-36
-35
-35
-34
-34
-36
-36
-37
-36
-33
-32
-30
-28
-31
-31
-32
-33
-33
-37
-34
-33
-33
-28
-23
-17
-14
-10
-6
-4
-5
-4
-2
-1
-1
-3
0
0
1
3
9
13
13
12
11
12
15
18
21
20
17
15
19
20
14
14
14
11
8
5
7
4
2
2
4
4
-2
-4
-6
-7
-9
-12
-5
-3
0
0
4
6
2
2
3
2
-1
-6
-5
-3
-2
-2
-2
0
1
4
3
6
9
7
9
11
9
9
6
5
3
-2
-4
-2
-4
0
2
4
10
13
12
12
16
16
12
9
12
13
8
6
9
10
6
6
9
12
12
11
11
12
10
11
13
12
10
8
7
7
6
5
5
6
9
12
10
5
3
2
-1
-5
-7
-15
-13
-10
-13
-12
-14
-11
-10
-11
-13
-14
-15
-16
-19
-22
-22
-22
-21
-21
-23
-26
-23
-21
-21
-20
-21
-20
-17
-14
-12
-15
-17
-18
-20
-17
-10
-12
-16
-12
-7
-5
-2
0
4
4
0
-2
0
3
3
-2
-4
-2
0
1
6
4
6
10
10
13
9
5
5
7
9
8
10
12
17
18
19
20
20
18
17
17
17
16
15
13
14
12
6
6
7
6
6
7
9
8
5
2
3
4
4
4
7
8
9
10
7
3
4
5
5
6
5
2
4
8
8
6
6
6
5
1
1
1
2
0
-4
-3
-5
-8
-10
-8
-6
-8
-11
-12
-6
-5
-5
-5
-6
-6
-7
-9
-8
-6
-8
-10
-7
-3
-4
-6
-3
-3
-4
-6
-9
-10
-16
-17
-17
-11
-7
-5
0
4
5
3
3
5
2
-1
-4
-3
-4
-6
-7
-11
-7
-6
-5
0
0
-3
0
0
-2
-5
-10
-10
-6
-9
-8
-4
-5
-4
-6
-1
3
3
4
6
10
9
8
6
7
9
4
0
2
8
5
1
5
8
9
6
4
3
4
3
4
3
-1
-3
-2
1
3
6
10
12
11
11
14
15
10
8
6
8
5
1
1
1
2
0
1
2
1
-2
-6
-5
-5
-7
-8
-7
-5
-6
-5
-4
-4
-3
-2
-2
1
2
0
0
2
-1
-3
-3
-4
-4
-7
-7
-7
-4
-3
0
-1
-4
-2
-1
0
0
1
1
5
12
12
9
10
12
15
15
9
8
7
3
-1
-6
-8
-5
-5
-4
-2
-3
-3
3
3
4
6
7
5
5
-1
-5
-4
-3
-2
-1
-1
-3
0
0
2
0
-4
-5
-7
-13
-17
-18
-19
-17
-16
-17
-10
-7
-5
-3
-2
0
2
0
1
4
2
1
-4
-8
-10
-12
-13
-13
-13
-11
-8
-5
-5
-5
-5
-4
-2
-4
-6
-3
-5
-6
-5
-6
-4
-1
4
6
7
8
9
9
9
7
5
9
11
13
11
10
15
15
14
15
19
19
19
18
14
11
8
4
5
5
5
6
8
9
11
12
12
13
10
9
9
11
12
11
7
3
1
-1
-3
-6
-8
-7
-6
-8
-9
-12
-13
-14
-16
-18
-18
-17
-14
-10
-9
-4
2
5
8
8
7
10
10
7
7
4
2
1
1
2
0
0
0
-1
-3
-2
-3
-5
-10
-13
-9
-8
-6
-8
-9
-9
-6
-9
-5
-4
-5
-4
-7
-6
-4
-5
-5
-1
-2
-6
-5
-4
-5
-5
-9
-10
-8
-9
-12
-11
-6
-3
-1
-4
-4
-3
-1
2
2
1
4
6
8
7
8
8
9
7
6
5
5
5
5
7
6
3
4
5
5
4
0
1
1
2
-1
-1
-1
0
1
-2
-3
-4
-5
-7
-8
-8
-7
-3
-1
2
5
7
8
10
13
11
8
6
2
-1
-5
-6
-5
-3
0
1
3
4
6
9
12
9
10
12
14
12
10
9
12
15
10
10
11
12
12
12
9
9
8
8
6
2
-1
0
1
1
0
1
3
3
0
-2
-5
-8
-9
-11
-13
-16
-18
-17
-15
-14
-16
-15
-12
-12
-13
-13
-15
-14
-12
-14
-10
-10
-8
-6
-8
-9
-10
-10
-12
-10
-9
-9
-11
-10
-8
-9
-10
-9
-4
-4
-5
-6
-5
-1
-3
-2
-2
-2
0
0
2
1
-1
0
4
6
4
2
4
5
3
3
3
5
6
4
2
5
5
6
9
8
9
10
12
14
15
12
10
10
8
12
13
12
13
11
10
11
12
14
13
14
15
15
12
10
9
7
6
4
2
1
0
2
5
3
4
4
4
2
1
0
-1
-3
-5
-7
-3
0
3
7
8
4
1
-2
-4
-3
-2
-2
-3
-2
-1
3
4
3
4
3
1
0
-1
-3
-5
-4
-4
-9
-11
-11
-10
-12
-15
-16
-17
-18
-21
-22
-20
-21
-21
-24
-29
-26
-24
-20
-14
-13
-12
-12
-10
-7
-6
-4
-1
-3
-3
-2
-2
-1
-2
-4
-2
-1
-2
0
4
8
8
6
9
11
10
9
10
12
12
9
8
8
9
10
11
9
8
8
10
9
6
5
3
4
8
6
5
7
9
11
10
8
9
9
8
8
6
5
7
6
6
5
0
-1
1
0
0
0
3
8
8
4
4
7
4
2
1
-2
-3
-4
-4
-3
-3
-6
-6
-5
-9
-9
-6
-2
0
1
-1
-1
1
1
2
0
-2
-1
2
6
6
5
4
2
-1
-5
-8
-7
-5
-6
-8
-8
-5
-4
-2
-4
-4
-3
0
0
-1
-2
-3
0
3
4
5
5
9
9
6
3
1
5
5
1
-2
-2
-1
0
-1
-3
-4
-6
-7
-7
-8
-9
-7
-7
-8
-7
-7
-8
-8
-9
-10
-10
-7
-8
-10
-10
-10
-11
-12
-12
-12
-12
-13
-13
-10
-10
-13
-10
-9
-6
-5
-4
-1
1
0
0
0
1
3
3
6
7
6
6
8
10
9
11
13
13
13
11
10
10
9
9
10
13
13
9
9
11
13
13
11
13
16
16
15
16
19
20
20
19
20
21
19
19
19
16
13
13
12
12
10
10
8
6
3
2
1
1
-1
-5
-4
-5
-5
-5
-6
-8
-7
-5
-4
-6
-7
-12
-10
-9
-10
-13
-18
-19
-23
-29
-30
-32
-31
-33
-34
-32
-30
-28
-26
-20
-19
-16
-14
-11
-10
-13
-14
-11
-8
-11
-12
-10
-8
-8
-11
-10
-9
-10
-10
-9
-4
-5
-4
-2
0
0
0
6
12
13
9
9
13
16
17
16
18
20
20
18
18
17
17
16
17
17
16
16
16
16
14
13
15
17
14
13
16
19
21
21
20
21
21
22
20
19
17
15
16
14
10
6
4
2
-3
-5
-8
-9
-8
-9
-10
-8
-8
-7
-8
-7
-7
-6
-10
-8
-9
-10
-13
-14
-14
-16
-18
-20
-16
-14
-14
-14
-13
-13
-14
-16
-17
-16
-16
-17
-15
-13
-13
-13
-10
-8
-10
-11
-10
-6
-2
-3
-1
0
1
0
0
0
-1
-1
-1
-2
-2
1
5
6
6
8
9
12
14
12
9
8
7
5
3
3
5
6
6
11
14
16
15
14
14
14
13
11
11
10
10
10
12
13
12
14
12
10
5
1
0
-1
-3
-2
-2
-2
-4
-4
-1
0
1
0
0
2
-2
-2
-1
-2
-3
-7
-8
-7
-8
-9
-11
-12
-11
-12
-13
-12
-13
-13
-12
-9
-6
-4
-5
-6
-5
-6
-5
-2
1
2
2
3
4
3
2
-1
-2
-6
-5
-5
-3
-4
-7
-5
-4
-2
-3
-3
-2
-3
-2
-3
-3
-5
-5
-3
0
1
2
4
5
8
7
8
8
6
8
7
5
5
6
7
8
8
7
5
5
5
4
2
3
6
7
7
7
7
7
7
9
6
4
4
3
3
2
-1
-2
-1
0
-2
-2
-4
-3
-1
-1
0
2
2
4
5
3
2
1
0
-3
-4
-6
-7
-7
-6
-7
-6
-3
-2
-1
-1
-1
-1
-1
-4
-6
-8
-9
-10
-11
-12
-9
-6
-3
-3
-2
1
2
1
-2
0
1
1
1
1
-1
-1
-1
1
0
1
3
5
6
6
7
9
8
7
7
5
4
1
-1
-2
-3
-4
-4
-4
-1
1
3
3
3
3
2
-1
-4
-6
-9
-9
-10
-9
-9
-9
-7
-7
-5
-5
-6
-5
-6
-5
-6
-5
-3
-1
0
2
-2
1
2
2
2
1
4
6
5
6
7
7
7
5
2
2
4
6
7
7
5
6
7
7
6
3
2
3
5
4
4
4
6
5
7
9
7
5
5
6
6
6
5
5
4
3
2
3
4
4
5
6
8
9
7
7
7
5
2
2
1
-2
-4
-7
-8
-9
-11
-11
-9
-9
-9
-8
-6
-5
-7
-10
-11
-14
-16
-18
-18
-19
-19
-15
-14
-10
-8
-6
-4
-1
-4
-4
-1
-3
0
0
0
1
0
0
1
-1
0
4
6
7
6
5
6
7
6
4
1
0
-2
-2
-3
-5
-8
-7
-5
-3
-3
-1
0
0
-1
1
0
1
0
-1
-1
-1
-1
1
0
0
1
3
5
10
10
7
8
6
7
6
5
6
8
10
10
12
14
14
14
12
10
9
9
10
9
8
9
10
8
6
2
2
4
1
-1
-3
-3
-3
-2
-2
-5
-4
-6
-4
-5
-7
-7
-7
-6
-6
-5
-4
-5
-7
-11
-11
-14
-16
-16
-14
-9
-8
-6
-3
0
-1
0
4
3
4
2
0
-2
-3
-5
-4
-2
-1
0
2
4
4
3
2
4
3
2
-2
-1
-1
-2
-4
-5
-3
-1
2
5
6
4
3
2
1
0
1
1
1
-2
-2
-3
-3
-4
-6
-6
-3
-3
-3
-4
-1
-2
-2
-3
-3
-2
-3
-1
1
3
3
3
5
3
4
4
5
4
4
6
7
6
6
5
3
1
1
-1
0
1
0
1
1
0
0
0
0
1
3
2
4
3
1
1
-1
-1
1
1
2
3
2
2
4
2
3
1
3
3
4
5
5
3
1
0
0
2
0
-1
1
1
1
0
0
0
-1
-1
0
0
0
0
0
-1
-2
-3
-4
-4
-3
-4
-2
-3
-4
-5
-6
-6
-4
-5
-3
-3
-3
-3
-1
-1
1
2
1
2
2
2
2
2
2
2
3
5
5
4
1
0
-1
-2
-5
-6
-6
-7
-8
-8
-9
-9
-10
-8
-9
-8
-6
-4
-2
-2
-2
-2
-2
-3
-4
-4
-5
-7
-7
-8
-5
-7
-5
-4
-2
-1
-1
2
4
4
5
8
9
10
11
12
14
13
14
13
14
13
11
12
11
10
9
8
9
5
5
4
6
8
6
6
2
1
0
-2
-2
0
-2
0
1
1
1
2
1
1
0
0
-1
-1
-2
-3
-2
-2
-1
-3
-5
-6
-6
-7
-5
-2
-1
0
-1
-2
-2
-3
-5
-6
-6
-5
-4
-4
-2
-2
-1
-1
-1
-2
0
1
0
-1
-2
-2
-3
-4
-6
-7
-8
-8
-8
-8
-8
-6
-2
-2
-1
0
1
1
1
1
0
1
1
2
3
4
4
3
3
2
0
0
-3
-5
-5
-4
-4
-3
-3
-5
-6
-7
-6
-6
-6
-6
-6
-5
-4
-3
0
1
0
1
2
1
1
4
5
5
4
6
7
9
7
7
8
8
8
7
8
8
9
10
11
12
11
10
10
9
8
7
5
4
5
2
0
-1
-3
-4
-7
-7
-5
-3
-2
-1
-1
-3
-1
1
0
-2
-2
-1
-3
-5
-5
-3
-2
-1
-1
0
2
3
1
2
3
2
0
-2
-4
-4
-4
-4
-4
0
0
1
2
3
4
1
2
3
3
2
1
0
0
0
0
0
1
1
1
1
0
-3
-5
-7
-9
-10
-11
-10
-10
-10
-10
-8
-6
-5
-4
-2
1
2
2
1
1
-1
-2
0
1
0
-1
-1
1
0
1
-1
0
0
-2
-1
-1
-2
-5
-5
-3
-4
-5
-4
-3
-1
-1
1
5
6
7
4
6
6
5
4
4
5
4
7
7
8
7
6
7
6
5
4
4
3
2
1
0
0
0
-1
-1
0
0
0
2
3
3
4
5
3
3
2
1
1
1
1
1
2
1
-2
-1
-3
-4
-5
-5
-5
-7
-7
-7
-5
-3
0
1
2
3
4
4
4
6
6
4
4
3
1
-1
-2
-1
-2
-2
-1
0
0
-4
-4
-3
-2
-2
-3
-3
-4
-6
-4
-4
-3
-2
-1
0
-2
-3
-4
-2
-2
-3
-4
-4
-7
-6
-4
-3
-3
-3
0
0
0
1
1
0
-1
-2
0
0
-3
-5
-4
-2
-1
1
4
5
4
4
4
3
1
0
0
0
-2
-4
-3
-2
-2
-3
0
2
0
-1
0
3
3
4
5
4
4
3
4
7
6
6
6
6
6
4
4
5
5
4
4
5
6
3
1
2
2
0
0
2
4
3
3
5
5
3
3
4
4
2
0
0
-1
-1
-2
-2
-1
0
-2
-3
-1
-4
-8
-7
-7
-8
-8
-8
-5
-3
-3
-1
0
0
0
0
1
2
1
1
1
2
0
-1
0
-1
1
0
1
3
0
-2
-3
-6
-7
-8
-5
-4
-6
-6
-4
-4
-3
-4
-3
-1
-3
-4
-3
-3
0
-1
0
1
-1
0
-1
0
1
-1
-1
1
0
1
2
2
4
4
5
5
6
3
3
5
6
4
6
8
7
5
1
0
0
-2
-2
0
0
1
1
2
1
1
0
0
0
-1
0
1
0
-2
0
0
-1
-4
-6
-5
-5
-5
-5
-3
0
0
1
2
3
1
0
1
2
1
1
3
4
3
2
3
5
4
3
3
4
4
2
3
4
2
2
1
1
1
-1
-1
0
0
-2
-2
-1
-2
-5
-4
-4
-3
-4
-4
-2
-1
-1
-2
0
2
2
2
3
3
2
0
3
4
1
