SAMPLES:	22147
BITSPERSAMPLE:	16
CHANNELS:	1
SAMPLERATE:	16000
NORMALIZED:	FALSE
0
1
0
1
1
1
0
1
1
1
1
0
1
1
0
1
3
2
1
0
1
1
2
1
2
1
0
1
1
1
2
1
0
0
0
0
0
-1
-1
-1
-1
-1
-2
-1
-1
-1
0
-1
0
-1
-1
-2
-2
-1
-3
-2
-3
-2
-1
-1
-1
-1
-2
-2
-2
-2
-1
-1
0
0
-1
-1
-1
0
0
0
0
1
1
-1
-1
-1
0
0
0
1
1
1
1
1
1
0
0
-1
-1
0
0
-1
0
0
-1
0
-1
0
0
0
-1
-1
-1
-2
-1
-1
0
1
0
0
1
1
0
0
1
1
2
1
2
1
1
2
2
3
2
2
1
1
1
2
1
1
0
2
1
1
1
0
0
0
0
0
1
1
1
1
1
0
-1
0
-1
-1
-1
-2
-1
-1
-1
0
0
1
1
1
0
0
1
0
-1
0
0
-1
-1
-1
0
0
1
2
2
2
2
1
1
1
0
0
-1
-1
0
-2
-2
-1
-1
-1
-1
-1
0
-1
-2
-1
-1
-1
-1
-2
-2
-3
-4
-4
-3
-3
-3
-2
-1
-1
-1
-1
-1
0
-1
0
-1
-1
-2
-2
-1
0
0
0
0
1
2
1
2
2
2
1
2
2
2
1
1
2
3
2
2
3
2
2
3
3
3
2
2
3
3
2
2
2
1
1
2
2
2
1
2
2
1
1
1
1
0
0
-1
-2
-2
-1
-1
-2
0
-2
-2
-1
-1
-2
-2
-2
-3
-2
-3
-3
-2
-2
-3
-2
-1
0
1
0
1
1
0
-1
-1
-1
-1
-2
-2
-2
-1
-1
0
0
1
1
0
0
1
0
-1
-1
-1
-2
-1
-1
-1
0
-2
-1
0
1
1
2
2
1
1
1
0
0
-1
0
-1
-1
0
0
0
1
2
2
2
2
1
2
1
1
1
0
0
1
1
1
2
3
3
2
3
2
1
2
2
1
0
-1
0
0
1
0
1
1
1
2
2
2
1
0
1
0
0
-1
-1
-1
-2
-1
-2
-1
-1
-1
0
-1
-2
-2
-1
-2
-3
-2
-3
-3
-2
-2
-2
-1
-2
-1
-2
-1
-1
0
0
-1
-1
-1
-1
-1
-1
-2
-1
0
0
0
0
0
0
1
0
0
0
-1
0
-1
0
0
1
1
1
1
1
1
1
2
2
2
1
2
2
2
2
1
2
1
1
2
1
1
1
1
0
-1
0
-1
0
0
1
1
1
0
1
0
0
0
0
0
0
0
1
0
1
0
0
0
0
0
-1
-1
-1
-1
-1
-1
-1
0
1
1
0
1
1
0
0
1
1
1
0
2
1
0
-1
0
1
0
1
0
0
-1
-1
-1
-1
-2
-1
-1
-1
-1
0
1
1
1
0
0
0
0
-1
-2
-1
-1
-2
-1
-2
-3
-2
-2
-2
-2
-2
-1
-1
-1
-1
-1
-1
-2
-1
0
-1
0
0
0
1
1
2
2
1
2
1
1
1
1
2
2
1
2
2
3
2
3
2
2
3
1
1
1
1
1
1
0
1
2
1
0
0
0
-1
0
-1
0
-1
-1
-1
0
-1
0
0
-1
0
0
-1
-1
0
-1
-2
0
-1
-1
-1
-1
0
0
-1
-1
-1
1
0
1
-1
0
0
1
0
0
0
1
0
1
0
0
0
0
0
0
1
1
0
1
1
1
0
1
1
0
1
1
0
1
0
0
0
-1
-1
-1
-1
-1
0
-1
0
-1
-1
-2
-2
-1
-2
-2
-2
-2
-1
-2
-1
-1
-1
-1
0
-1
-1
-2
-1
-2
-1
0
0
-1
-1
0
-1
-1
0
0
0
0
0
1
1
0
1
2
1
2
1
1
1
2
2
2
1
2
1
1
1
0
0
1
1
1
0
1
1
1
2
0
0
0
-1
0
1
0
1
0
1
1
1
0
0
0
0
0
0
0
0
0
0
0
0
0
0
0
0
0
1
1
2
1
1
2
1
2
1
1
1
0
0
0
-1
0
-1
0
0
0
0
0
-1
-1
-1
-2
-1
-2
-2
-2
-2
-3
-3
-2
-2
-1
-1
-1
-2
-2
-1
-1
-2
-2
-2
-1
-2
-1
-1
-1
0
-1
0
0
0
0
1
1
0
0
-1
0
1
1
1
1
2
2
1
2
2
1
1
1
1
1
1
1
0
1
0
0
0
-1
0
0
0
1
0
0
0
-1
0
0
0
0
0
1
1
1
1
0
0
0
-1
0
0
0
0
0
1
0
0
0
0
0
1
0
1
0
0
0
0
0
0
1
1
1
2
2
2
2
1
1
1
1
1
1
1
0
0
1
0
-1
-1
0
-1
0
0
-1
0
0
-1
-1
0
-1
-1
-1
0
1
1
-1
0
-1
1
0
-1
-1
0
0
-1
-1
-1
0
-1
0
-1
0
-1
0
-1
-2
-1
-1
-1
-1
-2
-1
-1
-1
-2
-1
-1
0
0
0
0
0
1
1
-1
1
0
0
0
-1
0
0
0
1
0
1
1
0
0
0
1
0
0
1
1
2
1
1
0
1
1
1
1
1
1
1
0
-1
0
1
0
0
-1
-1
1
0
0
0
1
1
1
1
1
0
0
0
1
0
0
1
0
0
0
1
0
0
0
0
0
-1
-1
-1
0
0
1
0
0
-1
-1
-1
0
-1
0
0
0
0
0
0
0
0
-1
0
1
0
0
-1
0
-1
0
0
-1
0
0
0
0
0
0
1
0
0
0
0
-1
0
0
0
-1
0
-1
0
-1
0
-1
0
-1
0
0
-1
0
-1
0
0
0
0
0
0
0
0
-1
0
0
1
0
0
1
1
1
1
0
-1
-1
-1
0
0
0
0
0
0
1
-1
1
0
1
-1
-1
1
0
0
0
1
0
0
1
0
0
0
0
0
0
1
1
0
0
0
0
0
0
-1
0
-1
-1
-1
0
-1
-1
0
0
1
1
0
0
0
1
1
0
-1
1
0
-1
-1
-1
-1
0
0
0
0
-1
0
-1
-1
-1
0
-2
-1
-1
0
0
0
0
-1
0
0
1
1
1
0
0
1
1
0
0
0
1
0
1
0
0
0
0
0
0
0
0
1
0
0
0
0
0
-1
1
1
1
1
0
0
0
0
1
1
0
0
0
0
0
-1
0
0
-1
0
1
0
1
0
0
0
0
0
1
1
1
0
0
0
1
1
1
1
0
1
1
0
0
-1
0
0
-1
0
-1
-1
-2
-1
-2
-2
-2
-1
-2
-1
-2
-2
0
-1
-1
-1
-1
-1
-1
-1
-2
-1
-2
-1
-2
-1
-1
-1
0
-1
-1
-1
0
-1
1
-1
-1
-1
-1
0
1
1
1
2
2
2
2
1
1
1
1
1
1
1
2
2
2
2
2
1
1
1
2
1
0
1
1
1
1
0
1
1
1
1
1
0
0
1
1
0
0
1
0
0
0
0
-1
0
-1
-1
0
-1
-1
-1
0
0
-1
-1
-1
-1
-2
0
-1
0
0
0
0
0
0
0
0
0
1
0
0
0
0
-1
-1
0
-1
-1
0
0
-1
0
0
0
0
0
0
-1
0
0
-1
-1
0
0
-1
0
0
-1
0
0
-1
1
-1
0
0
-1
0
0
0
0
0
0
0
1
0
0
-1
1
1
0
0
0
0
0
0
0
0
0
0
0
0
0
0
0
0
-1
0
-1
-1
0
0
1
0
0
0
0
0
0
1
0
0
0
0
0
0
1
-1
0
0
0
0
0
-1
0
0
0
0
0
-1
0
0
0
0
1
0
0
1
0
0
0
1
0
0
0
0
0
1
0
0
0
0
0
0
0
1
0
0
0
0
-1
0
0
-1
-1
0
-1
0
0
0
1
1
0
0
0
-1
1
0
0
0
0
1
0
1
0
0
1
1
0
0
0
0
0
-1
0
0
0
-1
0
0
1
0
0
0
0
1
0
1
0
0
0
0
-1
0
0
0
0
0
-1
0
0
0
1
1
0
0
-1
0
0
1
0
0
-1
1
0
0
0
0
-1
0
0
0
0
0
0
0
0
0
0
0
1
0
0
0
-1
0
1
0
0
1
-1
0
-1
-1
0
0
0
0
0
0
0
0
-1
0
-1
1
0
1
1
0
0
0
0
0
0
0
0
0
0
0
0
0
0
1
0
-1
0
0
0
0
0
0
-1
0
0
-1
0
0
0
0
0
0
0
1
1
0
0
0
0
0
0
0
-1
0
-1
0
0
0
0
-1
-1
0
0
0
0
0
1
0
2
-1
0
0
-1
0
0
0
1
0
0
0
0
0
0
0
1
0
0
0
0
0
-1
-1
0
0
0
0
1
0
-1
0
0
0
0
1
0
-1
0
1
0
1
1
2
1
0
0
0
-1
-1
-1
-1
0
0
1
0
0
0
0
-1
0
0
0
1
1
1
2
2
1
0
1
-1
-3
-3
-5
-5
-5
-4
-3
-3
-2
0
1
2
2
2
3
3
1
1
2
1
1
1
1
1
1
0
0
-1
-2
-3
-3
-4
-2
-3
-2
-1
1
1
3
3
4
4
3
2
3
2
1
1
1
1
0
0
-1
-2
-1
-1
-1
0
0
1
2
5
4
5
4
4
3
2
0
-1
-4
-6
-9
-10
-8
-6
-5
-3
0
2
5
8
8
8
6
6
5
4
2
1
-3
-5
-5
-5
-8
-10
-14
-15
-16
-14
-8
-2
4
7
11
15
15
10
3
-4
-4
-2
-4
-4
-4
0
7
6
6
4
-2
-12
-23
-22
-16
-11
-6
5
23
40
50
54
57
53
41
25
8
-4
-17
-26
-33
-30
-24
-14
-6
-2
3
2
-1
-7
-13
-13
-15
-12
-7
4
19
30
41
45
42
33
22
8
-8
-23
-37
-44
-49
-48
-44
-39
-32
-29
-22
-19
-15
-9
-2
8
14
20
24
26
19
13
2
-14
-31
-51
-63
-69
-69
-61
-50
-36
-22
-1
21
39
45
36
23
10
-2
-9
-16
-28
-33
-27
-14
5
14
11
1
-12
-11
-9
0
-8
-16
-28
-26
-3
15
34
35
37
41
40
36
34
46
56
87
158
237
268
209
157
169
211
177
55
-76
-157
-215
-266
-251
-163
-72
-59
-67
10
145
223
175
82
28
5
-19
-39
-5
56
81
62
58
101
122
45
-109
-257
-350
-413
-451
-439
-370
-274
-179
-63
81
212
274
259
203
133
66
6
-40
-75
-98
-101
-73
-37
-2
21
35
20
-31
-86
-124
-102
-45
41
135
203
253
278
287
275
221
119
-11
-133
-205
-212
-173
-95
-17
54
104
148
177
155
88
-33
-147
-233
-266
-245
-189
-107
-38
16
55
84
82
24
-64
-163
-241
-279
-256
-183
-88
-18
57
121
151
131
26
-67
-166
-244
-313
-363
-344
-271
-106
69
216
312
337
360
299
313
543
831
878
537
209
314
626
655
304
-105
-302
-492
-764
-841
-584
-288
-339
-518
-301
320
838
842
605
512
535
441
207
120
174
91
-196
-387
-232
28
-20
-359
-650
-732
-732
-791
-802
-662
-499
-374
-221
78
448
678
690
572
436
317
213
85
-74
-252
-398
-444
-406
-325
-259
-213
-225
-284
-324
-283
-150
-45
31
136
328
554
722
810
832
770
590
369
154
-40
-253
-485
-623
-616
-504
-366
-233
-114
-7
65
121
163
163
116
46
13
33
85
122
127
92
18
-66
-153
-236
-347
-476
-554
-518
-388
-234
-109
3
123
179
173
116
40
-66
-246
-405
-443
-366
-253
-180
-108
14
134
207
241
274
361
401
327
191
67
376
1026
1530
1452
842
542
764
964
637
-48
-540
-803
-1144
-1416
-1109
-370
90
-104
-276
256
1102
1427
958
442
271
214
-39
-292
-99
210
176
-179
-288
119
435
120
-586
-1037
-1089
-1078
-1224
-1250
-946
-551
-268
-44
393
908
1119
890
501
298
217
59
-234
-474
-539
-518
-485
-422
-283
-147
-175
-367
-513
-528
-391
-190
-29
130
255
463
807
1105
1202
995
572
155
-167
-416
-625
-844
-1015
-1023
-811
-425
-17
267
369
335
266
242
228
120
-77
-244
-280
-158
19
175
233
139
-34
-190
-269
-318
-436
-570
-580
-391
-91
210
439
568
605
529
400
233
3
-290
-582
-705
-616
-370
-143
27
202
387
571
564
513
442
442
301
110
500
1290
1978
1767
1083
986
1404
1511
685
-430
-1071
-1343
-1813
-2200
-1832
-923
-268
-333
-223
594
1637
1912
1301
713
474
373
-62
-390
-214
94
56
-336
-335
110
347
-120
-928
-1422
-1568
-1619
-1704
-1501
-1082
-684
-334
157
875
1428
1505
1175
774
425
133
-142
-396
-611
-829
-894
-728
-424
-171
-116
-201
-363
-513
-540
-312
21
152
118
209
687
1293
1536
1339
922
482
55
-344
-627
-816
-1074
-1317
-1254
-782
-145
272
396
397
398
381
336
233
28
-236
-440
-419
-182
95
218
150
-12
-155
-242
-323
-416
-502
-564
-532
-343
15
446
729
772
649
464
284
68
-234
-542
-801
-916
-812
-535
-132
268
503
539
529
664
931
910
692
816
1414
2024
1902
1436
1474
1864
1742
728
-367
-844
-1162
-1899
-2589
-2393
-1471
-831
-797
-489
611
1795
1983
1376
1009
1143
1090
356
-343
-250
211
155
-400
-547
-42
195
-491
-1466
-1819
-1647
-1719
-2143
-2151
-1441
-612
-239
13
735
1640
1950
1497
949
797
689
185
-498
-843
-798
-796
-962
-987
-726
-462
-512
-727
-807
-694
-488
-241
96
541
950
1299
1593
1744
1710
1384
852
272
-299
-815
-1266
-1535
-1488
-1202
-861
-553
-197
213
498
509
345
214
111
-78
-302
-339
-139
62
138
147
218
285
144
-188
-504
-662
-694
-671
-578
-240
230
610
796
876
935
898
554
-35
-519
-809
-941
-1022
-968
-645
-172
206
454
661
919
1157
1167
901
762
1134
1824
2212
1882
1412
1480
1779
1567
627
-426
-1109
-1693
-2367
-2672
-2227
-1424
-957
-811
-215
970
1966
2088
1608
1259
1135
798
178
-181
-63
81
-193
-586
-473
-48
-86
-823
-1597
-1834
-1814
-2025
-2282
-2016
-1274
-625
-330
93
963
1778
1882
1347
893
773
593
50
-562
-803
-764
-812
-989
-939
-599
-338
-469
-797
-881
-636
-347
-162
59
455
978
1338
1491
1553
1505
1263
727
73
-458
-844
-1183
-1432
-1412
-1033
-503
-85
201
453
672
682
454
94
-222
-411
-538
-593
-540
-338
-41
194
252
163
78
18
-106
-363
-557
-489
-220
37
209
484
851
1059
883
494
179
-38
-346
-837
-1153
-1122
-792
-460
-247
60
493
979
1276
1269
1253
1627
2186
2432
1992
1375
1439
1868
1858
994
-79
-690
-1133
-1795
-2444
-2403
-1840
-1439
-1388
-1026
99
1320
1777
1489
1241
1339
1349
858
264
124
212
33
-442
-614
-271
-117
-675
-1557
-1999
-1926
-1923
-2231
-2333
-1876
-1163
-577
-92
591
1333
1692
1568
1300
1163
1018
628
41
-450
-709
-825
-909
-973
-938
-830
-779
-825
-844
-716
-467
-229
-31
280
753
1225
1520
1600
1543
1430
1164
691
123
-431
-862
-1161
-1312
-1236
-953
-587
-220
65
293
490
575
504
224
-182
-469
-508
-401
-342
-333
-246
-52
70
38
-28
-50
-102
-300
-490
-412
-77
237
381
504
724
921
843
528
219
-68
-440
-908
-1197
-1081
-743
-541
-468
-211
405
1114
1429
1415
1653
2284
2781
2519
1801
1548
1870
1925
1112
-27
-699
-966
-1488
-2221
-2430
-1943
-1426
-1356
-1199
-324
901
1540
1400
1186
1354
1572
1299
749
459
453
290
-173
-521
-495
-462
-912
-1653
-2131
-2154
-2082
-2221
-2261
-1903
-1276
-714
-292
222
874
1348
1419
1266
1121
1046
820
380
-60
-323
-441
-631
-936
-1132
-1087
-981
-1031
-1163
-1085
-720
-362
-125
215
798
1358
1507
1340
1266
1355
1256
783
205
-131
-339
-669
-1006
-981
-593
-309
-335
-356
-26
453
582
322
85
126
187
-26
-305
-304
-127
-130
-365
-486
-329
-180
-302
-517
-497
-238
19
164
343
585
744
732
648
581
421
64
-411
-775
-900
-905
-869
-775
-626
-440
-185
200
716
1118
1306
1641
2234
2765
2696
2151
1924
2159
2158
1366
147
-725
-1176
-1714
-2347
-2513
-2068
-1519
-1301
-1026
-178
984
1671
1590
1248
1190
1375
1313
901
496
376
382
220
-120
-340
-428
-734
-1418
-2193
-2540
-2423
-2294
-2331
-2235
-1666
-764
3
431
746
1154
1478
1430
1052
707
593
470
86
-368
-533
-401
-410
-775
-1136
-1174
-1062
-1157
-1401
-1357
-917
-397
53
513
1084
1591
1741
1593
1355
1154
899
451
-142
-651
-872
-836
-702
-589
-448
-216
0
102
155
238
271
143
-78
-156
-42
52
40
-16
-26
-9
-78
-193
-295
-408
-522
-557
-421
-172
107
354
613
860
917
804
610
376
74
-355
-781
-978
-961
-892
-789
-589
-204
208
436
567
763
1191
1760
2243
2454
2312
2057
2022
2199
2202
1664
689
-312
-1124
-1743
-2134
-2228
-2080
-1906
-1713
-1201
-225
862
1494
1519
1292
1183
1210
1143
892
588
340
172
56
39
72
-85
-589
-1326
-1970
-2336
-2485
-2550
-2542
-2377
-1975
-1295
-451
327
848
1108
1239
1285
1164
881
594
376
130
-182
-404
-385
-276
-363
-680
-998
-1165
-1252
-1330
-1346
-1221
-910
-376
285
941
1402
1607
1670
1595
1345
940
452
-8
-433
-821
-1000
-866
-503
-159
-25
-1
100
302
401
230
-68
-201
-107
-2
-14
5
208
396
293
6
-132
-95
-192
-560
-850
-691
-254
72
220
457
852
1084
927
616
408
199
-240
-860
-1221
-1131
-892
-766
-663
-341
206
595
763
853
1056
1456
1884
2229
2249
2015
1893
2090
2330
2045
1171
184
-586
-1259
-1952
-2421
-2380
-2038
-1816
-1596
-929
294
1402
1752
1471
1192
1261
1344
1048
513
194
211
274
126
-54
-64
-118
-590
-1477
-2278
-2596
-2564
-2611
-2770
-2622
-1934
-930
-99
423
869
1358
1663
1531
1098
754
619
390
-57
-446
-485
-282
-261
-527
-813
-936
-1007
-1207
-1439
-1457
-1176
-712
-173
372
893
1361
1669
1729
1512
1146
789
386
-170
-733
-1004
-879
-589
-424
-317
-82
222
381
342
213
82
-76
-259
-334
-259
-120
17
137
234
273
242
151
9
-195
-400
-456
-332
-96
141
356
606
806
864
752
521
247
-119
-599
-1027
-1195
-1106
-910
-746
-477
57
606
941
1056
1280
1823
2398
2602
2350
1992
1846
1936
1909
1540
871
49
-753
-1455
-1903
-2031
-1953
-1870
-1792
-1460
-710
294
1087
1399
1320
1174
1154
1191
1065
736
408
204
149
111
45
-80
-371
-897
-1573
-2139
-2462
-2566
-2609
-2597
-2377
-1838
-1013
-189
442
842
1124
1318
1305
1065
739
485
220
-103
-350
-347
-185
-182
-400
-647
-782
-913
-1149
-1356
-1340
-1091
-711
-241
307
849
1234
1445
1515
1432
1171
747
267
-186
-543
-716
-696
-511
-259
-31
128
213
261
271
172
-65
-319
-454
-427
-330
-214
-53
133
284
351
356
261
75
-146
-312
-326
-248
-71
194
484
686
760
763
684
474
54
-460
-896
-1166
-1272
-1252
-1092
-791
-314
232
745
1131
1392
1729
2184
2634
2759
2449
1984
1755
1810
1720
1184
320
-493
-1130
-1683
-2104
-2207
-2004
-1783
-1626
-1254
-397
683
1424
1594
1448
1372
1414
1393
1148
764
387
132
3
-97
-197
-396
-753
-1277
-1831
-2234
-2427
-2481
-2492
-2374
-2053
-1466
-693
54
615
923
1105
1247
1282
1075
674
255
-52
-246
-386
-414
-356
-330
-422
-617
-784
-890
-978
-1082
-1150
-1015
-604
-28
502
880
1171
1417
1492
1306
926
532
166
-255
-644
-815
-674
-394
-164
6
176
329
357
239
40
-141
-291
-409
-465
-420
-261
-73
72
139
181
211
140
-53
-247
-299
-192
-38
128
367
648
840
859
729
524
211
-261
-817
-1243
-1413
-1379
-1237
-1005
-605
-43
541
1025
1374
1700
2096
2534
2832
2739
2318
1928
1855
1890
1537
723
-172
-852
-1400
-1963
-2338
-2293
-1982
-1748
-1526
-914
169
1232
1742
1734
1623
1636
1648
1449
1055
629
262
-25
-196
-262
-334
-581
-1063
-1617
-2047
-2273
-2373
-2426
-2390
-2173
-1735
-1080
-295
411
876
1077
1162
1226
1167
889
445
4
-335
-563
-655
-594
-476
-448
-537
-671
-760
-822
-906
-1010
-1030
-879
-514
11
542
1005
1337
1503
1493
1280
932
503
-7
-509
-873
-991
-877
-654
-393
-118
141
353
457
437
265
7
-209
-307
-327
-337
-302
-167
13
116
138
184
224
109
-164
-342
-193
111
301
368
529
832
1000
847
500
171
-165
-666
-1245
-1582
-1496
-1188
-907
-596
-55
690
1323
1608
1772
2114
2599
2862
2581
2024
1637
1593
1590
1231
544
-162
-733
-1262
-1765
-2063
-2011
-1796
-1672
-1519
-990
-9
986
1527
1603
1555
1612
1659
1503
1131
693
313
-4
-250
-388
-488
-684
-1087
-1587
-1964
-2116
-2130
-2149
-2160
-2017
-1638
-1069
-443
126
583
879
1007
1010
929
776
496
97
-322
-623
-711
-648
-594
-616
-661
-654
-646
-705
-779
-781
-672
-547
-369
-33
422
865
1132
1239
1271
1173
917
550
118
-291
-652
-875
-864
-686
-442
-218
3
256
476
574
520
357
177
39
-51
-102
-114
-84
-63
-61
-36
51
125
25
-191
-297
-169
79
233
323
489
693
782
665
439
186
-176
-665
-1103
-1311
-1255
-1079
-863
-531
-23
601
1152
1554
1835
2121
2485
2660
2463
1961
1501
1381
1311
888
155
-569
-1030
-1367
-1738
-1948
-1855
-1586
-1374
-1154
-634
205
1012
1419
1449
1391
1421
1470
1345
1005
592
268
39
-152
-362
-573
-824
-1209
-1659
-2009
-2113
-2049
-1992
-1921
-1699
-1239
-629
-63
394
749
989
1095
1048
896
689
418
86
-276
-551
-668
-691
-725
-792
-815
-790
-804
-858
-851
-727
-522
-367
-179
183
627
996
1165
1189
1182
1062
788
420
25
-324
-636
-894
-967
-836
-587
-363
-218
-36
227
475
545
418
267
231
233
155
32
5
59
34
-89
-159
-68
-13
-149
-310
-249
59
300
354
414
591
739
614
279
-39
-281
-600
-1025
-1299
-1232
-945
-635
-365
17
615
1193
1553
1698
1787
2122
2448
2411
1973
1434
1281
1356
1146
496
-280
-836
-1210
-1632
-1968
-1951
-1655
-1388
-1233
-848
-13
956
1538
1561
1402
1390
1476
1386
1001
555
260
83
-96
-316
-495
-621
-889
-1334
-1789
-2009
-1957
-1870
-1852
-1782
-1458
-862
-241
217
527
812
1043
1087
911
664
470
236
-143
-543
-727
-691
-667
-792
-922
-906
-850
-861
-915
-841
-601
-395
-194
94
503
926
1135
1134
1040
886
690
416
37
-364
-720
-915
-892
-738
-538
-350
-162
43
272
473
569
535
384
234
159
128
115
107
66
3
-55
-44
51
63
-43
-139
-89
115
295
397
526
667
686
526
270
56
-163
-546
-981
-1239
-1201
-952
-695
-436
-49
499
1043
1435
1626
1874
2320
2610
2460
1893
1452
1486
1540
1115
263
-518
-968
-1328
-1798
-2086
-1970
-1685
-1530
-1409
-878
96
1001
1368
1302
1252
1387
1534
1422
1090
747
457
217
9
-174
-332
-630
-1137
-1669
-2041
-2160
-2128
-2085
-2000
-1798
-1386
-750
-51
489
777
921
1061
1170
1081
800
481
194
-105
-396
-584
-605
-620
-776
-981
-1094
-1109
-1089
-1091
-1018
-798
-518
-167
226
667
1078
1312
1336
1189
961
701
380
-57
-504
-821
-943
-911
-809
-629
-394
-158
1
139
300
410
397
250
136
149
211
216
166
124
134
134
86
64
57
26
-44
-55
99
344
562
645
644
627
524
336
46
-306
-678
-1024
-1260
-1253
-1037
-699
-308
71
546
1060
1521
1856
2210
2609
2784
2524
1928
1595
1671
1621
1006
-9
-829
-1260
-1622
-2056
-2246
-2102
-1858
-1702
-1417
-638
408
1194
1428
1352
1335
1471
1559
1407
1067
669
344
137
19
-90
-305
-743
-1332
-1852
-2182
-2300
-2316
-2274
-2114
-1845
-1365
-639
182
803
1065
1136
1257
1368
1239
859
422
85
-201
-482
-668
-694
-685
-800
-1016
-1180
-1221
-1169
-1138
-1094
-930
-621
-172
300
729
1105
1384
1488
1360
1078
750
396
-29
-510
-873
-1000
-945
-807
-671
-521
-309
-80
127
249
272
244
206
196
218
264
317
365
371
330
265
235
228
158
14
-104
-20
210
398
479
521
607
632
450
165
-110
-423
-822
-1224
-1407
-1242
-949
-676
-348
142
780
1335
1669
1941
2415
2875
2904
2361
1712
1576
1701
1393
496
-494
-1094
-1447
-1922
-2330
-2294
-1979
-1758
-1657
-1236
-274
770
1358
1467
1444
1504
1620
1597
1386
1077
707
367
131
-25
-136
-382
-891
-1490
-1981
-2255
-2323
-2328
-2251
-2040
-1700
-1137
-387
387
957
1218
1303
1376
1393
1227
874
441
32
-295
-531
-670
-767
-884
-1016
-1170
-1329
-1438
-1405
-1282
-1138
-996
-700
-133
467
935
1220
1419
1553
1461
1129
715
327
-75
-545
-966
-1106
-985
-802
-713
-658
-471
-182
70
143
109
113
158
190
196
274
427
545
521
422
384
432
424
236
6
-80
58
247
325
379
504
642
585
325
59
-134
-405
-852
-1269
-1353
-1082
-746
-495
-160
434
1125
1633
1890
2251
2829
3146
2829
2054
1543
1600
1562
888
-191
-1015
-1377
-1714
-2194
-2407
-2155
-1794
-1670
-1533
-854
250
1118
1387
1356
1434
1619
1674
1492
1205
896
505
102
-159
-268
-376
-767
-1394
-1923
-2198
-2252
-2252
-2248
-2088
-1761
-1306
-683
60
762
1214
1352
1378
1425
1390
1167
779
326
-61
-353
-558
-659
-769
-931
-1090
-1237
-1358
-1414
-1374
-1239
-1032
-821
-456
112
693
1146
1361
1437
1456
1327
1016
574
73
-394
-795
-1074
-1141
-1024
-864
-742
-629
-436
-144
96
164
118
69
110
204
284
354
421
469
460
433
399
399
358
196
9
-39
109
331
457
471
490
512
440
230
-60
-363
-713
-1113
-1374
-1325
-985
-546
-178
284
903
1567
2020
2298
2739
3170
3148
2441
1604
1371
1493
1156
133
-961
-1514
-1731
-2091
-2418
-2325
-1901
-1627
-1566
-1143
-151
940
1472
1459
1430
1603
1771
1674
1368
1043
678
191
-241
-446
-469
-675
-1273
-1908
-2255
-2265
-2178
-2167
-2063
-1758
-1310
-761
-94
653
1253
1499
1487
1431
1408
1289
967
499
17
-349
-565
-651
-677
-781
-944
-1094
-1220
-1309
-1327
-1260
-1105
-904
-676
-246
363
966
1357
1467
1465
1416
1218
816
292
-239
-703
-1103
-1370
-1367
-1150
-919
-789
-674
-413
-52
189
196
105
89
185
280
297
328
438
502
445
346
302
381
345
107
-70
-12
261
457
445
417
522
548
355
25
-295
-532
-861
-1254
-1382
-1149
-732
-350
2
578
1328
1927
2233
2559
3046
3320
2927
2034
1469
1482
1388
628
-536
-1348
-1624
-1887
-2309
-2474
-2176
-1758
-1591
-1414
-696
411
1242
1470
1433
1546
1776
1791
1530
1203
886
474
-15
-351
-444
-534
-953
-1594
-2072
-2230
-2208
-2195
-2169
-1956
-1572
-1091
-456
295
982
1399
1518
1533
1543
1445
1168
757
289
-136
-454
-618
-658
-709
-839
-982
-1094
-1185
-1241
-1255
-1191
-1056
-875
-544
-25
537
1013
1311
1468
1543
1434
1128
669
153
-333
-801
-1213
-1445
-1409
-1219
-1033
-892
-679
-306
54
227
241
243
312
374
338
289
311
369
351
232
153
206
287
219
45
-23
137
356
433
421
454
539
484
250
-35
-270
-534
-936
-1276
-1298
-1008
-628
-334
10
629
1335
1863
2134
2478
3052
3327
2916
2047
1536
1598
1497
689
-490
-1261
-1560
-1872
-2336
-2503
-2157
-1751
-1635
-1493
-780
356
1222
1435
1338
1429
1686
1752
1494
1121
814
480
46
-318
-465
-521
-855
-1490
-2046
-2266
-2212
-2176
-2187
-2029
-1651
-1117
-502
194
879
1371
1564
1559
1510
1424
1244
865
368
-90
-383
-499
-561
-654
-771
-870
-999
-1146
-1254
-1224
-1092
-972
-831
-577
-91
516
1026
1353
1501
1506
1383
1106
713
288
-212
-782
-1282
-1510
-1406
-1184
-1045
-955
-723
-349
-10
202
294
330
324
251
212
277
347
348
253
148
130
166
197
142
23
-34
60
234
392
476
533
556
453
262
57
-193
-546
-969
-1271
-1260
-1041
-789
-483
-32
629
1317
1809
2176
2677
3203
3339
2817
2012
1672
1690
1404
453
-674
-1314
-1583
-1936
-2370
-2408
-2023
-1697
-1628
-1394
-580
490
1159
1262
1226
1388
1661
1709
1484
1197
902
554
148
-166
-304
-477
-973
-1643
-2132
-2291
-2266
-2276
-2214
-1964
-1548
-1011
-347
413
1042
1384
1489
1537
1539
1395
1111
711
286
-100
-354
-441
-473
-566
-713
-863
-1008
-1141
-1223
-1202
-1131
-1050
-891
-518
40
588
1018
1307
1508
1556
1378
1049
654
237
-260
-825
-1288
-1454
-1345
-1179
-1097
-1008
-742
-365
-56
92
167
248
274
226
206
277
359
344
216
111
110
149
133
38
-55
-51
66
228
381
514
591
577
460
293
89
-227
-658
-1058
-1266
-1253
-1096
-832
-456
82
741
1378
1918
2279
2690
3198
3430
3083
2269
1684
1591
1434
681
-388
-1172
-1549
-1905
-2385
-2531
-2192
-1785
-1659
-1543
-906
192
1148
1467
1386
1393
1626
1818
1645
1222
840
546
196
-212
-534
-694
-949
-1491
-2094
-2435
-2423
-2285
-2177
-2031
-1709
-1164
-479
243
862
1289
1553
1666
1612
1462
1239
926
511
31
-279
-386
-465
-620
-808
-944
-1063
-1224
-1361
-1343
-1217
-1068
-847
-470
70
624
1056
1397
1652
1682
1482
1127
750
366
-159
-777
-1261
-1435
-1357
-1241
-1186
-1056
-731
-354
-93
42
186
350
352
206
126
240
381
346
164
57
109
162
122
13
-36
7
64
130
247
424
560
548
384
212
73
-160
-559
-995
-1252
-1272
-1136
-937
-604
-60
602
1236
1784
2255
2828
3404
3594
3208
2443
1908
1759
1458
624
-468
-1282
-1708
-2079
-2484
-2560
-2225
-1841
-1687
-1519
-854
208
1107
1428
1367
1379
1627
1870
1785
1429
1023
708
385
-21
-416
-718
-1056
-1596
-2207
-2635
-2670
-2452
-2221
-2010
-1714
-1137
-328
443
977
1304
1551
1731
1693
1423
1131
868
548
109
-281
-428
-446
-569
-842
-1105
-1251
-1320
-1386
-1427
-1349
-1152
-796
-315
184
677
1167
1613
1868
1802
1518
1216
869
372
-274
-891
-1275
-1439
-1488
-1466
-1333
-1086
-769
-459
-175
98
308
405
360
291
299
374
398
290
168
99
94
59
-25
-80
-104
-85
-36
83
273
449
517
462
363
249
92
-219
-656
-1065
-1270
-1266
-1162
-930
-590
-65
611
1236
1824
2295
2795
3348
3577
3273
2546
1967
1778
1518
755
-306
-1151
-1617
-2029
-2500
-2650
-2322
-1877
-1718
-1609
-995
123
1147
1526
1447
1459
1764
2036
1900
1439
1027
767
428
-71
-572
-825
-1036
-1536
-2229
-2715
-2708
-2429
-2212
-2088
-1802
-1187
-386
339
872
1284
1617
1800
1709
1443
1189
961
630
115
-309
-480
-522
-655
-935
-1146
-1216
-1261
-1361
-1428
-1313
-1037
-670
-296
81
560
1113
1601
1881
1825
1569
1274
906
444
-136
-714
-1169
-1481
-1620
-1595
-1428
-1161
-848
-530
-235
57
338
526
542
431
348
372
379
281
137
33
1
-55
-133
-165
-147
-95
-42
34
175
345
455
449
345
221
84
-152
-528
-903
-1123
-1149
-1060
-896
-563
-68
573
1216
1788
2251
2653
3168
3542
3463
2822
2042
1653
1445
896
-84
-1004
-1543
-1918
-2389
-2637
-2355
-1825
-1555
-1552
-1189
-211
923
1493
1429
1328
1556
1901
1879
1454
1047
853
579
17
-623
-923
-995
-1371
-2104
-2740
-2820
-2485
-2213
-2108
-1868
-1282
-492
210
704
1144
1579
1857
1782
1440
1145
978
762
308
-192
-436
-489
-603
-882
-1119
-1177
-1203
-1320
-1446
-1364
-1041
-615
-236
64
423
943
1526
1896
1871
1581
1278
988
564
-17
-580
-986
-1301
-1568
-1675
-1515
-1170
-854
-646
-436
-116
266
512
533
449
392
418
399
275
166
113
78
-55
-209
-227
-152
-95
-128
-126
29
245
368
343
250
158
51
-146
-437
-758
-981
-1068
-1025
-858
-545
-87
443
978
1503
2024
2530
3081
3480
3477
2977
2235
1787
1585
1170
298
-728
-1456
-1901
-2274
-2504
-2333
-1899
-1608
-1538
-1207
-274
855
1498
1450
1267
1400
1715
1755
1397
1031
855
643
167
-383
-638
-677
-1036
-1842
-2570
-2759
-2503
-2311
-2305
-2134
-1588
-820
-137
407
938
1448
1732
1663
1376
1164
1062
829
362
-149
-390
-406
-485
-713
-931
-1019
-1098
-1282
-1448
-1396
-1123
-814
-556
-228
250
813
1340
1671
1797
1738
1517
1184
722
189
-327
-800
-1195
-1456
-1534
-1411
-1185
-934
-664
-395
-116
131
335
424
396
345
324
342
316
242
198
164
71
-63
-153
-151
-132
-179
-186
-81
92
247
276
251
206
119
-33
-315
-669
-945
-1083
-1093
-975
-719
-263
283
817
1358
1959
2515
2954
3295
3400
3177
2523
1792
1413
1182
658
-262
-1173
-1713
-1977
-2223
-2302
-2048
-1691
-1469
-1290
-725
270
1166
1459
1318
1286
1527
1762
1590
1162
879
719
392
-163
-616
-726
-838
-1404
-2189
-2621
-2495
-2219
-2167
-2124
-1755
-1083
-443
37
528
1082
1518
1587
1358
1126
1018
913
618
175
-157
-304
-391
-544
-736
-850
-959
-1163
-1373
-1420
-1207
-887
-626
-377
-41
440
1001
1438
1668
1665
1460
1161
777
364
-56
-502
-924
-1271
-1409
-1327
-1109
-852
-651
-478
-298
-69
188
333
309
210
155
177
193
178
187
169
61
-87
-157
-81
-8
-48
-108
-66
106
254
283
240
176
109
-48
-352
-703
-957
-1041
-998
-941
-763
-347
229
841
1391
1956
2505
3021
3407
3496
3216
2571
1937
1552
1169
506
-405
-1252
-1781
-2115
-2345
-2289
-1969
-1610
-1376
-1113
-475
446
1187
1417
1303
1278
1463
1611
1476
1161
926
728
384
-87
-469
-639
-924
-1541
-2224
-2606
-2573
-2398
-2266
-2057
-1646
-1042
-387
208
715
1126
1416
1521
1383
1121
887
733
540
182
-162
-330
-373
-450
-651
-863
-1019
-1179
-1356
-1460
-1338
-1052
-734
-424
-105
384
989
1489
1751
1718
1512
1231
853
417
-15
-452
-896
-1281
-1467
-1391
-1163
-928
-749
-587
-416
-192
92
294
338
260
196
246
319
348
351
307
178
-6
-123
-89
-6
-36
-129
-137
10
212
310
265
162
38
-133
-418
-760
-1000
-1079
-1028
-931
-714
-290
337
1000
1587
2133
2670
3279
3699
3638
3074
2316
1839
1565
1021
61
-928
-1586
-1953
-2288
-2498
-2285
-1807
-1444
-1285
-946
-155
797
1346
1354
1226
1290
1533
1624
1441
1175
971
723
326
-115
-445
-695
-1151
-1830
-2426
-2696
-2642
-2469
-2250
-1936
-1481
-883
-179
503
1007
1303
1448
1491
1370
1102
820
625
415
89
-234
-418
-433
-449
-607
-865
-1110
-1283
-1370
-1392
-1353
-1165
-827
-375
71
506
1023
1557
1930
1940
1662
1286
900
465
-54
-588
-1052
-1386
-1564
-1556
-1377
-1078
-765
-515
-312
-103
196
460
539
439
308
309
368
364
278
171
54
-94
-246
-295
-221
-159
-179
-192
-76
128
303
318
231
141
-23
-306
-696
-1033
-1150
-1081
-960
-752
-387
222
1016
1689
2193
2573
3130
3803
4017
3521
2553
1906
1736
1396
490
-629
-1373
-1760
-2222
-2710
-2653
-2035
-1475
-1427
-1422
-708
524
1491
1633
1412
1488
1824
1980
1706
1366
1225
1041
485
-230
-672
-784
-1083
-1866
-2705
-3129
-3073
-2903
-2760
-2467
-1949
-1289
-623
96
827
1420
1764
1836
1690
1418
1148
907
641
214
-249
-585
-730
-733
-819
-1012
-1283
-1550
-1693
-1697
-1612
-1390
-1019
-541
-8
492
1078
1750
2304
2493
2244
1761
1237
689
19
-723
-1396
-1900
-2208
-2308
-2135
-1703
-1135
-673
-345
-6
449
902
1064
913
673
551
503
384
201
42
-84
-258
-469
-564
-454
-270
-195
-212
-154
117
400
486
417
288
164
-91
-559
-980
-1136
-1164
-1124
-1017
-655
20
783
1539
2241
2860
3322
3861
4434
4604
4051
2926
2091
1806
1390
411
-844
-1761
-2261
-2748
-3166
-2963
-2222
-1590
-1461
-1316
-421
949
1888
1889
1583
1659
1991
2013
1574
1252
1280
1118
417
-408
-719
-651
-1057
-2074
-3002
-3284
-3095
-3005
-2941
-2528
-1802
-1079
-544
35
839
1589
1893
1690
1293
1058
955
751
342
-115
-431
-636
-805
-932
-961
-1001
-1256
-1625
-1856
-1816
-1590
-1291
-894
-402
56
488
1060
1736
2214
2213
1802
1301
826
288
-363
-995
-1469
-1799
-2000
-1970
-1609
-997
-436
-112
129
473
885
1114
1013
784
616
470
276
92
27
5
-195
-494
-607
-472
-311
-314
-329
-156
152
400
540
643
705
625
347
-39
-417
-752
-1045
-1290
-1325
-1070
-573
-20
511
1145
1917
2696
3179
3645
4146
4350
3884
2848
2128
1964
1675
663
-710
-1705
-2180
-2582
-2994
-2932
-2364
-1823
-1673
-1384
-432
864
1686
1623
1411
1544
1845
1836
1454
1223
1230
1052
409
-245
-442
-405
-853
-1911
-2857
-3135
-2961
-2929
-2969
-2690
-1984
-1241
-738
-148
717
1552
1833
1534
1182
1128
1143
876
364
-92
-320
-488
-683
-820
-840
-880
-1140
-1503
-1717
-1629
-1420
-1181
-869
-481
-25
415
921
1463
1836
1846
1614
1289
854
285
-356
-840
-1138
-1420
-1663
-1657
-1348
-901
-562
-313
68
492
709
667
573
609
618
396
69
-58
-22
-103
-390
-619
-558
-399
-419
-497
-328
88
408
445
475
724
961
812
331
-100
-319
-567
-1068
-1486
-1426
-992
-550
-287
123
952
1878
2557
2961
3536
4277
4559
4006
2999
2458
2443
2133
1019
-441
-1484
-2013
-2492
-2932
-2910
-2454
-2051
-1930
-1571
-555
681
1385
1373
1281
1465
1700
1728
1581
1546
1536
1200
611
202
116
-9
-696
-1789
-2632
-2972
-3048
-3187
-3211
-2888
-2333
-1825
-1326
-490
569
1334
1479
1292
1213
1323
1268
917
507
147
-141
-468
-723
-758
-707
-831
-1243
-1637
-1768
-1645
-1496
-1463
-1263
-777
-191
280
651
1130
1690
1955
1809
1454
1058
617
25
-529
-876
-1118
-1349
-1481
-1329
-929
-513
-165
163
436
550
518
505
543
454
202
-34
-65
-51
-186
-372
-457
-414
-445
-541
-496
-217
94
224
292
517
868
1042
834
451
179
-75
-527
-1122
-1492
-1387
-1079
-861
-630
-54
915
1835
2489
2924
3513
4229
4451
3966
3036
2399
2304
2015
1009
-330
-1357
-1818
-2144
-2583
-2713
-2378
-1928
-1717
-1481
-750
345
1209
1391
1279
1367
1645
1845
1761
1581
1480
1286
832
348
62
-87
-573
-1550
-2447
-2871
-2927
-2999
-3091
-2897
-2435
-1970
-1513
-783
175
916
1147
1082
1095
1228
1218
973
652
324
34
-323
-625
-699
-719
-876
-1271
-1679
-1827
-1745
-1647
-1575
-1288
-802
-307
55
401
960
1542
1794
1715
1457
1147
768
248
-179
-463
-765
-1072
-1262
-1186
-895
-582
-306
-26
195
291
337
431
523
482
299
103
13
-72
-206
-338
-437
-450
-500
-545
-419
-133
220
424
487
629
858
943
758
430
190
-43
-510
-1085
-1396
-1269
-969
-741
-477
89
950
1692
2210
2645
3153
3819
4102
3744
2977
2276
2084
1957
1290
185
-826
-1400
-1783
-2240
-2487
-2263
-1838
-1651
-1614
-1156
-171
826
1241
1133
1118
1356
1629
1648
1456
1339
1252
945
491
149
9
-238
-983
-1926
-2571
-2772
-2793
-2904
-2940
-2696
-2263
-1777
-1181
-390
400
882
1001
978
1061
1171
1115
896
554
202
-95
-352
-481
-551
-683
-988
-1408
-1704
-1752
-1621
-1458
-1232
-903
-526
-149
240
754
1338
1684
1660
1412
1124
846
526
132
-245
-580
-855
-999
-958
-780
-549
-300
-85
98
207
271
356
371
262
80
-68
-143
-207
-328
-473
-514
-485
-466
-458
-368
-144
129
314
411
568
745
791
621
361
212
47
-362
-912
-1239
-1161
-926
-806
-637
-150
628
1328
1833
2289
2864
3570
3922
3719
3120
2524
2345
2239
1642
606
-440
-1093
-1502
-1980
-2318
-2216
-1867
-1697
-1664
-1256
-321
671
1118
1061
1097
1384
1688
1750
1587
1486
1420
1164
784
481
318
1
-776
-1737
-2412
-2714
-2906
-3114
-3193
-2980
-2581
-2111
-1485
-660
150
658
873
959
1104
1240
1168
950
666
373
75
-251
-483
-569
-680
-1008
-1481
-1830
-1885
-1786
-1707
-1591
-1237
-735
-330
7
438
1071
1597
1683
1450
1181
987
751
416
55
-235
-469
-677
-761
-650
-416
-183
-17
48
71
92
147
227
200
35
-175
-276
-291
-324
-386
-447
-413
-330
-269
-186
0
247
456
544
587
720
832
789
574
340
119
-214
-653
-1057
-1199
-1143
-1042
-877
-534
95
815
1475
2043
2596
3348
3968
4073
3584
2900
2647
2624
2095
943
-285
-1076
-1514
-2052
-2498
-2463
-2083
-1820
-1781
-1433
-538
482
1012
986
972
1217
1565
1720
1632
1587
1614
1497
1189
864
648
321
-474
-1516
-2373
-2885
-3187
-3453
-3568
-3400
-3022
-2506
-1796
-876
-2
573
885
1069
1245
1334
1241
1076
853
541
192
-141
-320
-396
-567
-946
-1445
-1773
-1875
-1910
-1970
-1878
-1482
-985
-648
-345
238
1049
1619
1681
1516
1461
1433
1183
744
364
106
-195
-527
-688
-569
-363
-271
-236
-128
23
86
61
58
91
21
-177
-329
-342
-308
-392
-518
-497
-361
-249
-231
-139
118
423
588
639
770
918
941
769
496
277
-14
-555
-1117
-1429
-1443
-1283
-1181
-965
-393
390
1180
1845
2375
3121
3973
4372
4129
3446
2966
2929
2667
1716
446
-578
-1223
-1800
-2434
-2723
-2468
-2159
-2091
-1933
-1255
-135
780
1037
1046
1250
1629
1912
1867
1767
1817
1811
1546
1114
772
509
-60
-1102
-2230
-3001
-3422
-3714
-3939
-3954
-3625
-3075
-2404
-1535
-547
332
923
1182
1328
1496
1559
1478
1234
866
482
103
-230
-454
-652
-987
-1432
-1841
-2081
-2137
-2137
-2033
-1702
-1269
-874
-513
-30
676
1375
1754
1838
1823
1753
1574
1260
899
570
203
-221
-564
-718
-688
-550
-401
-286
-224
-170
-26
188
288
168
-60
-183
-210
-299
-435
-514
-448
-367
-404
-415
-197
183
479
545
561
754
1033
1121
905
590
367
78
-470
-1126
-1551
-1616
-1587
-1578
-1407
-839
36
853
1530
2163
2782
3538
4177
4390
4065
3337
2886
2795
2480
1582
378
-606
-1268
-1960
-2642
-2864
-2599
-2340
-2341
-2194
-1407
-117
897
1232
1352
1645
2102
2385
2298
2216
2278
2123
1573
884
428
142
-532
-1732
-2907
-3572
-3827
-4005
-4154
-4039
-3560
-2924
-2211
-1297
-263
671
1234
1431
1545
1700
1819
1768
1432
884
322
-162
-515
-793
-1108
-1485
-1917
-2278
-2472
-2462
-2267
-1967
-1554
-1152
-743
-248
375
1121
1733
2071
2192
2181
2043
1746
1322
902
464
-35
-539
-941
-1059
-920
-662
-458
-359
-260
-61
241
391
266
25
-154
-246
-381
-564
-583
-406
-308
-351
-388
-142
330
601
590
536
724
1049
1172
1021
801
639
362
-202
-902
-1381
-1558
-1644
-1786
-1787
-1342
-493
444
1143
1776
2487
3478
4480
4838
4498
3760
3346
3319
2955
1890
556
-488
-1232
-2059
-2895
-3123
-2741
-2418
-2525
-2515
-1685
-290
803
1093
1121
1479
2048
2430
2413
2401
2577
2539
1967
1186
657
349
-351
-1721
-3128
-3969
-4221
-4353
-4549
-4459
-3922
-3125
-2333
-1481
-444
616
1340
1537
1529
1645
1869
1933
1630
1045
511
77
-286
-611
-982
-1363
-1819
-2295
-2607
-2680
-2489
-2207
-1878
-1425
-880
-225
462
1180
1886
2364
2525
2527
2390
2114
1634
1025
510
47
-457
-960
-1243
-1201
-922
-681
-566
-441
-220
59
229
211
40
-115
-222
-365
-499
-564
-432
-281
-319
-415
-256
158
492
556
532
736
1045
1181
1056
907
794
461
-233
-998
-1476
-1693
-1876
-2127
-2102
-1602
-725
266
1148
1982
2841
3911
4857
5212
4859
4103
3714
3596
3020
1752
294
-769
-1455
-2239
-3038
-3257
-2906
-2504
-2430
-2262
-1401
-75
929
1162
1212
1670
2342
2717
2624
2595
2814
2820
2260
1419
793
312
-646
-2185
-3609
-4432
-4743
-4968
-5143
-4903
-4147
-3195
-2293
-1315
-218
841
1517
1677
1688
1798
1922
1869
1528
1014
560
115
-295
-602
-931
-1361
-1959
-2525
-2834
-2899
-2830
-2668
-2242
-1600
-895
-222
461
1357
2268
2810
2897
2816
2742
2507
1908
1146
568
111
-432
-1068
-1421
-1307
-1041
-909
-867
-668
-335
-72
25
20
17
-36
-159
-321
-418
-421
-321
-240
-261
-254
-98
268
537
625
698
906
1185
1249
1052
772
488
59
-565
-1311
-1905
-2232
-2299
-2131
-1862
-1400
-548
657
1877
2749
3374
4305
5317
5596
4826
3717
3327
3410
2800
1264
-267
-1049
-1409
-2135
-3002
-3167
-2652
-2280
-2404
-2258
-1197
301
1182
1188
1289
1982
2769
2989
2701
2615
2817
2632
1818
945
420
-48
-1128
-2699
-3924
-4454
-4640
-4875
-4983
-4625
-3828
-2959
-2149
-1151
-7
916
1356
1409
1482
1756
1915
1750
1382
990
655
244
-226
-590
-916
-1406
-2116
-2735
-2987
-2938
-2832
-2640
-2146
-1420
-689
-63
683
1615
2385
2685
2713
2708
2616
2226
1547
933
506
71
-475
-996
-1249
-1218
-1118
-1025
-881
-638
-387
-204
-82
23
94
54
-67
-203
-319
-384
-380
-353
-309
-254
-123
162
523
814
983
1106
1250
1303
1121
733
248
-243
-818
-1492
-2070
-2326
-2220
-1906
-1560
-1042
-104
1113
2265
3046
3828
4850
5574
5377
4313
3521
3511
3376
2179
320
-1053
-1552
-1917
-2648
-3145
-2926
-2385
-2179
-2131
-1473
-146
1002
1261
1116
1408
2188
2801
2763
2523
2603
2721
2363
1590
909
455
-376
-1879
-3444
-4422
-4732
-4917
-5179
-5119
-4483
-3476
-2458
-1504
-453
645
1354
1518
1406
1441
1678
1705
1351
886
663
563
295
-137
-506
-782
-1311
-2116
-2809
-3047
-2976
-2932
-2791
-2261
-1350
-433
308
1043
1918
2678
2997
2937
2663
2349
1895
1299
694
148
-315
-741
-1072
-1212
-1151
-1002
-828
-678
-540
-384
-212
-32
43
-21
-140
-179
-172
-242
-385
-464
-358
-209
-153
-75
203
627
934
1006
991
1091
1157
935
422
-186
-701
-1152
-1676
-2196
-2397
-2178
-1630
-1046
-379
584
1757
2810
3611
4461
5273
5552
4866
3762
3221
3173
2690
1286
-386
-1444
-1880
-2268
-2671
-2701
-2375
-2098
-2011
-1606
-574
654
1338
1344
1357
1805
2460
2774
2694
2596
2598
2375
1765
1101
624
41
-1143
-2701
-3945
-4506
-4655
-4849
-4941
-4590
-3768
-2815
-1923
-956
169
1109
1435
1281
1122
1269
1445
1259
794
442
338
247
-8
-353
-596
-925
-1605
-2417
-2986
-3067
-2934
-2904
-2699
-2030
-1019
-49
687
1430
2290
2906
3022
2781
2466
2094
1510
798
173
-254
-631
-994
-1144
-1090
-960
-859
-732
-466
-240
-161
-118
14
170
174
25
-80
-57
-82
-232
-417
-412
-243
-102
-13
183
580
935
1072
1013
983
1000
799
240
-451
-1006
-1434
-1809
-2123
-2120
-1738
-1243
-684
135
1303
2506
3307
3931
4734
5418
5300
4281
3336
3111
2930
1928
269
-1046
-1564
-1910
-2476
-2819
-2530
-2004
-1852
-1850
-1224
86
1182
1361
1142
1406
2163
2713
2605
2346
2466
2582
2134
1276
659
382
-309
-1797
-3385
-4215
-4337
-4489
-4881
-4935
-4223
-3135
-2279
-1580
-597
589
1396
1428
1096
1053
1253
1287
929
463
313
336
203
-137
-484
-696
-1041
-1760
-2597
-3114
-3132
-2949
-2829
-2536
-1781
-686
316
1025
1660
2371
2899
2967
2577
2044
1549
1033
485
-68
-502
-801
-955
-940
-832
-719
-565
-365
-209
-154
-133
7
218
279
158
32
34
96
34
-153
-292
-301
-214
-128
2
274
647
944
1043
1053
1082
1027
718
115
-576
-1120
-1603
-2000
-2204
-2098
-1700
-1216
-567
464
1734
2781
3411
4065
5004
5626
5203
3959
3072
2935
2616
1353
-342
-1443
-1817
-2247
-2884
-3018
-2430
-1795
-1722
-1722
-918
500
1470
1477
1221
1595
2391
2768
2509
2285
2518
2626
1990
972
370
157
-591
-2207
-3788
-4440
-4382
-4481
-4849
-4755
-3857
-2699
-1917
-1277
-247
989
1639
1406
956
976
1264
1188
663
211
183
259
53
-329
-601
-771
-1173
-1951
-2724
-3037
-2898
-2698
-2634
-2341
-1482
-290
691
1297
1825
2482
2965
2938
2506
1937
1422
878
272
-272
-678
-951
-1093
-1100
-982
-774
-510
-281
-161
-144
-71
120
294
293
148
55
25
-7
-101
-195
-253
-269
-246
-122
144
480
786
938
998
1030
1032
867
467
-84
-658
-1181
-1679
-2042
-2138
-1958
-1629
-1175
-490
551
1711
2628
3179
3808
4766
5468
5261
4139
3189
3042
2913
1924
309
-1006
-1645
-2189
-2915
-3242
-2831
-2239
-2090
-2042
-1319
118
1338
1661
1556
1796
2381
2727
2553
2350
2468
2449
1821
906
408
305
-276
-1740
-3267
-4006
-4132
-4373
-4809
-4757
-3945
-3028
-2461
-1810
-607
797
1499
1310
1005
1214
1564
1417
849
406
338
248
-166
-577
-667
-707
-1144
-2001
-2713
-2839
-2606
-2454
-2383
-2123
-1487
-627
180
966
1764
2407
2687
2581
2260
1966
1648
1208
625
-40
-550
-798
-853
-843
-825
-744
-562
-382
-254
-105
77
197
184
96
27
-23
-96
-196
-273
-332
-365
-335
-238
-32
224
493
740
921
1025
1092
1037
782
421
-17
-480
-1025
-1629
-2034
-2098
-1988
-1821
-1462
-737
455
1665
2485
3045
3849
5025
5811
5487
4290
3411
3241
2904
1699
67
-1098
-1707
-2373
-3129
-3239
-2580
-1935
-1876
-1921
-1193
166
1217
1431
1328
1613
2181
2545
2494
2463
2651
2612
1972
1071
522
228
-522
-2001
-3458
-4225
-4428
-4625
-4844
-4586
-3773
-2886
-2237
-1473
-294
928
1494
1330
1082
1193
1374
1187
739
414
322
146
-283
-655
-747
-828
-1282
-2090
-2730
-2831
-2585
-2439
-2366
-1942
-1136
-262
358
891
1667
2451
2756
2558
2118
1751
1461
1041
513
-37
-465
-776
-956
-952
-790
-530
-344
-307
-269
-138
115
345
373
285
210
136
71
-10
-71
-103
-205
-326
-314
-91
218
502
668
806
977
1114
1091
820
434
-37
-556
-1222
-1913
-2294
-2310
-2165
-2014
-1664
-764
645
1896
2638
3124
3983
5190
5799
5214
3963
3214
3102
2633
1285
-274
-1220
-1669
-2336
-3116
-3186
-2461
-1789
-1774
-1849
-1088
311
1359
1511
1377
1721
2373
2718
2555
2443
2626
2588
1863
877
294
17
-713
-2187
-3574
-4239
-4367
-4541
-4742
-4423
-3587
-2700
-2050
-1272
-110
1010
1469
1276
1073
1210
1348
1067
579
300
236
43
-399
-716
-735
-807
-1296
-2045
-2550
-2570
-2379
-2259
-2033
-1563
-889
-237
370
1104
1891
2438
2504
2194
1787
1497
1231
842
326
-223
-622
-842
-854
-729
-577
-448
-374
-281
-153
-26
108
214
234
169
24
-73
-90
-147
-249
-365
-396
-325
-218
-34
245
560
826
993
1109
1210
1132
842
407
-108
-654
-1264
-1830
-2113
-2075
-1909
-1667
-1147
-56
1307
2359
2892
3519
4660
5618
5434
4147
3093
2962
2846
1716
-60
-1274
-1645
-2005
-2744
-3107
-2527
-1677
-1493
-1724
-1308
8
1255
1480
1131
1238
1921
2480
2392
2159
2321
2466
1982
1033
384
192
-280
-1557
-3065
-3928
-4077
-4126
-4335
-4311
-3717
-2757
-1959
-1314
-447
627
1390
1427
1050
917
1099
1067
576
13
-136
-38
-184
-572
-830
-842
-985
-1542
-2213
-2520
-2385
-2102
-1919
-1711
-1226
-461
372
1074
1647
2123
2384
2268
1834
1377
1076
756
237
-387
-811
-882
-773
-684
-641
-571
-386
-127
82
172
161
163
247
296
221
77
-41
-130
-312
-518
-571
-426
-247
-199
-121
190
651
1000
1123
1115
1104
1011
685
177
-351
-845
-1358
-1808
-2019
-1815
-1353
-900
-236
776
1950
2919
3730
4642
5362
5258
4237
3277
2999
2761
1686
-47
-1449
-2024
-2270
-2619
-2715
-2263
-1610
-1335
-1336
-883
252
1305
1472
995
833
1404
2089
2219
1990
1978
2128
1884
1184
562
261
-262
-1466
-2986
-4000
-4183
-4066
-4130
-4204
-3802
-2802
-1694
-887
-182
691
1450
1615
1196
840
905
980
575
-157
-541
-401
-157
-258
-639
-879
-986
-1280
-1829
-2305
-2378
-2199
-2105
-1863
-1261
-384
496
1052
1506
1973
2275
2319
2024
1416
750
165
-253
-532
-838
-1091
-1135
-952
-668
-409
-198
15
274
420
351
288
324
489
567
307
-31
-159
-171
-264
-523
-715
-542
-284
-181
-77
264
799
1143
1075
863
844
806
394
-351
-1037
-1345
-1424
-1579
-1615
-1243
-506
354
1076
1848
2790
3839
4678
4885
4484
3738
3201
2916
2364
1279
-90
-1197
-1847
-2277
-2555
-2455
-2025
-1576
-1360
-1171
-535
489
1350
1525
1216
1116
1535
2059
2154
1921
1776
1780
1570
1014
411
42
-424
-1388
-2642
-3625
-3902
-3754
-3714
-3797
-3579
-2728
-1555
-624
-30
571
1243
1593
1342
854
640
637
408
-201
-731
-796
-536
-402
-619
-939
-1163
-1339
-1654
-2072
-2306
-2256
-2040
-1676
-1179
-522
295
1046
1637
2003
2111
2031
1742
1165
426
-270
-753
-979
-1123
-1266
-1272
-1013
-533
-65
193
287
430
657
751
597
388
382
531
502
178
-123
-145
-98
-315
-696
-778
-432
-75
3
40
428
1032
1280
1032
703
614
475
-135
-962
-1418
-1361
-1192
-1197
-1032
-256
840
1707
2298
3154
4433
5254
4943
3861
3134
3126
2877
1695
30
-1210
-1798
-2223
-2674
-2722
-2217
-1645
-1416
-1278
-697
320
1184
1394
1180
1077
1285
1681
1958
2035
2017
1858
1565
1271
979
507
-302
-1385
-2410
-3214
-3804
-4098
-4030
-3671
-3292
-2888
-2108
-857
374
995
1126
1262
1497
1478
1010
451
170
21
-325
-753
-866
-566
-298
-479
-991
-1443
-1658
-1846
-2149
-2478
-2564
-2246
-1565
-782
-60
701
1491
2193
2515
2349
1946
1492
875
-14
-937
-1561
-1747
-1736
-1732
-1636
-1233
-538
96
442
512
573
758
876
750
441
268
361
471
315
18
-112
-67
-159
-489
-695
-514
-98
127
142
346
796
1142
1105
785
487
169
-357
-964
-1292
-1274
-1148
-1025
-672
204
1350
2279
2967
3874
4933
5401
4767
3628
3102
3129
2588
1030
-706
-1652
-1915
-2305
-2831
-2805
-2149
-1575
-1471
-1275
-381
886
1546
1350
1066
1296
1813
2078
1971
1874
1896
1701
1258
845
605
184
-816
-2092
-3045
-3480
-3695
-3937
-4001
-3650
-3012
-2315
-1539
-505
601
1302
1423
1305
1376
1447
1123
456
-133
-378
-505
-757
-947
-833
-595
-625
-1037
-1513
-1743
-1832
-2048
-2373
-2444
-1965
-1129
-404
115
748
1635
2420
2630
2272
1725
1176
465
-456
-1297
-1820
-2048
-2147
-2125
-1792
-1134
-372
217
520
688
869
1033
1046
858
593
377
240
156
94
32
-88
-262
-404
-422
-310
-133
68
272
489
702
883
1015
975
693
214
-382
-917
-1206
-1269
-1175
-993
-686
11
1054
2064
2856
3691
4685
5353
5050
3940
3160
3128
2932
1710
-159
-1549
-1993
-2200
-2646
-2871
-2567
-2014
-1739
-1602
-944
312
1354
1507
1135
1067
1587
2144
2218
1984
1836
1692
1328
875
532
233
-496
-1751
-2955
-3634
-3763
-3725
-3754
-3669
-3256
-2488
-1518
-514
442
1211
1630
1655
1503
1430
1359
1038
407
-271
-658
-716
-666
-671
-737
-800
-932
-1225
-1584
-1818
-1916
-2060
-2268
-2173
-1493
-560
213
740
1270
1996
2523
2487
1992
1291
550
-243
-1093
-1796
-2173
-2277
-2251
-2067
-1608
-860
-77
403
576
719
936
1056
922
623
420
321
135
-89
-142
1
79
-146
-397
-313
41
304
299
349
653
979
1005
762
516
297
-123
-802
-1346
-1403
-1039
-738
-555
-115
816
1982
2868
3701
4642
5301
5030
3921
3177
3193
3077
1871
-82
-1598
-2211
-2472
-2840
-3015
-2769
-2339
-2118
-1867
-1023
318
1354
1497
1213
1241
1723
2168
2196
2066
1941
1626
1056
590
446
288
-459
-1786
-2965
-3572
-3710
-3737
-3747
-3550
-3075
-2363
-1453
-341
773
1555
1850
1815
1725
1666
1462
1043
505
-72
-559
-841
-811
-598
-536
-741
-1085
-1355
-1515
-1672
-1861
-2033
-2092
-1922
-1392
-608
208
939
1536
2013
2295
2263
1896
1267
480
-372
-1235
-1966
-2370
-2410
-2245
-2019
-1683
-1127
-405
183
475
593
701
822
794
567
342
268
247
119
-101
-172
-7
87
-66
-231
-85
282
524
550
607
894
1114
944
452
-44
-399
-757
-1151
-1405
-1250
-821
-338
239
1057
2140
3306
4442
5178
5292
4720
3871
3465
3286
2628
1166
-570
-1817
-2405
-2718
-2948
-2886
-2612
-2392
-2260
-1845
-818
473
1188
1125
985
1343
2050
2430
2296
2071
1947
1619
973
388
94
-191
-1061
-2391
-3427
-3793
-3692
-3607
-3601
-3372
-2715
-1808
-841
157
1084
1798
2054
1898
1689
1601
1475
1091
433
-241
-616
-697
-636
-602
-663
-806
-1050
-1386
-1712
-1856
-1868
-1921
-2021
-1929
-1289
-272
633
1261
1687
2115
2473
2389
1816
1039
284
-433
-1262
-2120
-2641
-2664
-2415
-2160
-1895
-1437
-747
-114
231
403
602
802
860
710
525
481
446
311
89
-109
-126
-46
-29
-51
35
280
554
667
651
720
832
728
326
-213
-707
-1038
-1249
-1296
-1044
-563
74
843
1700
2654
3894
5114
5677
5308
4296
3627
3555
3223
2022
286
-1243
-2160
-2685
-3071
-3104
-2793
-2502
-2441
-2253
-1494
-212
879
1135
983
1066
1592
2222
2478
2434
2277
1919
1327
751
343
-68
-824
-1972
-3107
-3894
-4203
-4124
-3838
-3512
-3166
-2554
-1527
-219
938
1656
2029
2214
2231
2011
1613
1239
917
391
-312
-856
-901
-579
-472
-716
-1050
-1233
-1351
-1628
-1930
-2068
-1993
-1846
-1580
-964
-44
950
1692
2084
2332
2516
2403
1863
954
-9
-766
-1437
-2087
-2551
-2642
-2449
-2135
-1800
-1395
-871
-436
-189
1
244
504
654
610
525
546
543
434
266
149
101
-20
-142
-86
175
466
574
612
733
873
828
480
-2
-463
-884
-1251
-1489
-1351
-821
-85
710
1507
2427
3675
5067
5901
5781
4842
3924
3630
3405
2486
898
-723
-1830
-2451
-2912
-3028
-2739
-2417
-2346
-2332
-1820
-704
456
928
803
784
1198
1829
2252
2390
2449
2286
1644
856
353
28
-631
-1914
-3262
-4053
-4324
-4375
-4276
-3870
-3227
-2547
-1816
-784
535
1688
2223
2216
2137
2183
2126
1688
1047
494
80
-317
-687
-782
-665
-633
-872
-1256
-1502
-1564
-1616
-1815
-2012
-2003
-1660
-994
-230
533
1258
1831
2194
2348
2261
1972
1401
512
-481
-1344
-1893
-2187
-2377
-2500
-2452
-2132
-1659
-1210
-891
-657
-416
-191
8
244
493
672
714
628
574
583
555
437
251
116
81
151
349
608
788
823
781
743
641
288
-291
-914
-1307
-1415
-1370
-1123
-531
418
1488
2412
3393
4773
6046
6387
5533
4329
3834
3722
2947
1261
-549
-1728
-2361
-2902
-3254
-3051
-2519
-2250
-2312
-2063
-1073
180
762
553
404
827
1513
1934
2079
2319
2490
2105
1281
625
292
-264
-1516
-3103
-4199
-4593
-4677
-4696
-4476
-3828
-2938
-2079
-1145
116
1446
2317
2515
2400
2400
2406
2087
1500
914
398
-52
-429
-578
-500
-524
-790
-1168
-1427
-1541
-1561
-1651
-1842
-1879
-1635
-1032
-282
386
1022
1639
2116
2347
2275
1931
1413
738
-43
-837
-1538
-1994
-2197
-2299
-2375
-2265
-1895
-1447
-1179
-1134
-1026
-702
-331
-99
15
161
425
598
557
473
480
541
451
175
9
145
454
693
742
731
765
768
625
274
-245
-775
-1248
-1520
-1477
-1177
-529
306
1217
2199
3455
5020
6176
6320
5474
4581
4275
3999
2986
1315
-345
-1508
-2266
-2834
-2916
-2510
-2111
-2108
-2219
-1770
-657
412
667
319
195
619
1239
1621
1825
2160
2373
2032
1362
876
603
-4
-1391
-3069
-4238
-4698
-4809
-4897
-4776
-4220
-3309
-2295
-1244
-11
1268
2161
2456
2393
2385
2463
2273
1722
1020
419
7
-279
-434
-507
-622
-875
-1220
-1542
-1695
-1648
-1619
-1747
-1868
-1621
-867
35
676
1132
1598
2092
2395
2322
1967
1401
648
-193
-973
-1557
-1895
-2090
-2252
-2343
-2199
-1805
-1347
-1055
-1017
-985
-823
-597
-367
-195
-38
123
238
284
319
399
466
408
232
134
249
506
758
927
1002
984
875
692
440
-23
-681
-1245
-1521
-1469
-1243
-798
-6
1035
2083
3219
4642
5902
6365
5715
4679
4217
4053
3303
1679
-145
-1407
-2059
-2537
-2801
-2570
-2091
-1840
-1885
-1661
-760
380
817
452
82
281
936
1430
1612
1800
1984
1861
1443
1099
889
360
-891
-2549
-3870
-4538
-4800
-4914
-4862
-4522
-3826
-2875
-1695
-315
962
1845
2228
2343
2437
2472
2269
1815
1242
633
92
-253
-304
-242
-354
-737
-1167
-1386
-1465
-1518
-1644
-1797
-1831
-1605
-1001
-190
620
1304
1790
2103
2277
2313
2134
1587
689
-277
-1079
-1630
-1972
-2169
-2242
-2227
-2093
-1772
-1298
-895
-754
-791
-793
-643
-458
-362
-315
-186
-21
30
-35
-45
132
279
205
44
83
439
862
1103
1165
1202
1224
1095
728
154
-467
-973
-1373
-1614
-1549
-1000
-79
863
1703
2739
4348
5909
6473
5783
4708
4285
4194
3442
1790
22
-1156
-1867
-2472
-2768
-2405
-1766
-1550
-1791
-1698
-786
365
773
312
-132
20
511
872
1109
1513
1849
1655
1100
814
882
632
-487
-2129
-3429
-4091
-4442
-4739
-4800
-4452
-3808
-3067
-2174
-916
514
1587
2012
2044
2098
2233
2180
1788
1233
716
274
-28
-98
-24
14
-170
-568
-962
-1206
-1267
-1305
-1463
-1663
-1575
-969
-141
544
1055
1511
1991
2288
2238
1951
1485
839
43
-815
-1487
-1783
-1794
-1805
-1911
-1890
-1552
-1017
-704
-767
-906
-850
-602
-449
-521
-570
-410
-208
-222
-405
-441
-249
-150
-285
-403
-172
333
774
1002
1185
1437
1587
1425
933
319
-295
-858
-1410
-1795
-1798
-1351
-533
434
1448
2546
3963
5400
6163
5879
4926
4272
4036
3468
2141
447
-915
-1737
-2255
-2511
-2257
-1684
-1313
-1352
-1301
-625
418
971
595
13
-74
287
620
695
909
1275
1294
873
503
535
531
-193
-1601
-2926
-3670
-3994
-4253
-4461
-4388
-3918
-3201
-2362
-1295
-67
1070
1762
1929
1912
1939
1943
1717
1222
603
117
-90
-40
99
101
-1
-148
-353
-653
-896
-977
-1057
-1281
-1501
-1216
-406
454
1028
1350
1686
2115
2329
2111
1588
924
267
-468
-1251
-1753
-1786
-1598
-1569
-1679
-1540
-988
-441
-399
-702
-831
-625
-364
-419
-634
-601
-368
-301
-550
-810
-701
-427
-459
-694
-652
-117
589
999
1152
1356
1648
1733
1387
729
-5
-643
-1202
-1742
-1942
-1662
-956
-90
755
1673
2894
4506
5749
6012
5236
4214
3847
3750
3044
1545
-87
-1199
-1816
-2256
-2366
-1944
-1363
-1209
-1417
-1231
-318
796
1099
492
-65
-33
393
636
653
848
1099
937
460
250
391
344
-482
-1847
-2964
-3541
-3787
-4009
-4185
-4081
-3601
-2919
-2081
-988
256
1325
1816
1808
1726
1789
1789
1473
871
247
-94
-155
-35
88
167
215
135
-154
-527
-679
-658
-760
-1116
-1343
-987
-236
416
793
1167
1659
2055
2020
1588
1125
694
174
-568
-1300
-1596
-1447
-1301
-1405
-1437
-1084
-546
-365
-576
-679
-443
-236
-381
-699
-799
-575
-491
-766
-1069
-1053
-754
-635
-793
-798
-294
420
905
1132
1373
1758
1927
1613
989
378
-197
-804
-1456
-1900
-1837
-1367
-646
208
1188
2317
3684
4978
5654
5485
4705
4138
3931
3461
2289
667
-720
-1594
-2089
-2322
-2177
-1745
-1402
-1328
-1160
-531
400
946
649
65
-117
148
440
510
676
995
1069
760
488
550
529
-131
-1397
-2608
-3354
-3793
-4160
-4406
-4299
-3819
-3162
-2414
-1412
-132
1051
1662
1711
1642
1706
1672
1271
688
191
-61
-122
-83
64
231
364
374
165
-159
-395
-481
-624
-934
-1123
-936
-428
110
554
1048
1535
1834
1817
1492
1065
668
261
-241
-827
-1217
-1192
-991
-903
-905
-751
-441
-316
-529
-770
-704
-474
-456
-720
-914
-767
-545
-632
-970
-1147
-995
-828
-892
-923
-550
154
748
1090
1366
1713
1989
1866
1396
759
55
-678
-1357
-1803
-1808
-1483
-955
-292
572
1652
2919
4318
5296
5470
4782
3977
3804
3818
3176
1719
116
-983
-1621
-2056
-2167
-1869
-1512
-1454
-1525
-1122
-151
808
967
435
41
136
462
572
604
830
975
694
263
224
453
226
-796
-2071
-2936
-3382
-3734
-4090
-4188
-3885
-3375
-2853
-2099
-887
472
1372
1524
1406
1537
1742
1538
957
390
46
-131
-272
-241
15
290
364
154
-166
-318
-295
-342
-645
-978
-920
-503
6
402
773
1238
1543
1557
1325
979
660
284
-230
-798
-1112
-1016
-759
-661
-715
-592
-227
-30
-221
-525
-627
-518
-557
-828
-1026
-969
-785
-814
-1050
-1163
-995
-789
-808
-878
-647
-64
551
978
1298
1636
1889
1882
1570
1036
436
-224
-907
-1464
-1687
-1497
-1002
-394
333
1237
2361
3767
4892
5247
4762
4010
3795
3870
3409
2173
663
-547
-1368
-1914
-2128
-1902
-1571
-1513
-1555
-1189
-259
769
1142
753
343
298
497
611
607
761
881
631
237
158
369
256
-589
-1822
-2761
-3281
-3679
-4067
-4204
-3952
-3470
-3011
-2405
-1269
119
1125
1387
1321
1459
1651
1483
933
404
61
-168
-372
-424
-177
130
212
31
-223
-339
-290
-360
-523
-650
-685
-539
-239
273
895
1326
1460
1443
1287
962
597
296
-49
-551
-1066
-1186
-839
-503
-448
-472
-378
-210
-232
-479
-605
-521
-456
-623
-864
-861
-566
-428
-670
-986
-1034
-833
-719
-748
-664
-243
331
826
1181
1466
1741
1827
1539
1005
435
-137
-762
-1360
-1679
-1529
-1070
-419
337
1206
2075
3166
4410
5128
4975
4080
3453
3468
3396
2607
1257
-47
-984
-1620
-2039
-2101
-1794
-1530
-1524
-1457
-901
148
1021
1082
699
503
627
797
758
785
926
861
448
83
124
222
-169
-1180
-2273
-2969
-3417
-3820
-4139
-4070
-3619
-3181
-2781
-1986
-666
632
1260
1287
1343
1587
1592
1154
617
233
-26
-321
-586
-513
-175
123
72
-299
-560
-533
-435
-587
-848
-756
-356
47
316
647
1189
1629
1675
1406
991
580
190
-250
-710
-1079
-1137
-964
-734
-525
-302
3
185
107
-146
-392
-443
-402
-484
-696
-839
-718
-531
-553
-764
-869
-810
-801
-870
-838
-509
11
490
909
1257
1571
1771
1666
1275
679
9
-591
-1160
-1436
-1448
-1154
-428
383
1283
2034
3138
4615
5531
5242
4031
3334
3424
3278
2255
734
-415
-1132
-1841
-2297
-2161
-1551
-1176
-1356
-1442
-771
467
1287
1109
612
531
824
957
854
983
1236
1101
448
-61
-31
42
-489
-1667
-2818
-3445
-3733
-3974
-4156
-3994
-3463
-2922
-2455
-1683
-425
801
1354
1344
1335
1535
1586
1222
740
342
23
-271
-501
-482
-282
-165
-297
-624
-880
-854
-672
-734
-952
-922
-484
219
758
1151
1610
2025
2207
2047
1611
1080
472
-189
-888
-1459
-1672
-1558
-1303
-1139
-960
-572
-140
120
77
-145
-237
-198
-168
-284
-463
-465
-344
-374
-610
-819
-799
-740
-828
-969
-838
-359
234
734
1060
1308
1512
1574
1305
778
115
-458
-953
-1403
-1555
-1337
-551
421
1279
1945
2828
4228
5341
5418
4373
3370
3130
2992
2177
851
-300
-1003
-1631
-2179
-2211
-1632
-1061
-1079
-1309
-1019
-13
950
1074
715
641
891
1117
1062
1152
1499
1500
903
147
-163
-204
-592
-1544
-2657
-3394
-3766
-3970
-4057
-3897
-3404
-2883
-2468
-1845
-833
329
1105
1340
1341
1372
1392
1211
899
551
161
-183
-445
-533
-448
-327
-311
-517
-832
-1026
-881
-751
-823
-1089
-881
80
966
1448
1518
1775
2294
2449
2098
1543
978
243
-724
-1586
-1901
-1692
-1502
-1588
-1572
-1116
-316
296
394
270
191
163
137
83
38
-44
-184
-388
-586
-703
-736
-671
-783
-1055
-1119
-796
-147
431
784
1057
1272
1467
1433
1151
562
-185
-732
-1222
-1469
-1458
-894
30
839
1454
2200
3621
4992
5392
4601
3443
2984
2920
2305
1068
-203
-992
-1610
-2269
-2452
-1827
-980
-850
-1235
-1176
-281
770
1041
656
457
662
912
924
1065
1576
1838
1366
466
13
55
-194
-1114
-2361
-3219
-3655
-3981
-4161
-3964
-3382
-2793
-2410
-1926
-991
188
1047
1306
1280
1301
1327
1213
941
651
326
-23
-317
-422
-308
-186
-167
-366
-704
-994
-1031
-886
-888
-1076
-1215
-765
258
1130
1605
1958
2331
2648
2473
1942
1512
967
33
-1143
-2027
-2278
-2116
-1993
-1998
-1774
-1097
-270
293
474
557
718
754
533
233
53
-9
-141
-492
-872
-1030
-875
-675
-756
-978
-839
-285
298
656
804
1077
1391
1468
1218
716
179
-303
-749
-1175
-1353
-1099
-373
392
1006
1617
2417
3618
4621
4873
4212
3186
2648
2508
2112
1123
-62
-928
-1543
-1997
-2086
-1674
-1097
-977
-1213
-1165
-534
350
720
528
376
502
760
870
1050
1428
1591
1147
379
-19
-117
-419
-1226
-2274
-3040
-3541
-3880
-3972
-3786
-3284
-2769
-2366
-1854
-994
126
977
1319
1285
1231
1235
1111
886
578
283
60
-164
-282
-262
-99
52
-75
-499
-870
-862
-654
-765
-1063
-1236
-742
359
1109
1644
2020
2367
2662
2451
2044
1752
1200
113
-1253
-2126
-2216
-1983
-1942
-2110
-1722
-848
-43
409
535
823
1060
793
262
-83
-29
4
-352
-904
-1185
-1019
-815
-774
-899
-942
-614
-189
165
475
821
1237
1425
1314
1081
777
354
-247
-862
-1310
-1370
-1172
-788
-193
526
1367
2040
2920
3982
4753
4598
3487
2629
2525
2490
1747
403
-683
-1208
-1588
-1877
-1891
-1399
-951
-1034
-1258
-1079
-301
407
481
236
177
431
721
977
1331
1570
1413
875
410
184
-98
-657
-1487
-2385
-3214
-3808
-3948
-3670
-3232
-2929
-2642
-2085
-1156
-125
595
993
1176
1233
1102
819
640
605
526
262
-43
-119
61
283
332
65
-332
-644
-816
-972
-1218
-1386
-1377
-1188
-894
-33
1173
2085
2475
2389
2373
2518
2383
1842
921
-269
-1315
-1958
-2198
-2251
-2111
-1793
-1318
-793
-289
397
1100
1416
1181
551
57
30
58
-331
-975
-1309
-1156
-888
-840
-741
-374
0
129
166
413
877
1275
1321
1069
788
640
435
-66
-769
-1156
-1098
-961
-1038
-888
-104
796
1424
1637
2355
3766
4684
4465
3342
2720
3011
3063
2152
801
-71
-475
-1150
-1984
-2190
-1551
-1049
-1451
-2115
-2029
-980
45
195
-132
-124
376
876
1043
1253
1680
1919
1498
742
311
231
-40
-1040
-2404
-3489
-3957
-3971
-3960
-3900
-3576
-2930
-2152
-1481
-745
175
1004
1380
1170
793
710
869
965
730
382
314
469
630
607
530
491
254
-362
-1113
-1532
-1626
-1618
-1760
-1895
-1586
-642
697
1786
2285
2514
2766
2930
2722
2136
1466
680
-411
-1570
-2180
-2052
-1634
-1485
-1546
-1290
-487
390
787
751
553
396
95
-363
-603
-596
-643
-908
-1127
-976
-480
36
293
391
457
578
800
1036
1192
1257
1111
811
497
136
-212
-639
-1088
-1369
-1501
-1424
-1148
-600
114
753
1430
2092
3070
4110
4612
4409
3668
3162
3062
2828
2089
1056
73
-781
-1599
-2142
-2229
-2044
-2142
-2644
-2861
-2378
-1366
-469
-167
-37
318
839
1279
1570
1971
2231
2060
1384
737
504
178
-580
-1716
-2774
-3465
-3952
-4229
-4152
-3691
-3129
-2716
-2305
-1570
-439
525
896
914
946
1102
1159
1035
1086
1265
1270
1034
762
829
1038
946
327
-516
-1184
-1646
-1978
-2299
-2371
-2113
-1815
-1347
-386
1005
2321
2961
2938
2818
2819
2726
2268
1339
228
-681
-1295
-1675
-1811
-1628
-1270
-997
-830
-562
-66
352
375
8
-471
-710
-702
-644
-622
-599
-460
-232
-27
234
577
774
724
583
606
802
961
1029
1021
887
572
227
-109
-490
-954
-1525
-1891
-1955
-1819
-1487
-875
36
1043
1825
2405
3462
4739
5327
4762
3693
3330
3464
3076
1873
620
-173
-959
-2066
-3020
-3112
-2624
-2664
-3319
-3560
-2630
-1077
-145
-60
161
964
1749
1927
1865
2203
2619
2368
1278
299
23
-32
-673
-2054
-3316
-3837
-3859
-3956
-4119
-3858
-3116
-2433
-2087
-1644
-636
575
1271
1324
1166
1301
1642
1838
1799
1630
1540
1458
1217
901
621
371
-122
-965
-1881
-2491
-2603
-2390
-2220
-2134
-1921
-1120
368
1734
2493
2762
3041
3384
3268
2654
2030
1510
744
-424
-1483
-1827
-1584
-1445
-1766
-1950
-1498
-710
-255
-321
-362
-137
-53
-337
-618
-453
-100
4
-174
-230
126
539
685
556
465
607
734
637
510
614
765
606
107
-326
-511
-799
-1348
-1865
-2028
-1825
-1478
-1196
-714
188
1216
2134
2672
3463
4637
5416
5209
4156
3474
3451
3308
2350
852
-451
-1444
-2390
-3205
-3579
-3346
-3108
-3303
-3329
-2530
-1003
277
718
916
1413
1963
2096
2002
2149
2339
2037
1056
234
16
-103
-727
-1956
-3028
-3582
-3915
-4248
-4365
-3916
-3247
-2858
-2620
-1894
-499
798
1384
1536
1691
1974
2089
1977
1969
1999
1818
1248
552
250
250
94
-569
-1516
-2178
-2461
-2522
-2505
-2289
-1899
-1417
-947
-28
1408
2677
3347
3322
3189
3205
3113
2649
1889
878
-249
-1242
-1844
-2111
-2179
-2225
-2173
-1756
-1207
-668
-225
136
397
363
104
25
213
328
141
-52
-13
282
449
376
430
532
534
355
132
210
468
508
162
-297
-468
-489
-745
-1426
-1899
-1824
-1645
-1584
-1499
-880
303
1212
1690
2162
3061
4456
5302
5135
4318
3622
3359
2999
2189
1030
-107
-1250
-2492
-3394
-3664
-3408
-3066
-3101
-3051
-2434
-1236
96
957
1403
1703
1895
1911
1877
2029
2176
1941
1229
458
114
-72
-499
-1291
-2260
-3052
-3698
-4142
-4252
-3938
-3386
-3000
-2667
-2018
-805
592
1473
1831
1938
2080
2228
2179
2066
1933
1661
1123
419
-41
-109
-79
-403
-1207
-1999
-2426
-2429
-2238
-1985
-1707
-1393
-1060
-498
698
2018
2942
3230
3116
3094
2996
2623
2066
1290
208
-1035
-2014
-2433
-2470
-2365
-2302
-2050
-1546
-982
-329
247
706
939
749
471
384
478
474
243
42
-10
61
55
76
192
206
97
-64
-69
133
302
270
4
-269
-359
-450
-803
-1288
-1543
-1582
-1575
-1507
-1143
-263
785
1505
2087
2671
3650
4804
5246
4820
3787
3044
2746
2279
1340
160
-826
-1795
-2792
-3485
-3504
-2875
-2377
-2425
-2459
-1840
-520
624
977
975
1158
1520
1600
1491
1653
2015
2069
1445
660
254
65
-419
-1478
-2697
-3606
-4098
-4316
-4323
-3950
-3287
-2563
-1868
-1035
76
1170
1937
2255
2232
2141
2045
1982
1891
1636
1230
760
362
104
-60
-293
-751
-1399
-2085
-2530
-2571
-2304
-1919
-1586
-1311
-907
-165
935
2225
3132
3340
3123
2886
2749
2399
1746
952
75
-1053
-2210
-2811
-2707
-2281
-2054
-2030
-1746
-995
-85
583
910
1072
1088
795
307
55
165
251
-4
-434
-574
-310
41
207
129
12
44
120
115
59
138
225
28
-436
-887
-1066
-1188
-1526
-1779
-1651
-1106
-393
192
819
1608
2556
3303
3857
4384
4702
4484
3538
2601
2238
2091
1509
362
-857
-1700
-2271
-2653
-2760
-2516
-2196
-2165
-2212
-1887
-936
150
694
765
818
1100
1414
1606
1872
2167
2139
1579
824
316
-10
-521
-1464
-2564
-3460
-3981
-4132
-4001
-3551
-2975
-2445
-1902
-1150
-50
1023
1686
1919
1904
1862
1816
1808
1808
1634
1191
602
152
-19
-122
-396
-990
-1675
-2161
-2378
-2280
-1986
-1643
-1337
-1159
-908
43
1316
2314
2685
2550
2512
2591
2504
2157
1620
785
-220
-1185
-1811
-1984
-1804
-1618
-1502
-1352
-1083
-435
337
891
1008
701
350
130
7
-179
-342
-366
-416
-548
-647
-378
80
228
25
-98
98
374
429
317
252
216
-23
-560
-1109
-1430
-1554
-1639
-1765
-1578
-897
-66
729
1269
1889
2605
3378
4186
4503
4245
3423
2760
2521
2318
1823
923
-5
-913
-1775
-2348
-2502
-2269
-2139
-2414
-2663
-2368
-1382
-276
324
539
729
1048
1347
1588
1969
2363
2463
1953
1138
601
373
122
-706
-1989
-3048
-3610
-3745
-3782
-3651
-3133
-2524
-2031
-1524
-671
542
1515
1856
1678
1521
1677
1906
1932
1600
1141
750
427
139
-137
-343
-619
-1212
-1927
-2444
-2421
-1999
-1621
-1571
-1670
-1421
-599
721
1777
2300
2453
2500
2550
2457
2245
1990
1473
436
-845
-1724
-1872
-1677
-1555
-1691
-1651
-1223
-598
67
565
888
855
410
-142
-387
-304
-302
-449
-676
-748
-593
-324
35
265
255
119
27
59
248
406
437
221
-96
-361
-642
-942
-1228
-1315
-1356
-1358
-1116
-563
254
870
1377
2017
2796
3724
4221
4141
3602
3021
2813
2631
2179
1441
587
-293
-1320
-2122
-2411
-2300
-2202
-2499
-2776
-2533
-1655
-533
166
502
806
1155
1456
1592
1939
2454
2653
2201
1425
1031
910
590
-295
-1506
-2497
-3180
-3596
-3805
-3720
-3264
-2748
-2384
-1879
-959
249
1170
1546
1555
1494
1518
1484
1486
1397
1112
679
206
-22
-57
-112
-393
-959
-1617
-2121
-2336
-2272
-2051
-1862
-1862
-1770
-1346
-234
1241
2224
2554
2445
2407
2480
2390
2058
1571
803
-373
-1565
-2098
-1934
-1464
-1295
-1402
-1162
-512
271
778
893
822
519
-99
-738
-925
-726
-566
-717
-1000
-877
-370
166
412
308
151
141
183
251
369
551
639
392
-33
-307
-406
-551
-880
-1174
-1312
-1204
-898
-328
375
1004
1626
2319
3250
3967
4131
3765
3310
3203
3173
2759
1936
985
115
-877
-1887
-2497
-2585
-2499
-2721
-2967
-2668
-1722
-599
125
486
886
1332
1597
1607
1737
2155
2412
2119
1457
1087
1052
752
-97
-1240
-2168
-2819
-3360
-3714
-3722
-3371
-2923
-2544
-2007
-1099
9
867
1218
1249
1222
1232
1208
1144
1058
857
551
250
149
217
217
-43
-598
-1261
-1877
-2231
-2294
-2234
-2174
-2195
-1921
-1133
-63
928
1523
1860
2143
2318
2269
2031
1649
1139
465
-294
-872
-1107
-1101
-1030
-893
-691
-417
-108
150
349
390
215
-68
-311
-485
-617
-674
-673
-626
-588
-565
-461
-279
-172
-151
-149
1
324
677
890
963
1049
1089
911
408
-205
-714
-1102
-1394
-1645
-1663
-1329
-792
-230
283
991
2082
3270
3913
3792
3332
3143
3431
3601
3124
2197
1183
218
-756
-1695
-2226
-2309
-2390
-2783
-3064
-2574
-1380
-196
360
504
749
1119
1397
1481
1682
2069
2223
1907
1447
1388
1588
1422
512
-748
-1765
-2455
-3041
-3559
-3756
-3566
-3269
-2991
-2451
-1414
-159
672
895
854
896
1027
1015
927
888
808
563
258
215
472
602
228
-539
-1308
-1847
-2181
-2394
-2484
-2422
-2335
-1981
-1208
-145
875
1415
1659
1859
2054
2104
1866
1398
830
274
-221
-590
-718
-703
-662
-572
-439
-201
56
190
182
6
-216
-372
-459
-523
-653
-716
-717
-657
-581
-497
-373
-334
-338
-312
-126
168
488
832
1158
1365
1411
1279
1034
650
11
-705
-1318
-1651
-1730
-1697
-1522
-1081
-367
488
1444
2582
3612
4087
3869
3394
3381
3688
3668
2898
1661
513
-405
-1162
-1787
-2135
-2265
-2490
-2777
-2688
-1910
-721
165
450
490
670
1032
1393
1655
1888
2052
1976
1731
1635
1748
1755
1195
36
-1236
-2216
-2862
-3370
-3729
-3817
-3708
-3454
-3007
-2172
-949
153
714
747
643
731
919
986
900
799
689
495
343
429
679
682
111
-794
-1583
-2032
-2273
-2446
-2560
-2427
-1946
-1310
-601
161
967
1621
1912
1894
1784
1660
1352
862
442
184
-8
-216
-402
-420
-291
-166
-96
-92
-121
-187
-300
-403
-467
-474
-522
-625
-707
-753
-734
-684
-600
-573
-615
-610
-427
-69
249
549
906
1281
1521
1554
1396
1100
648
-1
-706
-1290
-1633
-1789
-1797
-1719
-1380
-657
297
1346
2434
3445
4018
3970
3576
3447
3726
3795
3133
1918
645
-291
-987
-1543
-1914
-2137
-2364
-2646
-2552
-1810
-625
308
605
593
724
1063
1355
1541
1709
1817
1722
1505
1452
1703
1896
1508
474
-797
-1791
-2472
-3065
-3590
-3860
-3838
-3698
-3364
-2601
-1358
-128
524
618
583
709
893
934
822
713
612
468
353
434
693
778
370
-475
-1307
-1857
-2211
-2495
-2731
-2796
-2562
-1911
-927
139
999
1489
1737
1897
2003
2020
1823
1316
622
13
-282
-292
-226
-274
-424
-522
-420
-143
75
68
-132
-350
-487
-524
-486
-413
-401
-529
-744
-890
-800
-566
-413
-510
-630
-495
-88
383
743
1064
1311
1352
1158
858
566
181
-406
-1098
-1641
-1861
-1759
-1524
-1218
-777
-63
943
2093
3264
4048
4255
3926
3559
3612
3820
3604
2697
1379
107
-862
-1487
-1810
-1936
-2085
-2397
-2559
-2124
-1045
159
810
864
816
949
1213
1390
1581
1818
1879
1646
1369
1472
1832
1860
1108
-201
-1469
-2388
-3032
-3562
-3947
-4091
-4028
-3796
-3201
-2116
-766
333
805
793
675
715
843
898
780
547
329
210
305
559
766
629
25
-837
-1639
-2166
-2458
-2687
-2882
-2922
-2544
-1611
-447
589
1256
1633
1878
2034
2078
1939
1560
915
201
-302
-477
-376
-248
-295
-418
-446
-260
41
192
99
-159
-398
-487
-443
-352
-304
-336
-478
-684
-777
-628
-355
-231
-325
-350
-86
391
808
1093
1305
1387
1255
888
461
83
-347
-911
-1517
-1887
-1899
-1690
-1425
-1084
-467
469
1533
2650
3664
4276
4328
3910
3598
3669
3758
3291
2119
678
-525
-1314
-1809
-2094
-2188
-2272
-2443
-2384
-1702
-461
650
1048
947
931
1201
1505
1672
1804
1982
2036
1802
1569
1696
1969
1727
623
-899
-2110
-2843
-3437
-4022
-4343
-4249
-3960
-3616
-2943
-1699
-254
696
868
685
653
802
852
710
552
457
353
234
305
625
829
499
-333
-1277
-1947
-2328
-2613
-2830
-2922
-2660
-1966
-1034
-49
811
1479
1897
2027
1960
1780
1460
939
343
-84
-273
-303
-262
-192
-66
69
137
163
142
4
-281
-631
-836
-797
-673
-635
-628
-530
-401
-392
-469
-452
-327
-263
-303
-230
123
616
1017
1241
1338
1384
1234
804
233
-331
-831
-1326
-1770
-1976
-1854
-1569
-1267
-830
6
1184
2492
3635
4277
4443
4239
4025
4043
4051
3618
2557
1117
-243
-1190
-1714
-1980
-2126
-2284
-2452
-2341
-1731
-658
411
961
980
852
924
1197
1515
1752
1899
1950
1898
1861
1946
2069
1875
1014
-405
-1881
-2928
-3519
-3970
-4346
-4508
-4326
-3826
-3081
-2001
-686
462
992
893
636
590
712
704
466
219
116
149
276
513
764
698
110
-819
-1684
-2215
-2486
-2693
-2867
-2869
-2363
-1378
-261
673
1300
1755
2027
2033
1802
1481
1051
453
-168
-546
-567
-373
-241
-191
-57
165
356
331
106
-180
-496
-811
-998
-934
-726
-583
-541
-532
-447
-331
-244
-175
-153
-152
-95
134
508
965
1348
1550
1516
1314
1001
566
38
-570
-1138
-1612
-1912
-1945
-1683
-1308
-903
-342
573
1807
3133
4143
4531
4423
4095
3994
4134
4067
3397
2118
591
-710
-1538
-1967
-2208
-2410
-2687
-2845
-2508
-1578
-314
665
999
920
851
1001
1318
1647
1897
1980
1886
1719
1750
1993
2089
1639
494
-982
-2263
-3105
-3643
-4049
-4355
-4455
-4293
-3795
-2866
-1553
-208
633
838
683
634
767
861
745
433
180
65
108
326
598
696
370
-395
-1268
-1894
-2234
-2445
-2642
-2640
-2286
-1639
-845
-36
748
1386
1733
1762
1590
1262
816
359
25
-158
-236
-234
-100
189
465
625
635
546
314
-123
-618
-962
-1022
-948
-891
-816
-651
-437
-326
-324
-301
-231
-206
-268
-243
6
452
880
1186
1446
1641
1676
1403
863
260
-303
-945
-1585
-2008
-2056
-1829
-1575
-1299
-848
-33
1091
2344
3503
4208
4345
4134
3941
4066
4249
3968
2952
1457
26
-1000
-1590
-1956
-2260
-2574
-2852
-2779
-2116
-992
175
839
938
826
859
1156
1544
1832
1934
1900
1793
1755
1939
2187
2074
1281
-59
-1441
-2455
-3107
-3587
-3992
-4299
-4356
-4049
-3323
-2204
-920
125
646
691
575
628
783
782
512
119
-147
-154
60
327
508
398
-109
-869
-1566
-1987
-2171
-2316
-2466
-2347
-1820
-1054
-312
289
773
1164
1363
1332
1108
733
260
-155
-368
-339
-144
39
162
301
495
680
751
583
171
-360
-827
-1050
-1015
-844
-652
-490
-403
-370
-310
-190
-72
-103
-288
-366
-155
262
748
1159
1475
1681
1677
1489
1194
783
238
-441
-1159
-1665
-1824
-1686
-1401
-1095
-846
-462
333
1540
3004
4075
4360
4077
3750
3884
4330
4468
3776
2337
624
-807
-1660
-2048
-2261
-2558
-3012
-3241
-2798
-1656
-249
738
1018
880
735
837
1172
1566
1813
1802
1568
1394
1620
2117
2368
1869
630
-851
-2073
-2888
-3406
-3780
-4101
-4316
-4274
-3739
-2648
-1237
-4
685
835
730
701
788
842
684
283
-183
-447
-321
86
456
471
41
-645
-1292
-1707
-1903
-2023
-2177
-2206
-1916
-1311
-541
177
687
959
1046
1019
902
629
191
-262
-534
-581
-434
-184
86
363
536
623
671
649
486
82
-462
-870
-969
-842
-653
-482
-341
-241
-202
-210
-187
-162
-210
-292
-290
-80
335
830
1236
1514
1684
1676
1473
1093
616
122
-461
-1068
-1496
-1630
-1481
-1218
-952
-726
-257
648
1967
3380
4147
4156
3801
3689
4091
4515
4300
3251
1655
47
-1191
-1883
-2146
-2316
-2647
-3110
-3103
-2253
-847
450
1048
1039
835
754
885
1124
1409
1541
1424
1188
1183
1655
2227
2265
1455
117
-1189
-2173
-2857
-3370
-3766
-4056
-4237
-4095
-3383
-2126
-704
285
650
615
577
700
784
707
407
-37
-445
-626
-425
1
294
128
-448
-1068
-1454
-1563
-1604
-1752
-1794
-1632
-1287
-813
-306
241
648
759
659
541
383
99
-261
-487
-450
-237
-26
179
456
717
863
834
697
510
194
-252
-649
-826
-751
-566
-372
-199
-96
-82
-116
-173
-225
-288
-344
-289
-96
247
683
1128
1474
1711
1809
1684
1388
909
353
-177
-688
-1075
-1288
-1350
-1278
-1090
-912
-664
-49
1038
2504
3562
3760
3480
3407
3946
4604
4615
3724
2281
675
-760
-1760
-2212
-2350
-2571
-3063
-3276
-2594
-1188
241
963
983
773
622
575
621
803
1025
1056
895
905
1454
2270
2634
2112
935
-327
-1386
-2249
-2966
-3525
-3932
-4219
-4258
-3766
-2646
-1215
-36
538
650
649
717
803
746
485
57
-395
-661
-554
-130
277
307
-106
-676
-1120
-1325
-1408
-1446
-1480
-1532
-1517
-1273
-746
-124
267
324
232
126
9
-146
-241
-242
-175
-96
51
341
670
860
842
714
533
304
1
-322
-541
-664
-704
-593
-319
22
203
152
-4
-104
-174
-268
-355
-310
-115
138
448
870
1390
1828
1961
1794
1539
1199
758
213
-304
-663
-935
-1175
-1255
-1101
-836
-711
-482
208
1552
3023
3679
3539
3232
3555
4350
4783
4299
3102
1597
22
-1361
-2184
-2364
-2358
-2714
-3267
-3095
-1914
-334
674
810
600
438
313
167
186
516
804
753
631
1004
1972
2776
2696
1750
519
-593
-1565
-2467
-3219
-3724
-4118
-4426
-4325
-3511
-2093
-694
122
400
463
590
737
766
634
303
-129
-512
-604
-267
239
498
306
-206
-688
-985
-1141
-1243
-1304
-1400
-1559
-1542
-1235
-678
-215
-86
-78
-40
-32
-134
-226
-152
47
209
275
446
797
1088
1131
939
711
529
261
-140
-507
-692
-732
-696
-564
-281
15
142
51
-79
-90
-78
-113
-170
-118
119
447
750
1081
1488
1801
1831
1573
1226
927
553
51
-477
-807
-1024
-1185
-1291
-1221
-1039
-834
-375
583
2142
3373
3692
3353
3324
4107
4939
4835
3710
2210
684
-750
-1926
-2432
-2382
-2421
-2941
-3223
-2417
-796
593
941
608
338
232
72
-94
87
536
767
655
781
1661
2789
3203
2505
1248
80
-909
-1901
-2855
-3539
-3986
-4350
-4535
-4070
-2846
-1332
-244
193
315
453
632
673
570
325
-30
-437
-669
-453
98
544
529
127
-327
-666
-925
-1184
-1335
-1414
-1625
-1823
-1758
-1295
-709
-445
-435
-359
-194
-128
-213
-180
66
356
490
526
762
1089
1226
1049
748
550
350
-30
-501
-786
-804
-723
-623
-398
-19
294
296
125
82
198
229
88
22
232
617
905
1155
1516
1910
2021
1764
1425
1168
855
287
-384
-841
-964
-1042
-1156
-1202
-962
-679
-530
-346
462
2108
3454
3715
3082
2903
3818
4833
4766
3600
2154
775
-665
-1973
-2521
-2346
-2302
-3002
-3521
-2798
-1057
425
675
335
159
160
-57
-361
-99
533
822
547
545
1572
2932
3370
2543
1291
330
-533
-1666
-2797
-3455
-3778
-4269
-4762
-4457
-3093
-1397
-428
-199
-60
345
730
742
584
436
206
-270
-640
-420
298
829
694
160
-291
-466
-571
-675
-819
-1156
-1686
-2091
-2009
-1491
-1035
-924
-963
-858
-561
-265
-8
283
604
807
851
915
1161
1424
1363
962
551
387
275
-60
-536
-833
-838
-762
-693
-514
-214
-18
-90
-239
-167
99
271
224
218
454
851
1173
1379
1620
1842
1839
1594
1348
1197
968
443
-178
-581
-698
-826
-1069
-1216
-1048
-830
-767
-668
197
1977
3386
3638
2976
2913
3989
5053
4914
3687
2257
943
-479
-1779
-2284
-2079
-2078
-2916
-3487
-2749
-1004
291
307
-111
-220
-135
-373
-613
-207
513
746
384
484
1708
3097
3371
2400
1205
426
-393
-1612
-2746
-3298
-3580
-4213
-4852
-4522
-3025
-1386
-698
-665
-472
118
542
469
333
337
246
-246
-660
-351
488
1017
770
156
-184
-190
-263
-440
-671
-982
-1496
-1976
-2035
-1641
-1213
-1110
-1180
-1081
-728
-339
-1
301
682
984
1098
1181
1402
1618
1534
1143
765
610
424
0
-502
-762
-734
-654
-634
-483
-247
-127
-187
-230
-34
244
308
234
309
604
917
1081
1263
1558
1803
1756
1563
1499
1486
1239
596
-48
-396
-579
-866
-1246
-1360
-1142
-906
-1044
-1066
-664
606
2201
3083
3151
2778
3062
3991
4733
4491
3510
2208
835
-618
-1680
-2017
-1995
-2332
-3266
-3538
-2725
-1256
-248
-154
-283
-306
-326
-497
-421
71
552
561
327
804
2020
2986
2934
2131
1333
684
-265
-1424
-2290
-2814
-3452
-4390
-4774
-4029
-2570
-1553
-1286
-1056
-458
266
492
456
524
553
185
-429
-575
44
743
779
342
8
161
433
446
93
-376
-934
-1616
-2056
-2111
-1790
-1658
-1902
-2015
-1596
-790
-107
290
605
1010
1362
1559
1659
1757
1690
1344
960
727
645
367
-108
-492
-591
-494
-476
-521
-582
-605
-629
-597
-403
-26
246
298
318
473
805
1063
1201
1279
1356
1371
1436
1586
1749
1665
1200
667
286
45
-419
-966
-1329
-1283
-1249
-1305
-1386
-1058
-499
45
1102
2240
3264
3346
3058
3314
4154
4541
3900
2630
1388
334
-856
-1734
-2130
-2095
-2553
-3143
-3149
-2158
-817
-277
-319
-415
-225
-197
-408
-411
79
621
667
634
1161
2147
2717
2392
1584
893
186
-828
-1942
-2769
-3269
-3827
-4337
-4270
-3437
-2345
-1606
-1130
-614
13
431
600
671
655
385
-111
-401
-236
185
408
469
443
470
408
265
157
-36
-537
-1387
-2113
-2367
-2176
-1937
-1803
-1665
-1216
-561
102
667
1137
1540
1661
1495
1234
1203
1332
1337
1060
665
417
299
194
49
-115
-328
-585
-857
-973
-892
-684
-409
-202
11
228
457
646
705
673
670
746
860
996
1141
1477
1812
2006
1968
1704
1305
670
-63
-767
-1203
-1460
-1545
-1652
-1645
-1389
-1015
-497
-125
649
1725
2684
2944
2659
2729
3430
4143
4046
3362
2473
1600
439
-690
-1443
-1789
-2370
-3303
-3711
-3148
-1862
-963
-650
-490
-160
57
-75
-143
156
596
527
225
407
1291
2121
2088
1484
989
652
-60
-1154
-2094
-2557
-3030
-3836
-4385
-3984
-2853
-1935
-1549
-1223
-453
425
834
801
670
631
369
-94
-379
-88
457
668
444
157
240
454
467
89
-497
-1205
-1848
-2193
-2122
-1829
-1629
-1519
-1247
-590
200
862
1264
1463
1461
1314
1156
1142
1274
1245
925
497
296
406
569
443
21
-404
-651
-807
-945
-929
-715
-439
-272
-168
74
436
589
491
343
380
584
764
916
1187
1653
2015
2186
2114
1914
1520
800
-55
-784
-1195
-1413
-1569
-1625
-1478
-1203
-873
-642
-353
-58
469
1163
1750
2074
2132
2466
3174
3883
4070
3726
2985
2084
984
-105
-1040
-1801
-2569
-3294
-3513
-3030
-2032
-1179
-702
-458
-175
63
168
190
242
276
170
118
375
928
1401
1525
1386
1130
692
40
-651
-1277
-1959
-2879
-3734
-3975
-3548
-2907
-2449
-1993
-1229
-273
418
701
845
988
927
460
-79
-243
-19
59
-170
-357
-193
142
156
-99
-414
-571
-834
-1232
-1473
-1432
-1200
-1117
-1074
-758
-99
519
780
822
917
1093
1160
1094
1065
1114
1048
793
577
599
729
643
270
-147
-439
-637
-819
-859
-750
-600
-554
-542
-321
23
256
257
148
201
479
807
1141
1475
1817
2070
2119
2024
1907
1636
1022
180
-585
-985
-1146
-1250
-1358
-1341
-1159
-868
-561
-295
-89
-65
-186
-222
249
1139
1947
2261
2346
2705
3380
3823
3683
3088
2238
1212
-13
-1042
-1654
-1938
-2328
-2759
-2773
-2148
-1250
-558
-102
183
320
195
55
86
178
5
-357
-486
-98
519
888
943
873
773
403
-198
-868
-1483
-2140
-2907
-3426
-3417
-2916
-2279
-1719
-1176
-575
3
395
583
637
582
358
10
-383
-568
-500
-333
-220
-248
-299
-334
-407
-508
-659
-839
-982
-1055
-964
-730
-386
-8
349
576
665
683
747
857
840
710
594
673
846
939
906
887
934
872
558
91
-254
-425
-554
-800
-969
-853
-586
-362
-230
-63
211
402
406
400
573
902
1148
1293
1392
1595
1712
1631
1431
1182
872
371
-187
-591
-727
-848
-1015
-1156
-1053
-798
-581
-436
-238
-46
-2
-83
-71
213
684
1192
1548
1843
2022
2246
2551
2841
2928
2619
1887
1006
214
-405
-915
-1452
-1892
-2079
-1897
-1439
-851
-306
110
239
140
-48
-192
-290
-542
-864
-1072
-940
-545
-156
158
397
548
537
265
-196
-699
-1231
-1744
-2190
-2390
-2329
-2117
-1876
-1611
-1175
-641
-198
53
134
108
7
-148
-271
-327
-360
-471
-663
-821
-799
-632
-463
-435
-419
-269
-41
171
332
531
742
767
596
452
495
650
557
289
160
350
663
739
648
588
658
631
432
232
179
102
-211
-616
-760
-545
-347
-358
-446
-338
-84
99
175
296
506
637
649
694
944
1236
1320
1165
987
940
871
645
329
60
-132
-323
-495
-535
-486
-432
-395
-292
-52
192
312
320
376
467
492
394
281
342
417
336
254
550
1146
1552
1475
1200
1256
1543
1596
1281
857
542
243
-160
-486
-475
-383
-501
-854
-972
-717
-412
-438
-736
-898
-871
-818
-931
-943
-805
-613
-591
-550
-302
78
296
186
8
-115
-246
-585
-990
-1307
-1438
-1537
-1662
-1659
-1472
-1176
-914
-681
-460
-290
-266
-418
-599
-755
-890
-999
-1022
-921
-705
-397
-19
396
719
906
1006
1028
945
773
528
307
152
87
164
324
473
507
481
453
409
317
184
99
19
-114
-241
-237
-93
60
105
100
169
325
415
367
280
205
155
82
60
161
325
394
361
379
530
663
619
430
275
244
180
85
2
26
67
29
52
246
571
774
737
647
690
797
786
626
514
505
502
426
305
251
249
222
162
130
126
99
-17
-176
-244
-110
183
370
372
303
328
416
369
194
60
-52
-228
-482
-640
-636
-591
-605
-632
-556
-437
-384
-423
-453
-466
-475
-564
-629
-599
-498
-398
-314
-143
16
34
-148
-332
-439
-501
-649
-859
-994
-1055
-1022
-898
-689
-546
-509
-570
-541
-426
-368
-432
-522
-494
-383
-261
-143
76
285
370
301
275
396
513
456
264
142
136
134
46
-46
-22
53
47
-46
-102
-99
-155
-307
-465
-471
-340
-176
-12
177
422
671
816
862
876
859
760
532
335
214
256
233
168
189
220
321
304
239
176
113
-10
-123
-218
-235
-119
56
281
503
693
832
989
1093
1087
1001
815
674
585
442
300
172
119
109
109
149
255
404
466
414
342
318
342
286
92
-143
-306
-379
-454
-524
-504
-395
-287
-223
-218
-141
-5
97
55
-53
-71
3
12
-146
-290
-314
-256
-284
-398
-518
-587
-647
-717
-749
-727
-667
-530
-397
-285
-206
-174
-190
-266
-394
-574
-743
-868
-924
-903
-779
-634
-455
-322
-203
-30
150
223
139
-30
-177
-237
-208
-113
-35
7
33
81
161
210
183
73
-92
-237
-317
-322
-282
-249
-183
-40
125
268
335
316
268
194
82
-19
-82
-94
-90
-68
-6
156
354
503
570
597
625
618
542
411
313
233
154
39
-17
24
114
154
131
144
221
297
316
361
461
580
592
558
597
726
811
733
620
548
518
458
379
352
397
439
432
471
586
665
606
428
265
161
16
-184
-384
-506
-584
-643
-607
-452
-289
-238
-295
-350
-340
-341
-405
-501
-549
-595
-620
-572
-436
-232
-108
-96
-97
-39
29
25
-80
-217
-320
-434
-569
-659
-646
-575
-554
-625
-669
-579
-435
-323
-264
-166
-43
38
80
142
316
468
444
245
83
47
55
-8
-125
-175
-162
-127
-85
41
207
288
207
72
33
47
-7
-154
-304
-364
-354
-353
-308
-204
-106
-89
-122
-98
-11
40
-49
-196
-265
-260
-293
-350
-344
-233
-90
-22
14
113
234
288
255
186
163
152
129
108
135
202
260
314
379
470
539
546
525
515
514
493
441
415
435
468
472
448
485
577
652
650
604
619
659
650
565
440
376
332
250
161
94
42
-24
-138
-230
-205
-124
-101
-170
-275
-327
-299
-271
-301
-368
-446
-499
-534
-528
-462
-401
-414
-472
-468
-365
-226
-185
-231
-267
-289
-339
-407
-447
-434
-428
-490
-571
-558
-449
-320
-214
-115
4
119
177
204
265
337
341
219
75
9
44
116
149
124
111
133
157
211
268
298
261
180
129
149
190
163
103
87
99
96
62
36
36
29
-53
-171
-239
-269
-323
-418
-499
-530
-555
-616
-683
-676
-589
-518
-502
-459
-348
-186
-72
-40
12
86
128
120
104
126
176
149
83
89
181
248
236
229
297
440
525
504
496
576
643
654
635
628
663
641
553
511
535
537
470
372
329
342
322
255
167
114
80
40
38
80
108
79
25
-26
-62
-110
-204
-302
-354
-385
-411
-408
-363
-257
-165
-123
-147
-165
-153
-147
-165
-196
-210
-237
-295
-372
-399
-405
-434
-522
-614
-630
-602
-559
-505
-425
-313
-151
12
169
335
444
467
420
332
237
177
92
-26
-123
-194
-214
-201
-206
-203
-141
-61
1
12
8
83
204
286
308
343
389
417
381
304
254
215
137
31
-51
-89
-103
-152
-206
-208
-160
-134
-155
-164
-118
-52
-36
-50
-48
-26
-21
-71
-124
-142
-159
-210
-261
-255
-179
-93
-48
12
115
224
284
301
313
325
290
205
148
161
211
230
240
269
330
369
375
397
416
413
345
242
193
180
103
-23
-128
-161
-151
-158
-171
-158
-108
-105
-146
-167
-159
-179
-255
-353
-386
-334
-291
-285
-263
-195
-128
-89
-88
-80
-52
-26
-22
-17
11
9
-18
-57
-85
-119
-162
-200
-246
-302
-354
-357
-303
-214
-138
-68
40
201
363
468
498
460
411
345
245
156
81
6
-66
-110
-112
-86
-69
-77
-107
-121
-121
-120
-91
-56
-21
40
118
174
226
278
304
314
272
186
94
9
-78
-161
-234
-280
-284
-255
-194
-128
-73
-47
-25
2
26
40
45
57
84
111
124
122
97
65
23
-29
-70
-105
-132
-146
-132
-85
-36
6
65
155
229
278
326
380
424
399
322
288
302
313
284
235
225
258
271
245
207
180
146
77
9
-14
-16
-42
-106
-167
-187
-197
-248
-345
-407
-425
-444
-476
-520
-527
-501
-481
-467
-408
-306
-222
-168
-119
-52
17
31
-11
-56
-94
-130
-178
-242
-280
-287
-296
-295
-265
-194
-105
-23
18
60
158
251
301
289
265
280
326
316
244
184
152
116
41
-46
-84
-75
-92
-141
-139
-52
63
110
105
139
221
275
238
163
125
153
167
109
47
43
68
58
12
-15
-3
-19
-123
-220
-229
-186
-137
-129
-106
-18
89
163
208
268
319
323
261
187
173
177
143
91
49
61
105
132
155
170
149
107
85
85
100
97
70
79
120
151
183
223
261
267
231
192
188
190
142
66
13
16
51
48
37
46
54
26
-32
-77
-85
-124
-240
-369
-437
-458
-492
-544
-573
-552
-499
-454
-421
-367
-293
-242
-228
-239
-236
-229
-254
-311
-369
-393
-399
-391
-378
-365
-329
-281
-235
-178
-108
-37
21
37
47
95
133
149
161
185
239
296
310
298
306
313
282
222
170
128
92
53
10
6
31
57
71
111
169
215
241
234
224
233
246
230
203
169
133
95
50
8
-11
-20
-59
-117
-161
-159
-131
-107
-92
-73
-41
-9
9
42
81
91
95
118
151
179
203
218
246
276
273
257
252
257
255
219
173
173
203
240
282
319
353
359
333
315
311
277
206
138
99
97
100
81
78
110
130
109
60
12
-21
-68
-158
-249
-300
-336
-384
-440
-476
-485
-506
-552
-589
-600
-589
-587
-577
-535
-457
-368
-297
-224
-149
-102
-94
-133
-195
-243
-283
-353
-404
-399
-378
-330
-290
-240
-154
-80
-44
-32
-4
12
-1
-12
-4
38
99
131
155
221
288
315
292
242
211
172
90
-4
-33
-10
1
-14
-6
60
136
177
167
147
153
134
77
33
17
31
49
33
33
69
101
100
81
72
83
83
62
42
53
92
128
147
155
169
185
176
143
101
70
58
50
55
86
137
202
262
306
358
405
428
421
378
337
314
285
265
256
249
246
228
219
227
227
215
182
138
102
84
71
82
116
145
160
163
161
144
102
31
-48
-111
-181
-266
-347
-406
-446
-485
-533
-572
-588
-585
-597
-609
-583
-535
-474
-415
-379
-331
-279
-253
-233
-218
-221
-230
-247
-268
-280
-289
-293
-286
-272
-250
-219
-189
-164
-140
-118
-99
-86
-72
-40
4
54
92
119
157
188
202
202
197
190
167
134
105
90
78
50
18
3
13
20
2
-19
-26
-28
-36
-54
-74
-88
-94
-102
-94
-71
-48
-17
19
60
106
147
187
226
267
283
269
255
238
227
219
185
155
136
124
131
150
165
174
192
221
259
296
337
391
442
477
499
519
535
524
475
408
345
299
249
189
149
125
111
96
96
123
172
194
175
151
113
72
17
-51
-98
-122
-145
-149
-131
-105
-85
-101
-145
-196
-262
-345
-441
-534
-611
-677
-732
-738
-690
-611
-534
-486
-436
-372
-315
-281
-291
-326
-346
-369
-386
-380
-338
-271
-217
-191
-173
-130
-81
-59
-63
-77
-84
-88
-84
-58
-13
30
51
66
103
172
240
269
276
294
314
320
302
285
281
256
207
154
120
109
81
27
-28
-52
-61
-85
-125
-159
-158
-163
-173
-163
-138
-96
-75
-70
-40
10
67
114
139
164
192
198
190
182
182
172
142
97
64
67
79
82
77
76
104
137
162
183
215
256
288
309
324
361
399
412
408
402
403
389
353
308
267
237
207
167
143
148
158
155
136
108
95
90
63
20
-29
-69
-95
-108
-102
-85
-91
-121
-152
-175
-185
-221
-276
-338
-395
-429
-458
-474
-473
-467
-464
-457
-442
-399
-354
-333
-328
-336
-342
-350
-357
-366
-362
-353
-346
-333
-305
-246
-165
-106
-70
-46
-19
9
24
15
9
14
25
47
97
173
242
287
313
343
368
368
335
283
236
190
149
112
95
101
109
110
107
114
118
99
58
12
-21
-57
-101
-129
-125
-101
-76
-58
-30
9
39
50
43
46
44
22
-6
-15
8
22
25
33
49
67
57
36
32
36
36
22
10
24
57
95
129
175
225
270
305
316
315
314
301
279
254
234
228
232
237
237
242
242
237
225
199
161
116
69
17
-39
-87
-130
-154
-166
-184
-195
-202
-205
-208
-216
-230
-238
-250
-272
-287
-293
-298
-296
-287
-275
-262
-258
-251
-226
-209
-208
-201
-190
-180
-178
-198
-215
-223
-226
-226
-221
-204
-171
-136
-106
-76
-28
24
56
67
61
71
96
112
129
151
182
210
223
225
225
222
199
162
129
98
60
6
-32
-31
-18
-11
-7
10
43
63
55
40
38
27
-6
-52
-83
-82
-74
-69
-58
-35
-2
13
15
39
65
73
67
57
65
80
80
71
62
60
59
53
55
53
48
40
27
21
21
22
30
46
71
98
133
167
189
201
191
188
197
182
162
141
128
128
121
118
144
179
193
174
136
112
88
41
-28
-100
-150
-190
-237
-265
-266
-242
-221
-217
-217
-209
-200
-204
-226
-245
-245
-240
-242
-236
-208
-170
-123
-93
-66
-28
-13
-10
-16
-30
-44
-74
-118
-139
-146
-153
-158
-157
-128
-82
-50
-33
-6
33
58
65
67
89
130
156
175
193
217
240
240
237
230
219
199
161
125
97
69
38
4
-17
-23
-20
-15
-15
-10
-8
-12
-14
-22
-27
-29
-40
-39
-32
-19
-2
-1
0
1
1
-1
-5
-5
-13
-26
-41
-58
-65
-67
-63
-48
-33
-17
-2
14
31
40
45
48
52
46
42
42
50
69
83
93
99
104
112
109
102
96
85
77
73
67
64
62
72
90
101
107
112
119
122
105
68
28
-1
-22
-52
-96
-127
-138
-146
-164
-193
-208
-216
-238
-267
-287
-281
-269
-273
-274
-257
-216
-164
-128
-91
-50
-17
5
18
35
42
27
-13
-41
-49
-52
-59
-76
-70
-49
-32
-20
-10
11
43
59
60
74
103
133
158
181
215
249
264
259
257
253
243
215
172
131
95
60
23
0
-10
-17
-27
-31
-21
-10
-12
-22
-27
-25
-34
-59
-82
-93
-88
-80
-80
-74
-55
-39
-32
-35
-32
-24
-28
-47
-71
-88
-90
-92
-94
-85
-74
-47
-17
19
55
84
110
127
137
139
140
147
148
145
143
137
132
128
123
117
109
96
77
50
25
13
11
13
13
15
29
31
23
18
10
-6
-28
-56
-69
-73
-90
-106
-117
-123
-130
-142
-167
-188
-205
-234
-252
-264
-269
-263
-256
-237
-205
-165
-132
-107
-79
-51
-26
-7
-3
4
7
-9
-16
-16
-6
0
-14
-22
-21
-5
11
13
26
39
55
65
69
85
111
129
135
136
147
168
176
170
173
182
185
168
139
124
122
111
89
72
65
65
54
43
46
54
64
66
60
58
51
45
33
23
28
34
35
25
17
17
13
0
-14
-36
-62
-91
-115
-116
-117
-121
-127
-131
-112
-83
-56
-35
-12
8
25
38
45
59
69
70
64
52
53
60
63
56
54
58
53
37
19
7
2
-7
-22
-26
-20
-9
-11
-18
-19
-13
-6
-12
-22
-28
-30
-34
-44
-50
-53
-64
-86
-108
-126
-135
-149
-172
-193
-205
-206
-213
-217
-207
-193
-178
-168
-151
-123
-90
-70
-63
-48
-30
-19
-16
-17
-8
6
10
4
3
10
27
33
32
41
59
83
96
104
117
133
138
137
137
157
173
167
156
148
157
163
150
133
125
121
109
95
88
85
86
78
71
72
77
77
65
58
57
56
47
37
35
34
26
6
-8
-6
-4
-18
-38
-51
-54
-52
-58
-67
-67
-66
-67
-68
-60
-41
-25
-22
-26
-21
-3
11
12
2
-2
1
-6
-8
-5
-5
-7
-15
-15
-4
14
23
25
22
15
9
-5
-17
-24
-29
-32
-45
-52
-44
-36
-27
-25
-25
-19
-23
-31
-40
-44
-51
-68
-87
-97
-98
-100
-100
-103
-97
-88
-80
-72
-71
-70
-69
-74
-79
-84
-82
-83
-82
-77
-69
-48
-38
-40
-39
-39
-36
-38
-45
-47
-44
-39
-35
-18
5
24
49
69
93
115
129
137
142
147
144
145
142
136
126
114
107
96
79
62
46
38
36
25
17
13
15
25
42
63
72
80
88
93
96
89
85
81
78
64
48
39
36
30
17
5
-3
-8
-10
-16
-19
-22
-26
-28
-28
-18
-4
5
11
24
40
53
64
66
69
67
53
39
29
20
10
-8
-23
-35
-40
-40
-40
-36
-37
-41
-40
-43
-38
-35
-42
-46
-53
-58
-62
-68
-71
-66
-66
-72
-81
-85
-88
-93
-100
-116
-135
-153
-172
-178
-176
-173
-163
-151
-135
-115
-96
-77
-57
-43
-32
-27
-27
-25
-20
-18
-18
-27
-36
-41
-46
-49
-50
-42
-33
-27
-14
3
28
52
60
67
74
95
112
114
113
117
133
143
141
142
143
145
134
124
123
118
106
82
63
55
50
49
47
52
59
69
78
84
95
101
98
93
84
78
76
67
52
43
27
-2
-26
-43
-46
-47
-55
-63
-67
-56
-41
-33
-29
-23
-8
7
9
11
17
17
13
13
12
8
0
-16
-26
-27
-27
-19
-13
-15
-15
-17
-21
-22
-13
-4
1
3
7
20
28
25
19
10
-2
-10
-13
-16
-21
-28
-36
-41
-48
-59
-65
-71
-79
-84
-92
-96
-92
-84
-81
-82
-85
-87
-84
-85
-86
-85
-82
-79
-77
-76
-70
-64
-62
-61
-57
-45
-38
-35
-32
-35
-36
-36
-36
-35
-23
-6
-1
10
22
33
37
34
33
36
41
43
42
49
57
65
71
74
77
78
71
64
61
61
66
64
63
71
83
91
92
93
96
94
88
81
74
73
69
62
55
47
52
54
52
45
31
26
21
9
1
-7
-16
-19
-23
-22
-19
-21
-25
-25
-21
-17
-15
-18
-16
-18
-26
-30
-32
-22
-12
-9
-16
-18
-10
-7
-7
-3
8
23
27
17
10
9
15
27
26
18
15
18
27
26
25
24
19
11
2
-2
-8
-9
-13
-14
-22
-31
-32
-34
-36
-51
-64
-74
-83
-92
-106
-117
-122
-121
-117
-114
-109
-93
-73
-65
-67
-67
-61
-55
-57
-64
-67
-61
-61
-57
-55
-50
-41
-24
-4
16
34
41
48
51
53
54
49
44
35
31
29
27
30
38
45
43
35
30
33
41
46
48
47
47
48
52
51
51
56
61
63
65
58
46
31
19
14
14
21
27
31
28
26
30
38
43
43
46
46
48
43
44
44
44
40
34
31
31
28
24
18
10
4
-1
-5
-4
-4
-5
-4
-3
5
12
15
14
10
5
-7
-20
-28
-32
-32
-34
-41
-44
-53
-58
-57
-51
-48
-53
-63
-66
-63
-61
-63
-63
-55
-43
-37
-35
-31
-27
-21
-17
-16
-12
-8
-9
-15
-19
-17
-9
-4
-9
-6
0
4
8
5
-3
-10
-20
-24
-22
-21
-25
-25
-25
-18
-6
3
9
13
15
16
23
26
25
23
21
19
22
21
20
23
19
11
10
8
13
20
19
21
19
15
14
16
18
20
21
16
18
21
21
22
20
17
15
10
2
-1
2
-2
-4
-12
-19
-16
-20
-27
-30
-27
-24
-22
-27
-25
-19
-17
-18
-22
-20
-18
-18
-21
-22
-18
-15
-15
-15
-16
-8
4
15
22
27
34
41
50
56
57
54
42
37
36
40
39
37
35
34
35
31
30
32
35
32
23
16
10
11
8
2
-1
-2
-2
-8
-20
-25
-23
-21
-23
-29
-32
-33
-35
-34
-29
-19
-19
-20
-16
-15
-16
-23
-27
-27
-27
-33
-42
-44
-40
-36
-28
-22
-8
12
24
30
37
46
49
42
27
16
10
4
-5
-13
-16
-14
-12
-9
-2
6
16
19
16
16
19
21
15
3
-2
-1
2
-1
-6
-11
-12
-14
-21
-31
-46
-53
-52
-49
-50
-54
-55
-53
-49
-43
-37
-29
-25
-25
-23
-22
-16
-10
-3
5
9
6
9
19
29
31
29
29
25
18
10
6
6
4
4
5
12
25
37
47
53
55
60
61
60
63
63
63
56
49
41
43
47
43
40
31
23
18
8
-3
-12
-20
-28
-34
-38
-38
-37
-34
-32
-31
-30
-24
-19
-17
-17
-13
-8
-3
3
6
7
8
4
-2
-7
-13
-11
-13
-17
-18
-14
-8
-6
-4
0
9
14
18
24
28
28
25
23
23
18
14
11
11
12
9
7
7
4
-1
-4
-8
-13
-13
-13
-13
-12
-10
-11
-8
-6
-5
-9
-17
-26
-26
-20
-21
-21
-20
-19
-24
-31
-38
-35
-33
-35
-36
-38
-36
-31
-31
-31
-27
-22
-18
-18
-15
-7
-1
-2
-4
-5
-3
1
3
2
6
7
7
10
9
6
6
4
9
15
23
29
34
36
39
37
32
30
22
14
5
0
0
6
10
9
7
6
10
10
3
0
0
0
-6
-9
-11
-13
-12
-12
-10
-10
-12
-12
-11
-7
-5
2
6
12
16
23
31
36
33
27
19
10
6
3
5
8
14
19
30
40
46
55
59
61
62
60
51
41
28
16
9
1
4
8
4
0
-7
-6
1
8
7
0
-7
-13
-18
-25
-31
-33
-30
-27
-23
-19
-17
-15
-14
-12
-15
-19
-28
-42
-48
-52
-56
-60
-57
-50
-47
-47
-44
-36
-26
-24
-28
-29
-33
-35
-40
-38
-30
-21
-14
-14
-9
-1
2
-2
-11
-13
-13
-12
-12
-8
-1
-1
7
14
22
26
24
20
15
16
21
22
19
11
4
3
5
9
17
21
17
11
11
13
10
7
5
2
-3
-11
-14
-12
-10
-9
-9
-10
-5
0
6
9
14
22
26
30
29
33
34
31
30
31
30
30
30
28
31
36
37
41
46
51
56
60
63
63
58
51
43
40
35
34
30
28
26
23
23
23
22
18
11
2
-6
-13
-20
-33
-42
-48
-50
-52
-55
-52
-51
-49
-40
-34
-31
-28
-30
-32
-35
-37
-32
-24
-24
-31
-35
-34
-32
-24
-20
-16
-12
-15
-16
-16
-20
-22
-24
-25
-25
-21
-23
-22
-28
-31
-25
-23
-19
-17
-16
-13
-11
-10
-12
-13
-14
-15
-16
-19
-23
-25
-26
-21
-14
-10
-5
-3
-1
3
6
13
17
17
18
19
16
13
9
5
6
6
8
7
4
4
2
3
4
8
13
11
8
6
5
6
4
4
4
3
4
8
13
17
18
23
28
34
39
39
36
33
36
43
49
55
61
65
62
60
66
69
68
63
60
61
61
57
54
53
51
47
40
23
13
5
-4
-10
-18
-21
-23
-27
-29
-28
-29
-33
-39
-40
-37
-38
-45
-50
-56
-58
-58
-56
-53
-51
-50
-48
-42
-35
-30
-32
-30
-26
-25
-28
-30
-25
-20
-15
-10
-8
-7
-7
-5
-4
1
8
7
5
4
8
9
2
-5
-5
-2
-6
-15
-21
-25
-30
-33
-32
-29
-31
-32
-26
-25
-26
-21
-18
-18
-13
-14
-22
-30
-37
-32
-27
-29
-27
-27
-26
-25
-22
-18
-11
-8
-9
-10
-7
-2
8
15
21
32
37
35
33
34
34
34
33
35
42
47
45
46
51
53
54
54
50
50
49
43
42
48
46
45
47
45
54
56
53
50
50
46
41
37
35
36
27
22
21
23
30
27
16
12
12
7
3
2
0
-5
-11
-12
-16
-21
-26
-31
-33
-32
-36
-37
-35
-35
-31
-28
-26
-21
-20
-23
-28
-31
-31
-33
-39
-38
-31
-27
-28
-29
-29
-28
-23
-21
-21
-23
-26
-23
-21
-24
-19
-14
-12
-9
-13
-16
-12
-10
-7
-6
-9
-9
-12
-17
-15
-12
-13
-12
-12
-17
-17
-13
-5
-3
-9
-15
-10
-10
-17
-24
-25
-22
-27
-26
-26
-25
-20
-16
-17
-15
-12
-9
-4
-4
-5
1
3
2
-1
-6
-5
1
-2
-9
-4
8
17
24
24
24
29
32
34
36
32
30
32
34
37
38
38
42
43
42
45
54
59
57
49
47
48
49
47
40
37
32
29
31
29
29
31
29
23
20
21
22
24
24
25
28
15
6
4
-2
-9
-15
-20
-15
-9
-3
5
6
6
6
1
-6
-6
-4
-6
-11
-22
-25
-26
-27
-27
-24
-22
-22
-17
-14
-11
-8
-10
-14
-20
-27
-31
-37
-37
-40
-43
-42
-40
-36
-37
-50
-52
-45
-44
-44
-44
-48
-48
-50
-61
-57
-53
-54
-51
-48
-40
-37
-36
-37
-34
-29
-30
-26
-27
-27
-22
-15
-9
-10
-12
-12
-10
-9
-5
-3
1
6
12
22
31
33
34
33
33
35
36
35
38
37
32
30
32
35
43
53
52
46
38
34
38
46
45
42
45
45
42
42
36
35
37
36
28
28
30
33
37
40
38
40
41
37
36
32
28
26
23
20
18
17
14
13
15
10
3
5
7
5
2
0
-5
-6
-7
-11
-16
-20
-20
-18
-21
-25
-22
-23
-28
-24
-21
-19
-19
-17
-15
-13
-20
-24
-14
-8
-10
-16
-18
-14
-10
-8
-11
-10
-12
-18
-19
-13
-6
-6
-11
-18
-20
-20
-25
-21
-20
-18
-23
-31
-35
-37
-36
-30
-23
-22
-28
-34
-32
-29
-26
-25
-32
-37
-37
-32
-27
-29
-31
-30
-29
-28
-26
-26
-26
-24
-20
-16
-11
-8
-3
3
1
-6
-9
1
16
18
19
18
22
28
28
28
31
40
43
43
37
33
36
35
34
34
29
24
23
23
25
29
35
37
36
30
26
31
28
25
19
19
26
29
28
24
19
24
28
29
28
20
15
15
16
16
14
9
9
12
14
13
8
8
13
16
12
8
10
12
10
3
1
4
9
11
10
7
1
2
3
2
-1
-6
-8
-6
-7
-14
-18
-22
-24
-27
-33
-40
-45
-43
-41
-46
-49
-47
-44
-43
-47
-45
-39
-37
-40
-44
-38
-36
-34
-38
-44
-41
-42
-44
-42
-35
-36
-35
-27
-22
-20
-22
-22
-11
-4
-7
-7
3
12
16
14
11
15
19
18
16
15
18
19
21
18
21
22
18
19
23
23
20
25
29
31
26
19
19
21
25
23
21
16
11
10
10
9
2
3
4
2
3
2
4
5
5
7
6
6
6
9
15
17
19
19
15
16
21
23
29
28
20
15
12
14
12
10
8
9
8
2
-1
2
4
4
2
-1
0
-3
-1
2
6
5
5
11
15
19
14
8
5
6
7
8
9
5
0
4
6
6
5
2
5
8
4
-4
-8
-6
-7
-10
-16
-26
-33
-29
-23
-20
-26
-35
-38
-37
-32
-34
-39
-40
-43
-45
-44
-45
-42
-40
-38
-41
-42
-41
-41
-33
-32
-35
-33
-28
-22
-12
-9
-13
-9
-4
0
9
19
24
27
29
27
25
27
32
39
41
36
33
29
26
25
24
22
19
16
18
24
20
21
18
5
-1
-6
-5
2
5
1
0
1
5
12
15
16
14
15
15
14
17
18
9
0
-5
1
12
15
10
5
2
6
8
4
-1
-2
-2
-2
1
3
7
11
6
3
4
6
11
17
21
20
20
19
16
15
13
13
18
13
8
3
2
-1
-5
-6
-6
-7
-8
-10
-10
-11
-12
-8
-8
-11
-15
-23
-24
-27
-28
-23
-23
-24
-26
-27
-27
-30
-30
-24
-16
-19
-23
-24
-21
-17
-16
-18
-20
-18
-14
-10
-6
-3
-1
0
-3
1
0
0
1
9
12
9
8
8
12
10
6
2
4
4
0
2
4
4
3
4
3
2
4
7
10
8
5
4
5
4
6
3
-5
-7
-2
0
1
7
8
11
7
5
8
9
11
9
5
2
2
3
0
1
6
6
11
12
17
20
17
16
19
15
7
5
9
13
5
-4
2
13
20
17
12
7
10
13
17
17
12
3
-5
-5
-5
-1
1
-2
-7
-9
-9
-8
-4
-3
-3
-11
-19
-22
-17
-14
-12
-12
-19
-22
-23
-18
-14
-10
-13
-13
-10
-14
-16
-18
-15
-7
-2
-9
-19
-14
-8
-3
-3
-5
-10
-11
-9
-8
1
1
-5
-2
0
3
5
5
4
7
11
14
17
14
12
11
12
14
12
15
16
15
18
15
14
14
14
18
18
19
15
15
10
10
5
1
2
1
6
6
2
-1
-1
-3
-4
-8
-13
-10
-12
-12
-13
-16
-18
-22
-14
-8
-10
-9
-12
-7
-7
-13
-13
-10
-5
-1
-1
-6
-7
-9
-9
-5
0
10
8
3
-1
4
10
5
0
4
7
8
5
4
3
3
0
1
4
6
3
0
-4
-3
4
5
1
0
-4
-6
-6
-9
-6
-2
1
1
-5
-7
-3
3
4
1
4
6
2
1
-3
-2
-1
-5
-7
-8
-4
-1
0
-1
0
-1
-1
-3
0
8
9
9
6
3
6
7
9
9
11
13
10
5
4
6
10
6
4
5
5
2
1
0
-3
-1
0
4
7
6
8
11
16
15
13
13
13
13
5
1
7
9
7
1
-1
4
4
2
-2
0
0
-5
-10
-10
-8
-7
-9
-9
-4
-2
-7
-9
-8
-6
-1
2
0
-7
-10
-8
-9
-10
-12
-14
-18
-23
-25
-26
-28
-28
-28
-28
-25
-20
-14
-12
-13
-11
-9
-4
-4
-4
-6
-5
-3
-7
-10
-9
-6
-4
-8
-5
2
3
-2
-7
-3
3
1
1
0
6
12
9
8
7
8
11
12
11
12
15
17
16
12
10
7
5
5
5
7
11
10
8
10
14
20
18
20
21
24
24
22
20
15
11
9
8
5
6
10
15
16
15
13
10
10
11
14
11
10
15
15
14
13
14
15
14
13
10
6
5
5
4
1
1
2
-3
-11
-16
-14
-11
-12
-14
-16
-19
-21
-22
-21
-20
-20
-19
-20
-19
-24
-25
-23
-19
-15
-18
-19
-20
-20
-19
-17
-13
-11
-12
-14
-20
-20
-16
-12
-10
-8
-6
-7
-5
-8
-7
-4
-2
-2
-4
-8
-9
-9
-7
-8
-10
-11
-14
-14
-10
-8
-5
-5
-7
-8
-4
-3
-3
0
-3
-3
-5
-2
-1
4
9
14
16
15
18
23
27
28
25
25
23
20
21
21
22
20
16
14
19
24
30
33
32
30
27
24
23
26
24
17
15
16
17
18
13
12
11
8
6
4
5
2
-1
-5
-11
-15
-14
-13
-8
-7
-3
-2
-3
-4
-6
-4
-4
-3
-4
-4
-5
-6
-2
0
-1
-4
-5
0
5
4
-1
-8
-13
-16
-15
-13
-16
-24
-28
-24
-19
-11
-7
-7
-6
-4
-2
-1
-1
-5
-12
-18
-20
-20
-24
-28
-29
-28
-29
-32
-36
-35
-31
-26
-22
-20
-18
-14
-11
-9
-6
0
4
2
-1
1
0
2
0
-2
-1
-3
-2
0
5
6
7
9
9
12
13
15
20
21
21
22
20
19
18
17
21
24
24
22
21
15
15
19
20
19
17
16
17
16
16
16
14
11
13
16
19
21
18
16
15
17
15
12
10
7
4
1
-1
1
2
1
2
0
1
4
5
3
-1
-6
-8
-7
-5
-5
-6
-2
-2
-4
-7
-6
-4
-3
-9
-17
-19
-16
-14
-16
-16
-17
-17
-15
-19
-18
-17
-14
-11
-14
-13
-11
-6
-2
-4
-2
-4
-6
-10
-14
-13
-12
-15
-16
-15
-14
-13
-11
-7
-6
-4
-4
-4
-4
-2
3
4
6
5
10
10
5
4
4
1
1
1
1
3
3
2
0
0
-2
-1
0
-4
-7
-9
-11
-8
-4
-3
1
4
6
6
7
11
14
11
2
-2
-2
-1
0
-2
0
-1
-1
1
6
11
9
8
5
0
-1
3
8
8
8
11
13
14
13
15
19
18
13
7
9
12
11
9
6
6
8
7
8
10
11
10
7
7
9
7
8
6
2
0
-3
-2
-1
-2
0
2
2
-2
1
4
1
-1
-4
-5
-4
-8
-10
-11
-14
-14
-12
-12
-15
-13
-13
-14
-14
-13
-13
-11
-13
-14
-10
-7
-9
-10
-13
-19
-19
-18
-17
-15
-12
-9
-10
-11
-11
-8
-5
-8
-8
-6
-5
-6
-5
-1
3
5
7
8
13
15
9
10
11
12
12
10
9
9
9
7
8
9
11
11
10
10
10
8
5
7
9
8
5
5
8
9
7
4
4
7
9
8
4
1
1
2
1
-2
-5
-7
-8
-9
-8
-4
-2
0
2
4
6
7
7
5
2
-1
-5
-3
-3
-5
-2
4
5
5
7
9
10
9
1
0
-2
-6
-6
-4
-1
-1
-4
-5
1
8
7
1
-1
-1
1
1
-5
-6
-7
-6
-6
-8
-6
-4
-3
-2
0
-1
0
0
-6
-10
-11
-9
-9
-10
-12
-12
-11
-10
-10
-7
-5
-1
-1
-5
-8
-5
-4
-2
-2
-1
-3
-3
-2
-4
-3
-2
-1
-2
-4
0
4
2
-1
3
8
9
7
5
9
9
3
0
4
11
13
9
6
7
12
12
9
8
9
8
5
2
0
1
1
3
5
7
7
8
7
5
6
6
2
-1
-3
-3
-4
-6
-7
-7
-6
-4
1
3
3
3
5
3
4
3
0
-6
-10
-13
-11
-9
-7
-6
-3
-1
0
1
0
-1
1
-5
-10
-10
-7
-6
-6
-8
-5
-1
0
0
1
2
1
0
-2
-3
-6
-5
-5
-4
-2
-6
-5
-4
-1
2
4
4
4
3
1
1
0
1
2
3
2
2
4
6
8
9
8
7
8
6
7
7
6
3
0
0
0
1
3
4
1
0
0
-2
1
2
2
-1
-4
-8
-9
-6
-5
-6
-6
-7
-5
-2
0
-1
-2
-3
-4
-5
-5
-5
-5
-7
-8
-2
0
0
2
6
6
3
0
0
5
7
4
4
5
6
9
8
7
6
8
11
10
9
10
9
7
7
5
3
3
2
5
3
0
2
3
5
4
2
2
0
-1
-1
-2
-2
-2
-4
-1
-1
-2
3
0
-5
-8
-9
-8
-9
-8
-9
-13
-11
-14
-12
-9
-9
-9
-7
-5
-5
-7
