SAMPLES:	20146
BITSPERSAMPLE:	16
CHANNELS:	1
SAMPLERATE:	16000
NORMALIZED:	FALSE
0
0
0
1
0
0
0
0
0
0
0
0
0
0
0
0
0
0
1
0
1
0
-1
-1
-1
0
0
0
0
0
0
0
-1
0
0
1
-1
0
1
0
0
0
0
0
0
0
-1
0
0
0
0
0
0
0
0
0
0
0
0
0
0
0
-1
0
0
0
0
0
1
0
0
1
0
0
0
1
0
0
0
1
0
0
0
0
0
1
1
0
0
-1
1
0
0
0
1
0
0
0
1
0
0
1
-1
0
0
0
0
0
0
-1
0
1
0
0
0
0
-1
0
0
-1
-1
0
-1
-1
-1
0
0
0
-1
0
0
0
-1
0
0
0
1
-1
-1
0
0
1
0
-1
-1
1
1
1
-1
-1
-2
-1
1
2
0
-1
-2
0
1
0
0
-1
-1
1
1
1
0
0
0
2
2
1
1
1
1
3
2
2
2
1
2
3
3
2
2
1
2
2
2
0
1
1
3
3
-2
-5
-3
2
4
-1
-8
-12
-8
-2
1
-4
-11
-17
-15
-7
-2
-5
-13
-21
-19
-8
-4
-7
-13
-17
-13
-7
-3
-4
-7
-9
-5
0
4
3
1
1
4
10
12
11
10
11
15
18
12
11
16
20
21
12
9
11
18
21
16
9
6
7
9
13
12
6
-2
-4
3
5
3
-4
-6
2
1
-5
-13
-12
0
10
6
-9
-20
-16
4
15
14
-1
-19
-20
0
22
22
-3
-20
-15
2
13
12
-3
-18
-20
-9
5
-4
-18
-29
-26
-13
-18
-24
-38
-40
-32
-24
-27
-38
-46
-45
-32
-34
-30
-41
-42
-34
-19
-13
-33
-52
-37
30
72
42
-35
-62
9
119
170
114
20
-15
54
168
236
214
116
39
59
188
294
256
124
41
91
191
232
183
94
37
43
99
127
78
-10
-65
-44
-10
-7
-62
-131
-167
-147
-121
-139
-190
-245
-163
-158
-222
-296
-305
-170
-104
-146
-277
-329
-264
-120
-50
-75
-147
-235
-211
-90
63
84
-52
-144
-101
31
128
122
36
-26
-14
71
148
108
46
-3
16
68
69
53
1
-37
-20
3
-1
-37
-78
-74
-68
-72
-61
-85
-128
-133
-91
-43
-74
-104
-90
-62
-59
-59
-15
40
109
86
29
8
123
290
340
283
204
218
286
396
479
496
444
348
328
434
568
585
441
329
337
399
422
385
309
221
150
140
153
101
15
-80
-128
-141
-175
-231
-305
-359
-392
-429
-445
-471
-523
-566
-575
-570
-574
-591
-585
-573
-577
-554
-515
-489
-485
-448
-401
-229
-191
-292
-306
-232
10
170
176
52
-16
75
320
507
477
374
271
317
460
619
647
475
317
339
468
546
497
313
176
194
264
283
149
10
-47
-65
-39
-71
-165
-256
-329
-325
-294
-318
-388
-479
-480
-407
-414
-457
-488
-470
-435
-399
-346
-344
-373
-341
-262
-183
-116
-94
-105
-143
-13
241
389
263
80
127
383
697
765
586
381
411
613
855
935
823
598
430
557
812
925
729
408
285
401
559
541
316
98
24
42
71
40
-115
-301
-411
-367
-323
-393
-532
-656
-673
-624
-588
-639
-748
-787
-725
-657
-647
-683
-698
-640
-564
-521
-506
-451
-418
-337
-306
-152
33
-101
-102
-39
173
375
393
317
242
317
491
664
630
562
485
480
585
692
718
543
352
372
479
502
416
249
97
78
103
118
29
-137
-253
-284
-245
-272
-395
-476
-525
-560
-530
-551
-591
-673
-680
-622
-623
-633
-636
-631
-599
-530
-452
-413
-442
-405
-283
-172
-123
-97
-70
75
311
375
231
171
389
726
867
754
617
622
738
952
1090
1088
959
713
691
912
1146
1067
703
490
557
680
682
553
357
177
62
102
160
46
-175
-368
-413
-347
-371
-499
-651
-727
-722
-727
-727
-762
-864
-905
-864
-787
-755
-811
-834
-770
-681
-604
-568
-539
-513
-419
-288
-198
-137
-140
72
117
158
268
310
447
510
593
596
637
654
731
758
764
805
723
666
662
713
675
503
441
429
344
244
164
74
-26
-106
-210
-291
-395
-436
-508
-639
-715
-782
-766
-772
-848
-941
-998
-957
-925
-880
-877
-915
-975
-895
-722
-647
-662
-711
-566
-399
-290
-197
-183
-139
-71
167
377
553
611
453
430
607
1076
1362
1220
939
865
1111
1437
1575
1478
1318
1108
1069
1221
1453
1490
1115
737
701
896
948
730
468
270
160
125
114
21
-198
-444
-572
-543
-526
-656
-875
-993
-984
-976
-1004
-1062
-1114
-1166
-1188
-1112
-1035
-1034
-1060
-1024
-942
-868
-788
-703
-620
-573
-488
-384
-254
-151
-75
-3
57
339
465
385
298
376
690
889
893
722
607
635
877
1017
931
746
564
574
638
742
717
387
87
87
256
290
49
-259
-411
-420
-340
-344
-548
-755
-889
-849
-752
-788
-866
-989
-1053
-1001
-917
-818
-828
-919
-919
-770
-657
-591
-589
-517
-407
-344
-239
-116
54
102
171
208
233
407
685
961
901
655
567
779
1308
1588
1365
953
840
1105
1467
1596
1455
1232
934
860
1063
1356
1312
827
423
439
684
743
469
120
-31
-99
-148
-143
-223
-447
-706
-770
-673
-705
-875
-1029
-1026
-967
-988
-1062
-1118
-1086
-1030
-975
-951
-960
-950
-886
-744
-623
-597
-621
-570
-402
-254
-165
-110
-79
-52
48
208
326
354
432
584
548
457
459
607
835
933
737
470
456
625
819
735
526
383
271
294
385
405
208
-122
-222
-107
-73
-190
-390
-570
-609
-588
-571
-642
-781
-848
-873
-815
-810
-883
-879
-858
-833
-830
-766
-706
-671
-618
-524
-462
-497
-393
-248
-96
-71
-101
-61
62
301
491
527
289
191
546
1095
1259
855
461
504
1071
1558
1531
1119
753
819
1144
1511
1581
1283
868
633
843
1299
1408
933
377
270
567
764
582
259
-3
-99
-102
-75
-90
-303
-568
-687
-632
-596
-693
-823
-895
-892
-912
-955
-960
-944
-924
-920
-915
-956
-969
-867
-708
-609
-675
-763
-703
-520
-329
-255
-290
-336
-304
-130
16
96
63
117
284
238
278
344
463
560
521
501
493
526
535
567
546
525
458
375
372
382
381
214
22
32
78
7
-186
-345
-398
-424
-455
-493
-591
-712
-772
-762
-686
-706
-814
-865
-800
-718
-686
-692
-679
-649
-560
-421
-341
-336
-345
-235
-87
28
51
89
127
161
365
604
667
533
341
528
995
1331
1129
599
454
906
1525
1595
1223
794
753
1013
1376
1602
1421
894
489
634
1172
1421
954
290
81
403
687
547
176
-104
-291
-301
-181
-121
-338
-723
-893
-762
-583
-650
-878
-1005
-948
-864
-889
-945
-940
-885
-891
-912
-881
-848
-793
-706
-615
-610
-672
-631
-466
-338
-321
-344
-367
-258
-151
-66
-57
22
198
201
193
132
274
427
510
528
473
383
321
461
603
681
537
323
235
311
464
445
233
4
-95
-36
-25
-90
-228
-376
-499
-538
-476
-481
-587
-759
-783
-673
-656
-723
-794
-761
-673
-649
-593
-588
-566
-472
-372
-318
-340
-285
-117
-13
19
35
112
226
320
448
535
546
548
566
653
864
1127
1165
881
647
780
1309
1641
1462
991
758
973
1339
1521
1368
1107
784
647
829
1218
1282
719
126
97
490
689
389
-65
-309
-332
-291
-267
-290
-483
-807
-1000
-865
-638
-658
-949
-1150
-1094
-966
-918
-942
-951
-995
-1064
-1015
-848
-719
-751
-834
-808
-681
-559
-504
-463
-436
-427
-372
-248
-120
-119
-187
9
154
193
87
-1
228
470
556
337
165
211
440
562
503
363
222
204
247
376
399
179
-42
-96
-12
58
-35
-228
-410
-442
-355
-304
-439
-593
-684
-624
-512
-509
-569
-667
-681
-558
-433
-395
-427
-500
-398
-264
-139
-94
-119
-70
28
137
240
319
318
353
461
611
734
645
652
717
1044
1330
1033
757
638
1156
1657
1568
1106
773
917
1272
1524
1470
1268
878
660
778
1141
1345
951
257
49
351
681
507
30
-294
-365
-288
-245
-308
-554
-819
-998
-928
-802
-845
-1023
-1211
-1203
-1094
-1112
-1151
-1153
-1135
-1120
-1139
-1087
-1031
-1013
-926
-816
-794
-805
-783
-665
-509
-431
-400
-396
-362
-236
-73
49
70
52
89
196
403
536
487
400
404
515
630
647
608
564
499
494
526
529
465
338
282
256
204
93
3
-78
-166
-237
-313
-350
-456
-535
-573
-578
-562
-623
-655
-664
-646
-602
-590
-589
-551
-465
-427
-409
-364
-277
-207
-186
-97
-39
26
121
184
339
375
408
441
511
718
871
1139
1023
807
747
986
1529
1683
1390
936
905
1246
1615
1649
1430
1110
851
920
1215
1429
1197
572
220
380
690
678
245
-156
-337
-267
-196
-255
-476
-796
-1007
-961
-770
-828
-1133
-1360
-1284
-1082
-1058
-1214
-1336
-1316
-1200
-1090
-1038
-1047
-1144
-1194
-1022
-768
-661
-753
-890
-764
-486
-264
-197
-296
-333
-245
2
319
337
194
71
186
516
739
751
527
411
499
730
854
785
602
457
482
595
646
503
278
164
161
180
118
-21
-217
-365
-406
-407
-411
-523
-656
-742
-760
-743
-714
-727
-791
-849
-841
-701
-600
-624
-712
-683
-505
-345
-267
-300
-255
-172
3
156
196
263
263
401
496
638
770
910
1108
993
911
930
1265
1635
1673
1364
1081
1201
1507
1785
1654
1420
1220
1105
1155
1312
1472
1229
698
418
579
820
666
274
-42
-116
-114
-246
-339
-475
-640
-847
-980
-908
-926
-1077
-1271
-1334
-1241
-1268
-1354
-1337
-1278
-1278
-1364
-1343
-1191
-1077
-1073
-1090
-1066
-923
-814
-789
-640
-549
-503
-453
-334
-158
-49
30
82
175
215
190
304
514
639
617
470
450
630
746
756
682
594
567
517
559
605
519
338
177
164
219
207
38
-200
-315
-288
-307
-444
-588
-656
-691
-704
-744
-794
-840
-876
-848
-796
-736
-744
-765
-729
-665
-553
-430
-392
-371
-302
-154
17
114
174
264
424
490
504
639
881
1213
1186
949
868
1112
1662
1896
1654
1240
1137
1401
1813
1911
1734
1460
1183
1119
1293
1576
1525
999
488
513
815
865
469
22
-147
-157
-167
-246
-445
-722
-1008
-1090
-947
-895
-1138
-1490
-1573
-1320
-1163
-1364
-1574
-1593
-1424
-1294
-1302
-1305
-1307
-1304
-1233
-1088
-885
-803
-904
-917
-683
-399
-230
-257
-275
-143
26
337
422
397
304
320
648
888
877
647
486
636
961
1032
888
682
597
634
669
698
607
364
179
152
194
137
-50
-250
-378
-387
-383
-483
-680
-804
-843
-822
-870
-975
-990
-1038
-1047
-993
-963
-968
-993
-939
-797
-720
-704
-625
-532
-323
-247
-117
-29
61
237
366
507
519
648
797
1258
1280
1046
934
1158
1857
2079
1838
1386
1285
1595
2045
2141
1917
1527
1252
1285
1498
1776
1647
1052
610
686
1025
1027
567
162
-58
-59
-99
-212
-414
-706
-932
-1034
-975
-988
-1161
-1411
-1553
-1448
-1390
-1457
-1539
-1597
-1565
-1514
-1481
-1455
-1413
-1306
-1191
-1114
-1039
-905
-767
-750
-635
-508
-335
-243
-212
-106
14
317
349
397
311
299
617
858
962
711
540
642
947
1058
917
688
529
545
594
689
595
267
42
-32
63
129
10
-252
-525
-537
-467
-470
-639
-776
-851
-932
-942
-894
-872
-1002
-1163
-1096
-908
-860
-903
-936
-821
-684
-638
-571
-487
-312
-206
-120
44
197
346
452
479
551
724
887
1295
1222
1003
1021
1269
1816
1929
1696
1352
1350
1591
1978
1976
1716
1505
1336
1410
1482
1580
1497
1035
689
752
918
897
543
221
36
-53
-152
-191
-344
-592
-852
-1003
-909
-902
-1036
-1290
-1500
-1449
-1378
-1390
-1371
-1446
-1537
-1578
-1481
-1223
-1163
-1298
-1294
-1171
-931
-839
-872
-790
-691
-527
-449
-396
-236
-163
77
144
151
255
220
436
683
819
684
474
473
764
954
859
646
494
554
615
688
703
487
201
82
133
232
124
-99
-313
-392
-350
-308
-454
-648
-763
-808
-798
-842
-866
-868
-935
-1021
-996
-895
-795
-826
-873
-790
-620
-526
-526
-547
-387
-294
-171
-23
107
276
340
404
635
787
1060
1252
891
917
1074
1602
1931
1692
1391
1293
1480
1806
2044
1866
1652
1365
1349
1463
1587
1603
1270
831
768
941
1032
798
375
119
31
-56
-152
-257
-466
-661
-943
-1019
-980
-987
-1122
-1356
-1437
-1388
-1421
-1464
-1403
-1349
-1389
-1520
-1456
-1235
-1102
-1077
-1151
-1105
-1025
-941
-703
-531
-447
-471
-509
-326
3
152
200
115
97
312
418
492
539
535
520
450
533
736
805
661
443
426
563
629
501
396
291
179
105
67
69
7
-147
-322
-435
-419
-358
-439
-621
-765
-728
-693
-743
-822
-780
-747
-841
-915
-843
-669
-635
-668
-684
-571
-448
-413
-335
-243
-94
-59
-1
186
325
363
505
589
895
1060
826
857
937
1394
1671
1476
1188
1166
1410
1725
1799
1611
1470
1238
1229
1396
1538
1446
1052
665
775
993
954
634
250
202
308
189
-24
-218
-390
-480
-680
-679
-686
-826
-963
-1136
-1088
-1045
-1208
-1288
-1291
-1225
-1183
-1328
-1361
-1265
-1161
-1032
-1047
-1061
-986
-892
-623
-525
-504
-545
-545
-252
-14
90
19
-68
75
346
438
432
360
328
371
429
619
685
655
586
436
444
488
498
433
294
184
117
100
34
31
4
-63
-199
-329
-352
-339
-311
-412
-578
-690
-764
-787
-761
-750
-776
-811
-848
-870
-791
-719
-619
-555
-567
-576
-636
-501
-263
-141
-100
-122
-65
61
294
451
747
810
530
553
827
1414
1664
1386
987
1008
1396
1793
1877
1641
1442
1264
1341
1547
1752
1703
1254
814
846
1148
1275
958
498
305
347
353
260
62
-176
-366
-580
-584
-576
-708
-897
-1100
-1064
-981
-1105
-1216
-1287
-1263
-1249
-1374
-1351
-1277
-1229
-1168
-1279
-1201
-1031
-834
-693
-671
-643
-623
-427
-246
-53
-45
-103
-70
112
301
325
330
347
396
429
480
561
623
607
545
491
497
480
431
352
316
290
281
147
-10
-66
-75
-106
-231
-273
-280
-297
-441
-560
-580
-576
-567
-680
-740
-789
-800
-756
-770
-767
-799
-836
-823
-691
-540
-454
-521
-529
-421
-249
-66
-57
-118
72
201
493
680
400
422
535
1069
1477
1415
1069
929
1231
1700
1977
1717
1465
1307
1429
1663
1790
1718
1402
975
966
1254
1354
1084
614
443
535
527
392
178
-69
-177
-340
-353
-382
-593
-780
-968
-995
-951
-1101
-1243
-1288
-1228
-1194
-1290
-1330
-1252
-1182
-1249
-1207
-1130
-1040
-1036
-977
-885
-774
-661
-613
-426
-290
-202
-177
-113
56
254
312
292
340
466
501
496
537
582
590
538
566
570
523
434
368
356
281
153
66
52
126
124
-12
-215
-339
-300
-256
-293
-428
-638
-758
-649
-572
-613
-713
-861
-892
-874
-756
-636
-710
-811
-848
-738
-611
-568
-537
-508
-482
-375
-295
-71
117
207
418
207
233
487
828
1186
1171
981
904
1099
1445
1819
1803
1664
1528
1507
1630
1814
1884
1789
1450
1188
1339
1431
1383
1137
847
759
643
549
476
263
111
-144
-300
-338
-502
-624
-779
-904
-963
-1084
-1196
-1224
-1222
-1258
-1375
-1491
-1505
-1416
-1332
-1285
-1245
-1187
-1137
-1071
-974
-889
-795
-755
-614
-454
-373
-324
-248
-50
186
256
285
371
483
642
634
668
692
677
631
540
629
666
554
438
409
454
426
290
203
143
25
-110
-215
-253
-301
-395
-470
-513
-577
-628
-703
-755
-741
-799
-860
-899
-848
-790
-843
-905
-908
-792
-639
-592
-600
-593
-575
-481
-376
-353
-187
-36
75
328
224
211
309
630
1121
1210
1019
835
968
1339
1726
1712
1554
1391
1395
1615
1847
1957
1809
1395
1129
1377
1676
1627
1193
780
790
897
839
707
401
176
-51
-220
-178
-258
-379
-647
-880
-804
-828
-975
-1163
-1261
-1221
-1318
-1430
-1374
-1317
-1278
-1378
-1441
-1320
-1196
-1138
-1137
-1033
-899
-744
-738
-624
-413
-220
-130
-121
28
96
209
379
501
528
434
454
647
812
839
671
530
541
635
682
593
474
360
257
189
179
151
-4
-236
-319
-303
-303
-391
-540
-664
-764
-796
-807
-780
-810
-899
-1030
-1009
-886
-828
-846
-950
-950
-848
-789
-688
-569
-511
-425
-420
-399
-232
-88
146
358
119
60
220
666
1165
1127
821
661
886
1358
1698
1575
1411
1297
1412
1641
1839
1914
1698
1343
1225
1483
1676
1496
1086
847
920
990
887
699
462
359
215
118
36
-137
-294
-468
-543
-567
-692
-877
-1019
-1040
-976
-1052
-1177
-1198
-1171
-1115
-1170
-1222
-1082
-1112
-1068
-1001
-940
-830
-906
-761
-595
-457
-409
-428
-353
-179
-8
79
193
239
309
302
361
488
569
573
409
412
515
519
454
339
358
348
267
148
66
59
-40
-151
-218
-227
-290
-444
-565
-623
-680
-744
-808
-787
-770
-843
-900
-850
-776
-725
-763
-855
-830
-763
-675
-618
-587
-498
-456
-446
-415
-169
-6
141
257
82
156
294
690
1073
992
668
584
865
1318
1552
1410
1292
1154
1281
1456
1612
1727
1538
1254
1185
1382
1565
1398
1058
878
890
919
810
645
486
347
201
182
132
1
-145
-295
-337
-317
-441
-622
-757
-805
-754
-849
-965
-1017
-995
-894
-926
-1003
-950
-967
-974
-937
-911
-749
-719
-697
-625
-568
-459
-400
-374
-297
-176
-14
96
24
-2
63
248
342
300
253
184
253
369
372
310
177
98
107
88
103
90
23
-94
-202
-190
-169
-214
-323
-441
-484
-548
-599
-634
-632
-644
-761
-827
-728
-630
-638
-713
-719
-637
-552
-538
-523
-490
-504
-417
-445
-442
-200
-73
204
159
-91
53
306
799
1035
868
548
518
831
1302
1436
1205
1100
1041
1253
1466
1598
1635
1313
998
1098
1381
1545
1273
885
783
834
933
869
642
457
281
149
158
101
-15
-162
-337
-374
-353
-429
-487
-602
-635
-638
-742
-764
-793
-816
-794
-901
-925
-906
-794
-714
-713
-603
-649
-643
-623
-467
-377
-358
-361
-283
-203
-220
-71
70
184
99
18
140
253
320
301
141
98
129
213
264
171
36
-60
-126
-65
17
-47
-200
-398
-359
-254
-279
-341
-437
-450
-500
-590
-596
-592
-642
-778
-892
-798
-658
-660
-711
-773
-737
-655
-616
-501
-377
-380
-416
-460
-359
-86
10
206
275
56
97
220
646
1058
989
675
487
716
1263
1539
1345
1113
989
1192
1442
1561
1643
1393
990
949
1182
1426
1238
757
552
611
780
783
501
213
41
-13
83
68
-48
-234
-473
-477
-372
-363
-435
-586
-573
-555
-682
-668
-627
-570
-603
-733
-753
-662
-581
-417
-417
-518
-464
-573
-412
-176
-78
-38
-212
-233
-44
69
179
237
159
90
36
240
394
256
88
-38
26
98
73
93
8
-141
-232
-234
-195
-243
-377
-522
-559
-565
-582
-627
-673
-636
-660
-693
-668
-657
-650
-654
-730
-752
-681
-618
-566
-625
-688
-611
-499
-431
-329
-233
-220
-264
-270
-178
50
163
282
448
254
240
371
702
1072
1083
832
611
746
1165
1553
1396
1107
903
976
1204
1400
1540
1348
946
717
922
1217
1202
854
531
433
513
575
461
253
61
-121
-219
-205
-200
-293
-542
-683
-571
-510
-561
-662
-713
-694
-754
-755
-655
-592
-605
-730
-790
-676
-598
-451
-397
-383
-214
-189
-184
-130
-5
169
273
269
229
142
116
340
561
587
340
218
347
509
591
461
360
242
158
192
213
145
-97
-330
-388
-321
-296
-459
-708
-806
-784
-720
-715
-779
-873
-1019
-1076
-1032
-948
-924
-982
-1074
-1028
-892
-772
-792
-859
-761
-683
-670
-647
-450
-261
-220
-302
-255
-84
190
347
567
657
377
408
597
1096
1411
1307
944
783
1095
1628
1876
1588
1343
1215
1318
1485
1656
1699
1339
819
763
1100
1324
1089
596
312
339
426
378
221
-29
-201
-432
-506
-444
-451
-583
-837
-856
-767
-783
-899
-1006
-966
-946
-991
-1001
-934
-836
-767
-784
-753
-645
-518
-435
-362
-207
-82
-37
-139
-1
245
420
436
317
297
372
564
766
874
738
586
576
710
808
723
582
441
303
288
305
301
161
-113
-282
-300
-276
-329
-550
-794
-844
-852
-817
-893
-1059
-1187
-1253
-1216
-1132
-1089
-1194
-1334
-1369
-1273
-1106
-1025
-1067
-1014
-923
-807
-662
-540
-386
-309
-309
-223
-59
55
303
365
658
713
502
639
830
1350
1622
1471
1140
1104
1398
1924
2029
1709
1525
1406
1578
1678
1775
1837
1449
935
900
1164
1317
977
418
257
369
396
254
-59
-253
-389
-604
-596
-599
-651
-850
-1137
-1158
-1054
-1075
-1208
-1334
-1319
-1218
-1258
-1223
-1094
-1019
-932
-988
-966
-712
-590
-479
-328
-280
-220
-171
-66
242
483
486
484
523
733
929
989
983
906
906
954
1029
1028
962
806
714
733
722
628
421
340
296
202
93
-64
-188
-351
-542
-639
-690
-845
-1013
-1124
-1222
-1233
-1333
-1398
-1402
-1493
-1493
-1478
-1402
-1312
-1342
-1367
-1294
-1233
-1120
-986
-883
-780
-709
-592
-466
-350
-208
-77
155
348
600
781
590
630
870
1389
1715
1534
1273
1214
1555
2025
2249
2037
1754
1615
1765
1919
2040
1989
1631
1204
1044
1304
1434
1097
596
362
432
462
261
2
-237
-417
-626
-736
-738
-756
-904
-1162
-1288
-1244
-1230
-1374
-1451
-1427
-1386
-1432
-1458
-1340
-1198
-1149
-1157
-1132
-955
-724
-713
-586
-446
-277
-195
-114
105
350
398
357
585
824
1091
1024
906
918
1074
1185
1124
1000
982
1041
941
859
811
797
635
453
386
374
222
4
-177
-253
-330
-480
-624
-817
-912
-967
-1078
-1179
-1278
-1324
-1366
-1490
-1506
-1502
-1499
-1452
-1452
-1418
-1420
-1346
-1208
-1056
-956
-901
-812
-724
-519
-339
-215
-129
78
311
545
775
701
710
848
1221
1745
1835
1546
1281
1422
1895
2254
2194
1876
1692
1770
1947
2095
2082
1842
1410
1158
1341
1541
1343
831
465
460
434
274
92
-132
-341
-595
-734
-739
-804
-964
-1191
-1348
-1326
-1339
-1479
-1548
-1534
-1472
-1511
-1574
-1454
-1324
-1271
-1258
-1198
-1073
-953
-827
-744
-545
-360
-392
-297
-63
273
377
286
316
561
819
898
964
969
991
968
1084
1200
1220
1177
1006
849
822
935
897
656
461
362
288
122
-11
-66
-213
-431
-658
-697
-721
-906
-1023
-1154
-1235
-1281
-1383
-1400
-1405
-1410
-1449
-1481
-1424
-1371
-1395
-1326
-1189
-1060
-975
-979
-856
-636
-475
-376
-357
-268
-82
203
391
605
656
573
663
891
1538
1874
1667
1235
1209
1687
2198
2310
2005
1736
1650
1867
2059
2171
2061
1638
1207
1152
1492
1655
1261
674
374
464
519
399
175
-134
-400
-601
-638
-637
-741
-1018
-1323
-1423
-1331
-1319
-1415
-1474
-1465
-1450
-1538
-1560
-1438
-1315
-1298
-1339
-1280
-1156
-941
-831
-710
-519
-533
-390
-236
54
269
237
227
285
503
725
848
807
742
662
768
955
1057
1042
833
623
614
766
888
787
569
386
287
221
166
85
-93
-271
-475
-562
-645
-762
-799
-883
-1043
-1183
-1220
-1149
-1120
-1218
-1304
-1305
-1256
-1186
-1160
-1112
-1058
-1072
-1003
-930
-790
-633
-591
-542
-411
-174
21
212
341
636
702
560
592
848
1478
1764
1559
1168
1139
1546
2054
2184
1958
1754
1644
1764
1975
2194
2159
1694
1192
1208
1578
1763
1361
706
405
441
519
449
151
-204
-521
-673
-592
-572
-677
-978
-1258
-1291
-1202
-1196
-1354
-1493
-1496
-1504
-1582
-1586
-1497
-1369
-1332
-1361
-1312
-1216
-1098
-898
-859
-706
-677
-643
-438
-249
109
228
112
82
344
667
943
890
764
667
708
1007
1189
1156
914
714
693
800
903
876
619
312
199
239
218
127
-80
-315
-461
-493
-464
-526
-723
-869
-988
-1060
-1058
-1118
-1111
-1232
-1369
-1332
-1269
-1162
-1179
-1214
-1149
-1064
-944
-892
-820
-634
-535
-482
-411
-265
-101
30
244
593
651
507
572
841
1440
1710
1550
1282
1191
1573
2098
2246
2004
1703
1606
1746
1936
2145
2112
1643
1204
1273
1651
1802
1366
806
578
631
745
595
271
-61
-359
-484
-498
-531
-647
-963
-1253
-1301
-1218
-1232
-1398
-1544
-1555
-1562
-1615
-1592
-1510
-1370
-1315
-1377
-1346
-1284
-1149
-933
-841
-648
-707
-737
-527
-248
162
70
-135
-70
251
648
838
745
555
485
647
971
1061
913
683
582
663
819
895
717
429
278
376
427
272
100
-91
-245
-339
-383
-427
-599
-781
-836
-891
-971
-1046
-1056
-1054
-1135
-1211
-1188
-1092
-1052
-1035
-1072
-1002
-872
-795
-749
-731
-597
-530
-470
-403
-239
-52
85
287
499
500
358
422
752
1341
1566
1349
993
1017
1500
2003
2105
1789
1587
1584
1737
1954
2129
2025
1559
1148
1247
1598
1693
1283
750
577
645
694
564
280
22
-161
-292
-314
-357
-512
-781
-1059
-1079
-967
-1064
-1288
-1445
-1398
-1316
-1401
-1468
-1431
-1317
-1259
-1346
-1367
-1270
-1133
-1002
-922
-801
-817
-772
-631
-336
31
1
-80
-86
87
418
657
698
598
395
404
728
1030
1108
766
407
406
624
843
786
477
263
160
148
240
219
-7
-312
-527
-458
-383
-519
-678
-897
-936
-994
-1044
-991
-1025
-1124
-1282
-1253
-1108
-1038
-1119
-1161
-1094
-956
-936
-936
-821
-606
-488
-455
-460
-297
-40
144
406
631
772
540
581
973
1682
2087
1791
1371
1374
1921
2491
2647
2301
2001
1899
2125
2411
2688
2657
2105
1557
1582
2066
2254
1778
1106
811
862
956
832
517
71
-320
-568
-614
-562
-672
-1064
-1512
-1648
-1518
-1496
-1767
-1978
-1946
-1895
-1973
-2072
-2002
-1863
-1882
-1946
-1960
-1872
-1751
-1591
-1336
-1184
-1244
-1328
-1021
-576
70
134
-460
-553
-186
689
1194
957
481
162
390
1132
1695
1535
822
257
490
1059
1464
1328
634
73
117
533
700
295
-229
-478
-459
-342
-287
-496
-885
-1141
-1179
-1046
-1104
-1255
-1331
-1429
-1443
-1381
-1312
-1288
-1434
-1461
-1356
-1241
-1122
-1092
-999
-705
-565
-550
-576
-452
-83
165
436
705
891
677
656
1040
1812
2382
2099
1581
1355
1914
2806
3216
2810
2224
2083
2358
2671
2957
2998
2503
1811
1625
2075
2451
2082
1286
852
836
962
878
572
101
-313
-561
-619
-581
-650
-1008
-1549
-1735
-1563
-1437
-1687
-1999
-2041
-1979
-2015
-2099
-2029
-1888
-1886
-1922
-1919
-1845
-1715
-1535
-1308
-1177
-1201
-1137
-1023
-896
-465
-182
-80
-196
-201
103
513
903
985
744
412
506
1040
1495
1301
853
639
666
795
979
1007
636
134
-16
208
363
175
-191
-505
-637
-598
-511
-543
-885
-1174
-1261
-1237
-1113
-1076
-1197
-1418
-1515
-1335
-1204
-1226
-1238
-1219
-1149
-1063
-1002
-900
-794
-564
-420
-438
-467
-263
88
298
433
695
924
686
683
1096
1866
2349
2119
1620
1391
1917
2779
3120
2719
2221
2073
2307
2509
2844
2956
2374
1566
1428
2107
2477
1950
1084
622
767
1032
933
513
-63
-417
-503
-491
-431
-543
-992
-1526
-1642
-1342
-1266
-1681
-2066
-2032
-1862
-1896
-2062
-2072
-1943
-1881
-1796
-1768
-1772
-1630
-1435
-1269
-1245
-1243
-1170
-857
-614
-539
-307
-272
-65
133
374
586
597
643
738
897
961
987
842
775
685
776
893
721
502
430
464
345
157
38
-15
-136
-316
-446
-598
-749
-800
-834
-897
-1169
-1339
-1269
-1262
-1281
-1438
-1514
-1435
-1404
-1417
-1391
-1277
-1151
-1140
-1067
-903
-804
-715
-535
-306
-153
-148
-129
165
376
687
1068
1347
1061
817
1104
1766
2510
2489
2040
1565
1748
2494
3236
3102
2516
2184
2213
2502
2790
3079
2745
1877
1371
1783
2375
2265
1380
682
661
924
888
474
-26
-340
-460
-632
-709
-778
-972
-1424
-1723
-1585
-1429
-1622
-1912
-1949
-1830
-1829
-1956
-1975
-1850
-1707
-1782
-1943
-1909
-1618
-1292
-1306
-1423
-1339
-1106
-1039
-835
-702
-128
-244
-416
-36
-223
328
334
557
636
489
315
354
633
904
1032
511
342
226
608
711
474
270
-21
-298
-198
44
-58
-576
-1018
-1053
-753
-631
-811
-1199
-1514
-1208
-1012
-930
-1181
-1386
-1256
-1251
-1251
-984
-902
-1029
-1182
-1080
-549
-496
-525
-524
-349
28
193
166
216
398
701
1043
1350
1547
1123
1017
1238
2109
2919
2649
1885
1464
1915
2907
3462
2991
2367
1882
2165
2584
2878
2927
2253
1418
1146
1788
2300
1909
911
464
684
866
684
251
-47
-292
-551
-644
-700
-812
-1066
-1490
-1608
-1438
-1390
-1633
-1935
-1950
-1748
-1763
-1872
-1836
-1729
-1724
-1869
-1824
-1578
-1422
-1467
-1511
-1461
-1261
-1096
-1064
-870
-730
-329
-342
-541
-272
-193
83
290
449
465
154
-109
221
729
825
446
26
21
215
450
493
232
-144
-253
-216
-46
-45
-317
-629
-801
-723
-453
-494
-829
-1052
-1028
-834
-949
-1013
-954
-970
-1052
-1186
-972
-704
-721
-852
-902
-548
-346
-352
-323
-163
194
270
282
254
502
707
857
1031
1398
1645
1156
1021
1274
2191
2842
2357
1556
1304
1942
2896
3099
2532
1998
1763
2069
2342
2629
2688
1966
1129
1114
1792
2165
1601
634
285
566
774
592
181
-226
-461
-636
-635
-645
-785
-1052
-1496
-1546
-1311
-1254
-1571
-1929
-1764
-1505
-1461
-1648
-1764
-1630
-1581
-1541
-1534
-1473
-1417
-1368
-1258
-1177
-1069
-1031
-1058
-964
-778
-278
54
-321
-735
-754
-192
620
859
238
-544
-689
144
1134
1110
203
-498
-421
176
603
663
176
-672
-880
-392
226
202
-514
-1101
-1088
-740
-365
-447
-907
-1278
-1280
-857
-624
-765
-999
-1124
-1004
-726
-546
-522
-619
-665
-548
-303
-138
-136
-206
21
304
399
323
245
546
815
1079
1214
1448
1249
936
1154
1763
2497
2505
1965
1343
1492
2309
3115
2866
2034
1634
1803
2275
2432
2449
2207
1494
961
1380
2073
2040
1098
258
349
878
1042
653
-23
-401
-431
-382
-316
-415
-692
-1165
-1458
-1217
-852
-1008
-1516
-1786
-1535
-1316
-1429
-1610
-1635
-1474
-1456
-1518
-1582
-1474
-1379
-1391
-1339
-1236
-1112
-1250
-1204
-992
-521
-428
-741
-751
-740
-381
-181
-72
-36
-238
-427
-253
128
434
308
-131
-274
-180
202
263
37
-231
-459
-480
-361
-269
-311
-612
-908
-847
-537
-375
-556
-908
-1031
-805
-652
-660
-730
-738
-696
-646
-563
-291
-149
-240
-415
-295
50
145
65
-44
182
431
517
427
427
692
854
936
1093
1429
1335
992
922
1439
2313
2435
1817
1197
1385
2178
2807
2649
2024
1658
1724
1957
2181
2381
2128
1420
898
1286
1941
1885
1040
323
439
900
957
554
0
-261
-289
-289
-227
-361
-586
-937
-1197
-1055
-868
-1009
-1354
-1577
-1456
-1338
-1405
-1494
-1534
-1494
-1477
-1503
-1446
-1410
-1416
-1352
-1297
-1225
-1227
-1308
-1273
-1038
-926
-434
-519
-985
-1086
-936
-62
485
236
-652
-1151
-778
413
1022
310
-600
-899
-346
263
505
418
-296
-1010
-835
-22
552
46
-861
-1174
-785
-271
-112
-555
-1040
-1142
-776
-351
-432
-670
-773
-783
-660
-362
-265
-267
-491
-505
-166
46
120
-102
-106
294
474
466
342
351
711
825
986
1276
1502
1161
849
1062
1752
2519
2369
1719
1124
1557
2617
3153
2670
1900
1677
1920
2248
2515
2615
2088
1254
1004
1695
2260
1802
803
289
614
1103
971
372
-203
-279
-180
-251
-383
-600
-828
-1197
-1300
-1116
-971
-1241
-1752
-1822
-1632
-1489
-1621
-1875
-1889
-1763
-1616
-1654
-1811
-1822
-1701
-1489
-1427
-1445
-1464
-1434
-1178
-959
-841
-589
-689
-811
-641
-403
124
323
81
-338
-391
90
630
721
260
-60
-57
235
496
573
416
-169
-448
-166
213
258
-217
-673
-729
-499
-294
-337
-686
-982
-974
-721
-536
-709
-916
-1055
-1062
-804
-594
-543
-652
-886
-771
-410
-188
-213
-492
-427
22
229
258
138
212
465
652
914
1271
1247
899
901
1326
2250
2652
2268
1559
1371
2093
2972
3176
2504
1977
1920
2255
2657
2869
2670
1924
1263
1489
2251
2492
1717
750
568
1025
1341
1014
305
-237
-226
-159
-178
-404
-761
-1074
-1367
-1263
-1085
-1228
-1665
-2036
-1937
-1693
-1740
-1959
-2121
-2065
-1888
-1829
-1960
-2051
-1894
-1672
-1586
-1626
-1590
-1508
-1369
-1135
-821
-625
-808
-812
-619
-260
72
208
292
50
-154
137
643
881
627
164
159
402
655
806
520
132
-38
57
290
255
-17
-393
-723
-644
-337
-276
-668
-1133
-1175
-845
-665
-839
-1043
-1198
-1228
-1157
-994
-813
-829
-962
-1130
-946
-536
-348
-451
-589
-450
-136
4
38
130
252
425
643
1034
1379
1286
978
1037
1645
2618
2938
2300
1595
1714
2691
3518
3385
2674
2201
2223
2685
3157
3306
2775
1955
1558
1961
2609
2471
1530
696
725
1217
1286
727
49
-296
-288
-285
-359
-656
-1092
-1495
-1647
-1489
-1465
-1698
-2098
-2317
-2200
-2073
-2170
-2326
-2411
-2322
-2207
-2262
-2304
-2260
-2132
-1937
-1836
-1724
-1660
-1623
-1469
-1104
-897
-527
19
-473
-909
-865
18
1202
1217
263
-560
-332
790
1949
1624
575
-113
171
1009
1445
1458
757
-395
-659
305
1134
647
-648
-1243
-807
-226
-130
-473
-1184
-1543
-1366
-818
-613
-1114
-1511
-1674
-1472
-1108
-942
-1117
-1458
-1579
-1118
-631
-598
-819
-1040
-646
-122
56
-100
-218
114
567
880
1181
1337
1025
840
1210
2234
3081
2818
2012
1607
2197
3446
4064
3413
2478
2273
2884
3430
3594
3441
2716
1827
1698
2546
3192
2494
1144
647
1114
1610
1347
612
-138
-440
-340
-306
-484
-877
-1292
-1796
-1907
-1627
-1482
-1787
-2489
-2677
-2336
-2137
-2274
-2566
-2599
-2525
-2464
-2407
-2387
-2268
-2151
-2027
-1907
-1797
-1687
-1523
-1345
-841
-496
-566
-527
-577
-349
163
710
1005
654
7
106
905
1556
1530
816
298
401
961
1469
1275
525
35
-8
342
695
550
-99
-898
-1025
-383
20
-419
-1196
-1566
-1331
-1024
-935
-1104
-1429
-1682
-1699
-1403
-1094
-1068
-1377
-1625
-1524
-1013
-668
-733
-916
-852
-457
-221
-130
-96
150
357
542
739
1247
1418
1066
1079
1463
2586
3071
2558
1870
1851
2697
3593
3751
3163
2598
2480
2910
3341
3558
3187
2329
1732
2029
2775
2884
1993
953
767
1255
1549
1088
313
-259
-394
-329
-317
-569
-1031
-1517
-1805
-1637
-1405
-1578
-2146
-2517
-2365
-2085
-2137
-2408
-2592
-2537
-2395
-2334
-2341
-2387
-2338
-2133
-1905
-1739
-1683
-1557
-1551
-1230
-981
-281
131
-927
-1056
-707
423
1402
1048
182
-538
-240
1097
2174
1587
412
-271
295
1107
1551
1514
444
-684
-544
651
1250
484
-768
-1213
-748
-178
61
-457
-1381
-1749
-1375
-599
-589
-1280
-1628
-1673
-1370
-967
-997
-1106
-1370
-1481
-1126
-820
-634
-761
-1060
-718
-181
-4
-126
-243
88
481
647
907
1371
1137
918
1033
1639
2685
2909
2329
1482
1590
2857
3940
3588
2575
2219
2606
3077
3330
3519
3141
2128
1638
2317
3232
2959
1573
672
984
1702
1708
912
-12
-335
-153
-15
-164
-592
-1056
-1553
-1734
-1396
-1201
-1591
-2289
-2558
-2198
-1967
-2222
-2545
-2619
-2466
-2317
-2349
-2466
-2424
-2331
-2138
-2022
-1928
-1729
-1772
-1614
-1098
-786
-781
-663
-532
-278
-86
69
468
576
392
284
468
815
1118
973
581
426
748
1128
908
543
436
366
198
193
340
203
-444
-776
-506
-250
-405
-832
-1067
-1072
-967
-876
-876
-1072
-1322
-1391
-1317
-1122
-974
-991
-1244
-1371
-1071
-638
-509
-692
-806
-633
-249
-52
-13
-25
125
334
566
935
1462
1318
860
885
1629
2783
2896
2206
1575
1849
2685
3621
3584
2743
2240
2288
2890
3281
3271
2838
2025
1506
2033
2741
2619
1532
688
951
1444
1348
742
31
-219
-162
-232
-421
-840
-1109
-1350
-1591
-1564
-1466
-1591
-1961
-2251
-2117
-1958
-2124
-2354
-2433
-2273
-2158
-2245
-2355
-2295
-2053
-1850
-1830
-1844
-1704
-1503
-1297
-1086
-623
-498
-720
-758
-625
-2
513
685
355
-146
-123
576
1242
1212
589
115
291
702
1133
1064
501
-80
-137
261
584
404
-168
-669
-741
-407
-122
-315
-841
-1179
-1059
-716
-640
-828
-1125
-1233
-1200
-1058
-901
-880
-947
-1106
-1112
-856
-546
-575
-723
-654
-337
-56
-47
-100
13
287
443
562
853
1343
1206
884
1006
1645
2637
2671
1896
1405
1876
2824
3376
2975
2351
2152
2296
2692
2904
2927
2556
1829
1538
2032
2498
2252
1297
731
1066
1399
1134
492
22
-25
-13
-173
-358
-677
-926
-1185
-1352
-1248
-1234
-1478
-1911
-2090
-1821
-1689
-1962
-2289
-2355
-2051
-1919
-2097
-2272
-2252
-1959
-1746
-1679
-1666
-1564
-1375
-1268
-1132
-910
-586
-485
-594
-537
-354
113
468
431
73
-133
171
703
1058
701
216
138
379
718
789
493
68
-146
-74
199
283
7
-429
-714
-488
-152
-210
-647
-1045
-971
-675
-567
-717
-1002
-1189
-1132
-917
-734
-812
-1035
-1123
-964
-609
-346
-438
-682
-700
-259
160
226
-94
-145
205
550
867
909
1252
1040
778
1036
1670
2527
2485
1853
1410
1841
2717
3293
2931
2224
2039
2303
2654
2775
2719
2446
1846
1501
1942
2407
2176
1270
642
927
1385
1140
445
-117
-116
34
-213
-568
-831
-1009
-1266
-1485
-1382
-1223
-1556
-2073
-2200
-1911
-1656
-1939
-2342
-2313
-2021
-1867
-2106
-2321
-2103
-1795
-1667
-1760
-1681
-1435
-1358
-1142
-960
-497
-316
-690
-663
-331
253
601
468
92
-12
291
855
1124
932
494
212
498
871
1127
845
267
-40
159
550
509
93
-342
-579
-452
-205
-168
-513
-1010
-1174
-934
-615
-673
-1059
-1329
-1313
-1191
-1050
-1022
-1029
-1122
-1291
-1236
-935
-687
-652
-857
-789
-447
-220
-46
-115
27
234
402
583
825
1345
1230
874
924
1550
2514
2651
1949
1507
1865
2660
3266
2992
2494
2282
2377
2707
2852
2939
2720
2016
1636
2009
2437
2252
1451
896
1087
1324
1069
532
44
-12
26
-224
-595
-923
-1033
-1195
-1427
-1492
-1546
-1791
-2138
-2229
-2012
-1937
-2207
-2483
-2432
-2139
-1976
-2190
-2420
-2236
-1913
-1707
-1748
-1728
-1586
-1325
-1162
-1082
-609
-365
-424
-498
-346
75
504
590
477
315
305
652
996
1158
871
572
605
800
988
942
642
287
220
359
397
244
-74
-289
-393
-344
-319
-528
-778
-992
-938
-737
-901
-1156
-1238
-1299
-1147
-1122
-1166
-1148
-1275
-1248
-1126
-875
-682
-768
-911
-711
-281
-89
-133
-285
12
305
517
647
818
1328
1096
874
1076
1792
2610
2545
1876
1505
2034
2911
3338
2861
2350
2242
2444
2779
2882
2861
2562
1849
1613
2085
2442
2067
1186
764
1035
1237
835
244
-94
-55
-121
-472
-772
-989
-1104
-1377
-1640
-1550
-1542
-1818
-2222
-2292
-2001
-1955
-2253
-2479
-2332
-2085
-2106
-2306
-2284
-1992
-1750
-1754
-1811
-1633
-1352
-1133
-989
-801
-692
-641
-277
-104
104
189
203
425
549
692
789
814
826
987
888
830
829
993
996
623
546
627
582
356
200
147
11
-246
-292
-183
-384
-738
-880
-877
-782
-849
-1001
-1147
-1366
-1327
-1204
-1170
-1187
-1261
-1329
-1404
-1322
-970
-750
-852
-999
-928
-534
-224
-178
-179
-113
25
429
783
1195
1125
695
775
1349
2411
2717
2075
1461
1642
2491
3339
3260
2609
2147
2202
2750
3108
3172
2716
2062
1660
1993
2550
2484
1726
892
884
1267
1272
832
167
-176
-164
-216
-328
-696
-1061
-1344
-1598
-1558
-1493
-1660
-2034
-2384
-2329
-2104
-2130
-2317
-2489
-2367
-2198
-2234
-2297
-2212
-2010
-1750
-1738
-1669
-1462
-1390
-1065
-901
-601
-408
-437
-329
-152
185
493
623
525
455
472
861
1097
1104
906
630
676
932
1154
988
575
275
407
594
502
237
-54
-242
-368
-354
-157
-354
-786
-1072
-984
-686
-715
-1055
-1300
-1263
-1157
-1076
-1102
-1067
-1116
-1198
-1223
-1063
-782
-709
-837
-824
-521
-321
-282
-303
-60
172
411
485
787
1083
823
782
1080
1913
2457
2128
1418
1362
2073
3057
3183
2490
2069
2010
2524
2853
2964
2762
2103
1589
1762
2417
2567
1797
906
747
1146
1388
988
328
-126
-229
-166
-179
-390
-762
-1181
-1459
-1405
-1201
-1276
-1669
-2067
-2097
-1855
-1866
-2027
-2149
-2098
-2032
-2125
-2106
-1959
-1791
-1732
-1736
-1589
-1399
-1234
-1073
-1017
-898
-728
-470
-264
-142
-172
-61
112
319
615
455
390
464
701
900
693
543
656
721
647
500
423
391
208
151
164
101
-118
-395
-456
-345
-319
-538
-836
-988
-848
-690
-806
-989
-1161
-1167
-1119
-1056
-890
-867
-969
-1138
-1132
-780
-481
-519
-622
-578
-284
-118
-109
16
217
452
466
893
1054
820
775
1037
1910
2378
2069
1412
1342
1941
2824
3109
2516
1943
1840
2266
2687
2890
2744
2069
1329
1472
2242
2563
1883
821
530
1011
1326
1095
482
-73
-277
-284
-171
-198
-490
-998
-1439
-1461
-1062
-1048
-1501
-1886
-1955
-1723
-1798
-1928
-1881
-1822
-1840
-2058
-2077
-1839
-1652
-1555
-1607
-1584
-1373
-1219
-1123
-880
-670
-563
-584
-554
-196
45
77
134
247
391
321
261
468
681
759
490
183
292
579
705
491
109
-9
35
72
123
27
-222
-578
-672
-391
-185
-377
-844
-1075
-937
-642
-577
-769
-1011
-1061
-964
-931
-821
-739
-736
-857
-928
-757
-435
-384
-370
-317
-222
-173
-183
49
396
659
674
753
578
695
997
1423
1927
1868
1534
1210
1431
2158
2746
2576
2029
1691
1908
2242
2462
2627
2355
1715
1288
1607
2240
2257
1502
762
635
1037
1221
981
434
-17
-176
-232
-166
-174
-340
-808
-1316
-1305
-966
-923
-1297
-1671
-1683
-1577
-1635
-1748
-1717
-1632
-1715
-1894
-1886
-1619
-1389
-1398
-1636
-1582
-1333
-855
-541
-1042
-1201
-975
-349
269
178
-343
-706
-435
355
1037
738
55
-320
88
739
974
773
190
-291
-53
622
800
275
-453
-596
-155
179
72
-413
-907
-885
-547
-199
-417
-1023
-1166
-952
-674
-583
-801
-1032
-1076
-963
-751
-665
-736
-788
-843
-656
-457
-357
-294
-345
-197
-74
52
81
314
643
967
882
476
527
1022
1913
2088
1633
1148
1256
1877
2466
2602
2227
1921
1764
1963
2284
2572
2541
1964
1384
1447
1902
2135
1721
1058
822
922
988
859
631
392
138
-182
-369
-340
-228
-383
-820
-1137
-1155
-1085
-1157
-1303
-1409
-1450
-1597
-1722
-1610
-1439
-1453
-1696
-1808
-1667
-1377
-1250
-1233
-1281
-1398
-1171
-927
-673
-536
-627
-672
-504
-250
-3
80
-29
-3
67
187
288
351
371
242
151
272
350
267
143
90
78
62
-79
-181
-203
-228
-268
-492
-583
-595
-616
-598
-733
-770
-806
-904
-852
-819
-786
-886
-918
-784
-721
-713
-707
-664
-544
-479
-450
-481
-353
-147
-25
-15
-71
67
194
470
678
1042
930
411
459
1102
2037
2144
1446
833
1025
1888
2615
2484
1899
1531
1653
2018
2264
2427
2272
1697
1154
1419
2045
2092
1429
694
661
997
1053
747
299
115
78
-72
-255
-389
-373
-517
-884
-1070
-967
-907
-1169
-1432
-1421
-1334
-1459
-1612
-1568
-1392
-1368
-1622
-1738
-1554
-1225
-1083
-1278
-1429
-1340
-983
-649
-573
-525
-779
-902
-483
110
444
137
-352
-355
149
633
862
556
100
17
306
685
746
518
126
-110
-35
339
463
21
-455
-530
-274
-167
-349
-539
-713
-839
-836
-711
-636
-847
-1067
-1066
-925
-808
-842
-975
-998
-873
-752
-725
-743
-692
-541
-540
-409
-278
-213
-161
-219
41
207
358
554
833
754
520
647
1175
1924
1999
1490
953
1262
2134
2785
2523
1849
1654
1896
2277
2421
2529
2262
1633
1264
1630
2186
2061
1242
608
732
1114
1083
560
39
-74
65
-62
-371
-576
-590
-727
-1020
-1085
-997
-1134
-1500
-1649
-1454
-1315
-1552
-1803
-1756
-1517
-1424
-1602
-1748
-1623
-1319
-1175
-1237
-1324
-1109
-898
-839
-788
-649
-400
-231
-106
-59
-35
-6
225
485
572
418
311
434
660
776
710
545
374
400
492
545
408
187
-43
-117
-52
25
-174
-574
-701
-609
-474
-654
-960
-1023
-964
-915
-989
-1113
-1177
-1152
-1046
-1013
-994
-983
-1016
-948
-836
-612
-508
-712
-703
-413
-53
69
-152
-158
46
385
710
1025
1050
653
582
970
1861
2382
2026
1293
1042
1700
2681
3011
2401
1791
1639
2020
2443
2646
2543
1897
1221
1217
1849
2239
1711
785
399
670
974
790
274
-149
-268
-330
-451
-587
-691
-868
-1209
-1368
-1251
-1161
-1368
-1710
-1790
-1588
-1540
-1686
-1831
-1761
-1591
-1628
-1681
-1679
-1427
-1233
-1234
-1172
-1157
-879
-715
-594
-445
-449
-295
-75
159
199
210
262
469
668
694
652
596
719
847
790
686
653
622
588
475
480
474
213
-20
-66
-19
-107
-456
-606
-572
-573
-663
-953
-1034
-988
-976
-1083
-1199
-1205
-1163
-1183
-1297
-1183
-1042
-995
-1115
-1181
-901
-681
-649
-724
-621
-314
-166
-201
-158
41
291
569
752
1029
931
730
884
1399
2170
2266
1738
1208
1412
2243
2909
2739
2093
1751
1864
2267
2549
2622
2318
1642
1182
1472
2036
2026
1303
564
462
733
796
500
31
-263
-424
-565
-643
-702
-781
-1069
-1429
-1484
-1300
-1282
-1543
-1810
-1727
-1551
-1630
-1756
-1799
-1653
-1560
-1596
-1609
-1502
-1339
-1276
-1196
-1163
-917
-680
-662
-637
-626
-296
72
205
159
-6
119
493
852
878
616
468
666
968
1015
873
697
606
553
537
578
512
238
-56
-125
-33
-44
-312
-599
-674
-673
-674
-837
-1024
-994
-1001
-1068
-1186
-1261
-1176
-1142
-1187
-1198
-1137
-1062
-1075
-1091
-912
-710
-672
-749
-682
-338
-58
-26
-189
-130
193
606
873
1018
968
750
920
1337
2058
2410
2026
1423
1301
1997
2863
3047
2381
1774
1692
2115
2513
2679
2482
1796
1175
1257
1879
2140
1564
641
293
540
836
682
144
-340
-560
-577
-572
-688
-846
-1132
-1516
-1572
-1368
-1241
-1504
-1915
-1932
-1682
-1578
-1712
-1843
-1801
-1677
-1675
-1598
-1505
-1364
-1237
-1273
-1085
-1068
-801
-606
-510
-337
-306
-132
-51
159
294
468
493
531
587
651
735
769
864
786
608
498
645
745
584
311
173
217
190
19
-124
-263
-387
-567
-614
-583
-656
-825
-1050
-1102
-1014
-971
-1062
-1195
-1226
-1166
-1149
-1165
-1080
-917
-893
-1020
-1049
-786
-494
-462
-540
-426
-174
-56
-52
66
286
547
711
951
1081
919
956
1258
1886
2351
2116
1609
1436
1869
2729
2992
2489
1943
1753
2065
2412
2591
2482
1884
1221
1195
1730
2055
1568
694
300
485
750
677
221
-231
-510
-627
-585
-562
-652
-1008
-1477
-1614
-1333
-1142
-1371
-1781
-1928
-1738
-1658
-1712
-1736
-1696
-1670
-1804
-1776
-1551
-1245
-1213
-1373
-1315
-970
-713
-684
-689
-529
-180
-60
-22
1
156
332
485
579
594
571
514
524
687
850
678
323
210
500
649
444
66
-69
-20
-19
-51
-136
-343
-640
-767
-649
-521
-660
-942
-1147
-1062
-880
-845
-1019
-1186
-1118
-1016
-994
-971
-911
-851
-921
-947
-719
-474
-410
-407
-293
-108
8
41
182
488
773
1048
1082
835
831
1174
1809
2244
2124
1631
1334
1651
2387
2897
2655
2049
1704
1872
2262
2579
2628
2167
1391
1076
1516
2059
1908
1077
359
314
673
819
502
-20
-401
-588
-611
-586
-572
-767
-1250
-1671
-1581
-1243
-1247
-1604
-1899
-1834
-1691
-1731
-1806
-1704
-1553
-1644
-1847
-1755
-1413
-1162
-1184
-1254
-1228
-999
-728
-557
-436
-343
-272
-251
-40
206
427
415
281
328
601
724
661
635
655
646
477
474
579
529
355
162
63
43
-50
-73
-97
-298
-512
-637
-673
-589
-642
-748
-941
-1151
-1043
-919
-905
-1012
-1158
-1125
-1017
-956
-863
-846
-870
-890
-803
-616
-426
-320
-302
-269
-250
-54
103
353
610
878
1026
748
668
999
1738
2272
2100
1551
1331
1715
2404
2814
2557
2121
1870
1951
2238
2492
2576
2223
1546
1254
1610
2032
1868
1129
556
546
758
732
388
-19
-203
-356
-553
-711
-755
-758
-1027
-1352
-1443
-1326
-1366
-1595
-1688
-1585
-1569
-1747
-1863
-1744
-1525
-1474
-1640
-1754
-1494
-1173
-1028
-1178
-1304
-1031
-608
-409
-462
-560
-481
-190
97
300
287
181
121
313
591
809
714
454
346
440
711
731
477
212
100
172
261
108
-151
-363
-395
-346
-425
-605
-772
-851
-851
-834
-894
-1015
-1163
-1174
-1056
-1014
-1068
-1139
-1056
-924
-864
-870
-874
-800
-627
-474
-372
-296
-287
-188
-69
97
274
399
607
857
984
899
809
1046
1666
2174
2053
1604
1403
1799
2495
2819
2616
2186
1958
2071
2391
2702
2692
2184
1576
1405
1782
2143
1817
1038
517
556
792
747
343
-113
-383
-447
-464
-560
-761
-1022
-1257
-1364
-1289
-1267
-1479
-1737
-1825
-1729
-1676
-1806
-1888
-1818
-1750
-1731
-1815
-1741
-1580
-1553
-1292
-1181
-1136
-1123
-1091
-720
-310
-199
-301
-308
-165
249
510
548
448
389
571
788
878
905
813
639
586
644
791
724
402
213
202
192
81
-90
-190
-329
-519
-633
-665
-671
-801
-1005
-1088
-1101
-1097
-1089
-1162
-1225
-1254
-1249
-1085
-1018
-1030
-1084
-1108
-953
-760
-642
-529
-460
-418
-324
-222
20
264
458
613
771
862
842
937
1235
1706
2124
1989
1590
1540
1977
2639
2841
2548
2184
2106
2309
2568
2732
2629
2176
1660
1535
1828
2055
1753
1060
563
558
698
667
313
-144
-438
-630
-657
-678
-791
-1082
-1495
-1665
-1528
-1419
-1580
-1873
-1995
-1876
-1848
-1937
-1913
-1795
-1681
-1751
-1800
-1705
-1519
-1223
-1236
-1192
-1037
-964
-734
-589
-329
-81
-92
-123
74
409
703
719
566
597
734
985
1084
980
840
803
801
805
810
712
571
361
270
242
94
-50
-211
-371
-491
-673
-755
-840
-967
-1032
-1181
-1294
-1335
-1320
-1252
-1339
-1472
-1452
-1362
-1196
-1157
-1212
-1201
-1131
-905
-772
-700
-589
-469
-340
-269
-139
133
430
670
860
924
821
903
1297
1903
2278
2067
1671
1591
2094
2750
2993
2666
2241
2159
2399
2704
2845
2763
2322
1797
1662
1963
2148
1785
1135
703
638
703
577
261
-104
-403
-594
-741
-858
-894
-1042
-1388
-1690
-1733
-1601
-1668
-1912
-2044
-1999
-1999
-2093
-2087
-1897
-1765
-1815
-1926
-1831
-1564
-1328
-1215
-1253
-1160
-944
-692
-542
-423
-223
-26
61
118
289
550
801
808
758
768
881
1084
1165
1108
995
887
843
840
799
738
576
351
203
100
46
-33
-263
-474
-646
-763
-779
-866
-991
-1115
-1328
-1416
-1374
-1324
-1302
-1470
-1590
-1487
-1342
-1249
-1252
-1315
-1207
-1049
-914
-821
-731
-550
-404
-358
-269
-14
238
486
671
885
989
902
1053
1517
2128
2351
2019
1699
1836
2451
3043
3024
2571
2276
2315
2604
2854
2903
2672
2115
1673
1765
2153
2160
1543
831
615
742
790
531
71
-296
-519
-671
-795
-906
-1033
-1285
-1640
-1804
-1729
-1656
-1823
-2072
-2104
-2038
-2073
-2165
-2108
-1930
-1829
-1900
-1940
-1755
-1556
-1319
-1220
-1227
-1051
-830
-584
-532
-430
-158
124
243
222
331
592
858
905
887
854
915
1061
1177
1131
980
877
839
860
796
712
542
322
167
74
67
-31
-317
-568
-706
-754
-842
-998
-1144
-1242
-1353
-1469
-1514
-1514
-1471
-1522
-1518
-1527
-1499
-1428
-1356
-1204
-1085
-995
-978
-924
-710
-427
-302
-269
-203
36
408
744
980
1027
843
877
1421
2195
2600
2237
1740
1746
2401
3090
3283
2917
2476
2387
2563
2931
3136
2995
2426
1804
1742
2169
2402
1913
1054
580
642
810
676
207
-275
-577
-752
-857
-899
-1034
-1290
-1693
-1944
-1828
-1745
-1890
-2212
-2360
-2212
-2156
-2270
-2292
-2213
-2067
-2043
-2074
-2050
-1810
-1558
-1211
-948
-1242
-1232
-1107
-541
140
290
55
-333
-274
368
1154
1304
947
409
423
891
1464
1740
1280
588
370
797
1309
1296
750
200
16
163
376
380
-26
-484
-789
-708
-535
-604
-844
-1275
-1466
-1391
-1295
-1310
-1517
-1648
-1659
-1602
-1550
-1507
-1517
-1441
-1278
-1212
-1110
-1075
-877
-625
-414
-354
-318
-161
80
539
865
1025
964
792
967
1603
2366
2625
2148
1613
1854
2679
3361
3384
2836
2498
2508
2830
3251
3357
3045
2354
1849
1991
2504
2596
1927
1001
599
848
1062
838
253
-340
-608
-690
-729
-793
-1032
-1453
-1841
-1941
-1737
-1663
-1968
-2295
-2395
-2230
-2152
-2264
-2316
-2225
-2113
-2008
-2012
-2058
-1873
-1643
-1329
-1248
-1266
-1176
-962
-643
-276
-30
-118
-176
-53
435
859
898
717
596
653
980
1285
1281
1016
631
658
864
970
888
552
231
91
108
209
107
-215
-512
-662
-669
-678
-773
-951
-1194
-1367
-1398
-1348
-1334
-1425
-1511
-1618
-1566
-1510
-1448
-1423
-1428
-1270
-1121
-1056
-1072
-880
-581
-343
-316
-294
-112
189
606
910
1058
932
808
1154
1886
2542
2544
1991
1687
2099
2965
3520
3289
2735
2494
2643
3025
3322
3295
2861
2213
1915
2195
2558
2371
1629
969
808
935
952
653
144
-293
-554
-701
-746
-852
-1104
-1487
-1866
-1929
-1838
-1836
-2031
-2263
-2307
-2291
-2291
-2293
-2217
-2133
-2064
-2040
-2002
-1962
-1836
-1503
-1244
-1189
-1251
-1173
-846
-418
-152
-124
-220
-144
159
542
797
788
667
562
628
967
1246
1154
766
561
754
945
953
673
402
263
198
193
130
-66
-349
-567
-708
-740
-809
-929
-1103
-1325
-1426
-1466
-1495
-1470
-1487
-1600
-1723
-1693
-1514
-1352
-1435
-1520
-1405
-1201
-991
-907
-808
-646
-496
-354
-146
143
571
817
892
836
898
1379
1921
2368
2353
2038
1913
2250
2878
3365
3293
2853
2564
2674
3117
3463
3421
2923
2366
2148
2430
2709
2502
1878
1246
1042
1095
1022
783
395
-37
-349
-594
-692
-772
-991
-1338
-1700
-1830
-1811
-1871
-2035
-2219
-2280
-2309
-2385
-2428
-2326
-2180
-2121
-2106
-2109
-1960
-1842
-1711
-1492
-1259
-1092
-1057
-1049
-783
-364
-136
-70
-105
35
297
567
716
766
729
698
830
946
1033
949
736
649
672
764
712
404
151
63
82
41
-187
-432
-604
-731
-760
-855
-1036
-1262
-1442
-1426
-1352
-1397
-1567
-1715
-1764
-1643
-1513
-1448
-1432
-1493
-1452
-1297
-1083
-850
-775
-755
-652
-468
-198
-7
205
520
794
896
788
943
1485
2078
2341
2124
1890
2025
2558
3091
3292
3052
2751
2655
2855
3242
3461
3310
2787
2333
2322
2643
2712
2333
1715
1323
1264
1222
1030
648
249
-12
-231
-451
-673
-925
-1150
-1423
-1612
-1651
-1780
-2009
-2229
-2268
-2194
-2226
-2385
-2440
-2357
-2212
-2100
-2117
-2008
-1941
-1740
-1563
-1404
-1194
-1053
-907
-819
-532
-263
-38
-8
17
189
454
689
735
730
711
777
917
982
986
912
785
713
623
625
574
372
133
-22
-42
-44
-227
-528
-772
-854
-821
-901
-1137
-1405
-1536
-1523
-1487
-1508
-1643
-1766
-1878
-1840
-1653
-1568
-1526
-1634
-1592
-1415
-1196
-992
-911
-825
-711
-488
-287
21
365
583
742
665
787
1282
1800
2168
2098
1867
1914
2348
2917
3263
3115
2805
2687
2819
3217
3456
3410
3048
2596
2465
2709
2842
2588
2075
1629
1509
1467
1320
998
582
276
45
-139
-318
-622
-974
-1282
-1473
-1498
-1571
-1852
-2140
-2254
-2223
-2203
-2322
-2399
-2355
-2293
-2208
-2276
-2186
-2098
-1577
-1425
-1626
-1591
-1602
-886
-462
-347
-535
-618
-451
129
594
605
546
307
490
668
1041
1309
1125
653
495
770
1153
1151
654
285
219
258
351
207
-86
-296
-607
-644
-790
-805
-848
-1153
-1375
-1561
-1554
-1553
-1645
-1724
-1790
-1902
-1972
-1920
-1737
-1576
-1632
-1737
-1645
-1450
-1134
-936
-889
-817
-703
-504
-161
252
530
661
543
643
1097
1716
2196
2153
1891
1832
2240
2838
3329
3305
2935
2692
2759
3229
3627
3641
3149
2620
2451
2736
3029
2813
2246
1654
1512
1564
1489
1257
775
320
11
-168
-236
-433
-800
-1205
-1461
-1557
-1586
-1784
-2036
-2174
-2243
-2236
-2394
-2490
-2409
-2301
-2205
-2189
-2269
-2144
-1902
-1737
-1475
-1367
-1255
-1100
-977
-662
-260
-74
-19
-13
156
569
802
886
823
769
915
1133
1246
1230
1059
900
876
912
966
867
565
277
167
181
168
-105
-403
-646
-785
-826
-968
-1119
-1342
-1526
-1659
-1724
-1790
-1892
-1935
-2004
-2023
-2068
-2071
-1998
-1916
-1822
-1753
-1692
-1572
-1409
-1230
-1022
-822
-704
-513
-219
169
575
563
504
789
1380
2037
2154
1870
1784
2116
2768
3230
3280
3084
2860
2912
3226
3584
3730
3453
2913
2642
2838
3129
3002
2450
1903
1732
1733
1580
1288
909
559
240
-50
-222
-406
-682
-999
-1326
-1499
-1608
-1761
-1950
-2104
-2165
-2241
-2384
-2512
-2419
-2249
-2228
-2250
-2318
-2188
-1859
-1712
-1540
-1444
-1379
-1124
-873
-615
-333
-217
-128
59
271
598
807
865
858
861
1001
1217
1302
1240
1119
981
990
1037
980
843
635
407
294
201
121
-43
-330
-548
-733
-814
-917
-1140
-1356
-1523
-1645
-1675
-1795
-1908
-2016
-2095
-2062
-2098
-2058
-2078
-2069
-2030
-1907
-1792
-1631
-1503
-1455
-1254
-1082
-809
-596
-359
-77
236
460
457
651
1123
1760
2153
2059
1842
2000
2561
3170
3408
3195
2965
2925
3166
3497
3687
3613
3199
2753
2682
2975
3111
2781
2113
1686
1668
1664
1475
1035
585
346
97
-144
-381
-670
-895
-1220
-1466
-1567
-1724
-1918
-2120
-2224
-2179
-2267
-2454
-2513
-2366
-2206
-2153
-2296
-2254
-1832
-1783
-1619
-1628
-1423
-985
-835
-699
-572
-270
-61
167
275
558
764
896
952
1023
1254
1375
1330
1279
1383
1370
1298
1078
986
1003
879
666
442
263
190
-23
-234
-434
-687
-819
-988
-1150
-1246
-1419
-1696
-1834
-1922
-1898
-2002
-2175
-2283
-2323
-2226
-2193
-2161
-2185
-2112
-2058
-1851
-1650
-1555
-1452
-1360
-1126
-839
-492
-263
67
280
305
425
843
1501
2019
2029
1758
1782
2237
2951
3340
3261
2996
2922
3089
3435
3666
3705
3445
2963
2769
2946
3201
3006
2451
1964
1849
1874
1736
1351
911
629
384
186
-84
-398
-645
-933
-1221
-1383
-1528
-1689
-1929
-2132
-2159
-2197
-2316
-2448
-2408
-2270
-2172
-2227
-2267
-2183
-1919
-1615
-1514
-1389
-1364
-1158
-850
-567
-286
-137
-65
2
257
592
910
989
899
867
1066
1360
1480
1327
1121
1045
1147
1218
1095
907
667
492
359
266
133
-102
-448
-718
-842
-888
-1009
-1281
-1562
-1731
-1797
-1861
-1959
-2084
-2179
-2263
-2330
-2305
-2212
-2146
-2179
-2240
-2191
-2015
-1750
-1618
-1565
-1480
-1300
-1029
-772
-401
-66
186
250
229
600
1241
1848
2084
1845
1717
2037
2690
3294
3386
3122
2950
3021
3377
3746
3861
3657
3196
2847
2918
3253
3277
2837
2195
1843
1869
1890
1664
1197
736
422
227
85
-130
-441
-798
-1180
-1354
-1403
-1517
-1748
-2052
-2182
-2175
-2221
-2328
-2364
-2303
-2187
-2214
-2171
-2108
-1985
-1698
-1626
-1427
-1212
-1095
-898
-708
-468
-83
102
133
243
380
723
1012
1119
1110
1035
1077
1312
1468
1435
1269
1041
982
1034
1001
923
644
275
91
-18
-16
-211
-610
-973
-1151
-1161
-1231
-1461
-1803
-2022
-2082
-2039
-2139
-2304
-2453
-2511
-2467
-2433
-2379
-2361
-2380
-2378
-2219
-1949
-1726
-1693
-1675
-1499
-1175
-833
-561
-325
-13
220
256
441
927
1602
2077
2027
1760
1871
2422
3106
3461
3332
3095
3025
3245
3590
3867
3896
3534
3062
2897
3160
3385
3142
2535
2049
1945
1979
1862
1501
1042
653
401
213
37
-196
-521
-894
-1189
-1314
-1376
-1541
-1816
-2034
-2077
-2091
-2188
-2290
-2332
-2208
-2145
-2120
-2050
-2033
-1774
-1641
-1515
-1245
-1110
-914
-757
-572
-278
33
138
241
372
557
835
985
1133
1146
1091
1158
1283
1369
1344
1163
1017
963
891
839
694
395
132
-58
-153
-287
-556
-843
-1123
-1288
-1349
-1466
-1729
-1973
-2178
-2180
-2190
-2355
-2454
-2559
-2572
-2547
-2476
-2425
-2425
-2420
-2319
-2123
-1871
-1726
-1639
-1520
-1323
-998
-710
-393
-77
207
332
355
652
1242
1834
2149
2031
1889
2110
2665
3308
3607
3415
3157
3154
3400
3791
4019
3897
3497
3059
2979
3241
3338
3035
2465
1984
1838
1806
1657
1328
833
450
219
10
-185
-424
-721
-1052
-1341
-1472
-1525
-1648
-1915
-2131
-2174
-2176
-2222
-2297
-2300
-2227
-2187
-2174
-2070
-1962
-1714
-1584
-1553
-1296
-1067
-806
-596
-492
-241
122
287
426
538
697
994
1151
1244
1249
1212
1270
1374
1427
1454
1291
1039
924
878
886
775
441
103
-105
-203
-283
-541
-894
-1138
-1321
-1424
-1577
-1836
-2010
-2180
-2261
-2324
-2425
-2506
-2583
-2614
-2638
-2558
-2485
-2437
-2435
-2348
-2123
-1905
-1763
-1651
-1495
-1288
-998
-788
-418
-15
288
449
368
616
1233
1888
2296
2156
1926
2089
2608
3261
3573
3410
3194
3120
3263
3573
3848
3854
3479
2940
2754
3000
3137
2905
2329
1838
1677
1604
1456
1167
754
457
194
-105
-330
-526
-724
-1023
-1348
-1496
-1513
-1671
-1898
-2039
-2049
-2042
-2162
-2217
-2156
-2017
-1902
-1944
-1942
-1818
-1548
-1421
-1271
-1119
-650
-154
-601
-768
-537
324
1228
1164
531
114
360
1205
2101
1966
1408
751
698
1248
1785
2044
1479
423
3
541
1163
1075
196
-587
-715
-502
-328
-464
-1039
-1511
-1784
-1672
-1513
-1679
-1969
-2352
-2532
-2348
-2152
-2260
-2489
-2650
-2464
-2251
-2201
-2188
-2167
-2023
-1748
-1559
-1420
-1289
-1138
-899
-637
-295
90
423
450
399
648
1205
1894
2283
2069
1743
1839
2475
3214
3370
3052
2791
2794
3025
3271
3452
3411
3054
2591
2426
2656
2785
2545
1966
1516
1402
1389
1197
803
494
335
98
-279
-613
-761
-794
-1020
-1331
-1564
-1704
-1759
-1935
-2011
-1964
-2017
-2114
-2254
-2179
-1892
-1784
-1824
-1867
-1715
-1447
-1276
-1178
-993
-762
-497
77
-54
-263
-147
288
1218
1474
1158
658
521
949
1874
2269
1852
1126
757
1059
1512
1899
1765
917
40
61
673
965
403
-445
-905
-882
-708
-633
-945
-1500
-1923
-1966
-1756
-1812
-1964
-2251
-2539
-2543
-2322
-2276
-2440
-2495
-2400
-2184
-2227
-2233
-2065
-1815
-1582
-1460
-1316
-1235
-1021
-847
-464
-5
348
576
436
430
936
1578
2128
2385
2175
1941
2002
2638
3416
3610
3229
2808
2716
3021
3427
3654
3444
2839
2348
2339
2672
2771
2527
1827
1239
1121
1248
1223
739
251
5
-202
-499
-723
-889
-1001
-1249
-1550
-1656
-1786
-1954
-2022
-2029
-1976
-2005
-2175
-2278
-2203
-1851
-1613
-1696
-1879
-1748
-1349
-1004
-758
-804
-635
-485
-326
144
480
614
567
537
810
1272
1484
1437
1182
1120
1414
1676
1716
1429
1114
1036
1079
1107
1055
792
331
31
-9
38
-48
-520
-957
-1169
-1225
-1162
-1355
-1665
-1944
-2162
-2172
-2111
-2151
-2272
-2531
-2674
-2530
-2360
-2226
-2258
-2346
-2300
-2114
-1877
-1612
-1392
-1306
-1131
-1030
-824
-426
-69
173
366
636
994
1124
1107
1386
1878
2493
2710
2504
2237
2370
2872
3477
3608
3267
3007
2770
2890
3213
3493
3341
2656
1994
1987
2380
2505
2075
1301
817
776
843
676
275
-152
-417
-736
-965
-1044
-1082
-1268
-1691
-1954
-1925
-1862
-1933
-2097
-2184
-2108
-2079
-2082
-2083
-1953
-1753
-1624
-1642
-1588
-1298
-1003
-847
-673
-562
-369
-95
56
394
615
701
755
887
1109
1423
1513
1400
1341
1372
1580
1601
1561
1392
1172
1009
973
992
863
568
199
20
-101
-208
-378
-727
-1069
-1248
-1325
-1396
-1640
-1905
-2072
-2229
-2223
-2173
-2272
-2477
-2596
-2535
-2356
-2283
-2308
-2288
-2234
-2159
-1914
-1672
-1510
-1352
-1259
-1031
-838
-544
-182
55
149
391
816
1230
1449
1288
1416
1843
2515
3000
2851
2410
2324
2758
3423
3778
3524
3153
2754
2686
3037
3436
3432
2826
1993
1716
2020
2340
2162
1354
712
558
691
600
192
-225
-460
-682
-1004
-1151
-1193
-1333
-1642
-1944
-1960
-1841
-1896
-2149
-2365
-2170
-1871
-1855
-2045
-2121
-1842
-1563
-1490
-1429
-1231
-1002
-922
-837
-620
-211
4
404
485
186
332
546
1187
1641
1573
1230
866
759
1328
1968
1951
1471
761
502
657
1121
1452
1023
-77
-612
-352
62
88
-535
-1125
-1460
-1598
-1406
-1309
-1593
-1969
-2374
-2419
-2227
-2070
-2082
-2431
-2626
-2418
-2136
-2128
-2193
-2171
-1939
-1831
-1738
-1545
-1361
-1095
-962
-757
-533
-207
16
157
289
763
1304
1556
1514
1308
1613
2111
2843
3197
2891
2326
2253
2895
3626
3911
3481
2906
2531
2643
3106
3484
3274
2549
1739
1552
1936
2250
1974
1059
388
373
599
427
-34
-433
-597
-791
-1074
-1284
-1312
-1369
-1660
-1904
-1946
-1866
-1919
-2135
-2266
-2004
-1734
-1796
-2025
-2026
-1614
-1360
-1319
-1324
-1103
-749
-749
-555
-414
-79
147
94
278
479
798
887
889
838
1086
1251
1259
1192
1133
1224
1127
1037
953
898
697
557
438
323
188
-118
-347
-474
-609
-704
-957
-1197
-1385
-1563
-1590
-1682
-1750
-1920
-2192
-2319
-2201
-2050
-2073
-2190
-2259
-2247
-2130
-1954
-1740
-1576
-1597
-1543
-1405
-1101
-703
-514
-472
-465
-199
216
499
616
691
1096
1404
1697
1722
1555
1784
2221
2899
3084
2716
2230
2268
2863
3446
3593
3094
2495
2239
2434
2892
3146
2763
2060
1440
1401
1786
1860
1494
803
313
233
236
166
-79
-442
-786
-1091
-1197
-1163
-1129
-1337
-1684
-1851
-1784
-1610
-1699
-1886
-1923
-1758
-1605
-1649
-1695
-1570
-1401
-1271
-1163
-1044
-821
-738
-674
-632
-297
-5
212
693
107
-90
187
645
1457
1441
956
382
190
594
1544
1710
1193
423
-52
127
544
1075
994
-95
-1116
-944
-243
90
-386
-1168
-1602
-1673
-1514
-1145
-1331
-1760
-2142
-2287
-1974
-1821
-1754
-1947
-2310
-2238
-1834
-1690
-1734
-1830
-1655
-1367
-1326
-1169
-977
-798
-644
-442
-203
66
249
230
465
662
1164
1630
1598
1572
1334
1551
2144
2906
3176
2647
1986
1992
2866
3513
3604
3018
2430
2359
2538
2826
3027
2825
2307
1677
1325
1615
1951
1731
1016
347
240
387
250
-33
-350
-560
-811
-1151
-1254
-1154
-1114
-1345
-1697
-1852
-1661
-1528
-1650
-1786
-1704
-1519
-1552
-1692
-1567
-1255
-1123
-1181
-1271
-944
-713
-650
-566
-610
-342
-106
-9
10
79
254
420
457
434
573
692
679
613
604
688
698
582
455
296
256
262
147
-67
-303
-460
-485
-574
-744
-965
-1156
-1197
-1335
-1438
-1512
-1553
-1575
-1778
-1881
-1794
-1676
-1668
-1806
-1798
-1652
-1530
-1397
-1368
-1288
-1143
-1037
-845
-714
-551
-338
-241
-165
80
362
536
591
632
884
1321
1586
1765
1663
1427
1670
2148
2803
2940
2529
1976
1958
2550
3163
3301
2716
2258
2060
2176
2441
2665
2536
1976
1283
1052
1406
1668
1465
773
200
83
225
237
-43
-424
-650
-856
-992
-990
-964
-1051
-1397
-1638
-1552
-1339
-1339
-1557
-1690
-1538
-1365
-1363
-1438
-1452
-1309
-1120
-1055
-947
-904
-886
-752
-648
-395
-278
-239
-280
-200
96
340
336
135
88
269
508
578
534
376
255
145
276
424
304
56
-215
-301
-273
-263
-333
-499
-792
-1006
-1037
-943
-951
-1154
-1429
-1494
-1388
-1313
-1389
-1593
-1576
-1497
-1389
-1365
-1353
-1310
-1282
-1169
-1002
-801
-743
-780
-776
-523
-201
27
42
27
140
381
592
789
934
1107
1369
1430
1589
1473
1563
1878
2300
2597
2402
2025
1816
2208
2691
2973
2630
2194
2002
2013
2136
2284
2357
2041
1464
955
1081
1410
1438
983
374
90
198
254
50
-276
-526
-585
-778
-941
-937
-883
-1059
-1396
-1507
-1351
-1234
-1342
-1527
-1550
-1409
-1320
-1315
-1394
-1345
-1163
-1099
-1042
-1048
-947
-708
-596
-583
-524
-420
-319
-138
-34
88
93
116
185
246
381
411
426
357
290
281
360
339
143
29
-10
-5
-77
-307
-455
-520
-555
-658
-862
-920
-964
-1077
-1178
-1232
-1212
-1216
-1351
-1432
-1378
-1303
-1279
-1356
-1366
-1245
-1104
-1044
-1057
-1013
-853
-734
-694
-558
-371
-204
-92
-57
117
293
371
507
666
1028
1343
1397
1274
1122
1397
1908
2412
2513
2166
1768
1730
2233
2832
2996
2584
2092
1863
2035
2325
2564
2426
1890
1350
1143
1408
1617
1487
1007
442
217
312
400
260
-94
-389
-608
-769
-771
-724
-805
-1063
-1341
-1355
-1260
-1294
-1404
-1504
-1465
-1368
-1380
-1453
-1496
-1446
-1308
-1189
-1158
-1117
-1200
-942
-570
-599
-688
-857
-580
-67
205
70
-253
-368
-65
456
654
486
160
12
35
223
577
710
230
-300
-374
-9
308
76
-367
-658
-698
-567
-490
-622
-849
-1104
-1189
-1105
-987
-936
-1209
-1572
-1561
-1168
-938
-1089
-1423
-1467
-1201
-933
-830
-823
-832
-857
-801
-626
-211
49
24
-156
-156
188
571
751
762
1010
1163
1325
1350
1248
1528
1932
2384
2446
2048
1711
1868
2346
2838
2886
2497
2082
1781
1944
2341
2581
2350
1793
1214
1060
1360
1561
1399
852
358
218
245
235
136
-119
-412
-713
-850
-786
-751
-848
-1128
-1374
-1448
-1385
-1286
-1339
-1425
-1432
-1491
-1476
-1457
-1386
-1292
-1335
-1184
-1133
-1079
-980
-953
-814
-673
-509
-472
-388
-353
-193
-34
13
154
221
205
146
209
390
482
343
235
187
146
204
185
106
-48
-223
-309
-370
-387
-392
-471
-703
-927
-931
-856
-848
-921
-1032
-1069
-1196
-1221
-1104
-998
-988
-1140
-1177
-1111
-958
-865
-853
-850
-755
-643
-562
-539
-406
-159
-33
48
37
123
251
456
858
1145
1243
1065
799
1048
1648
2267
2364
1882
1382
1484
2128
2639
2780
2395
2005
1771
1830
2208
2491
2431
1947
1312
1105
1434
1698
1612
1062
509
404
486
509
402
147
-88
-362
-648
-677
-584
-581
-794
-1171
-1363
-1262
-1215
-1283
-1428
-1480
-1403
-1452
-1554
-1577
-1414
-1316
-1373
-1375
-1245
-808
-892
-1267
-1284
-897
-165
23
-395
-801
-709
-277
373
555
355
29
-235
-73
317
831
930
386
-355
-315
319
719
502
-145
-428
-337
-255
-130
-210
-446
-708
-928
-889
-798
-735
-865
-1143
-1285
-1187
-997
-1079
-1272
-1272
-1127
-1033
-1089
-1078
-982
-896
-879
-811
-607
-493
-474
-403
-228
-48
75
38
148
411
756
987
1026
965
812
1074
1568
2158
2301
1872
1418
1497
2159
2775
2860
2388
1961
1821
2075
2416
2568
2428
1956
1479
1360
1650
1863
1645
1097
644
614
746
665
371
53
-55
-139
-320
-577
-722
-716
-758
-889
-1115
-1223
-1321
-1399
-1434
-1387
-1302
-1367
-1607
-1676
-1546
-1243
-1174
-1355
-1340
-1231
-952
-1031
-983
-841
-579
-410
-533
-564
-487
-158
-6
97
-13
-24
19
84
176
266
340
176
-11
-96
102
284
222
-89
-386
-394
-192
-123
-239
-525
-712
-753
-747
-675
-708
-786
-978
-1153
-1098
-972
-901
-959
-1147
-1188
-1081
-920
-840
-873
-897
-835
-742
-619
-511
-393
-232
-152
-121
-44
50
252
571
788
904
907
811
840
1164
1631
2013
1979
1602
1335
1548
2118
2611
2591
2198
1786
1703
2033
2394
2563
2274
1736
1311
1374
1707
1884
1639
1032
595
519
713
788
578
205
-132
-321
-362
-343
-412
-612
-856
-984
-1010
-1040
-1157
-1252
-1291
-1280
-1280
-1346
-1445
-1472
-1351
-1235
-1160
-1291
-1256
-1168
-1089
-886
-821
-775
-774
-724
-542
-310
-306
-266
-221
-138
-19
42
120
113
135
136
155
102
144
198
123
15
-83
-75
-71
-196
-301
-345
-380
-457
-604
-707
-777
-794
-789
-867
-995
-1045
-1099
-1067
-1015
-1022
-1053
-1178
-1131
-956
-785
-803
-910
-915
-749
-544
-439
-363
-290
-155
-118
-55
43
305
566
777
856
860
808
813
1184
1615
2048
1972
1595
1304
1564
2199
2633
2571
2132
1842
1782
2021
2318
2526
2274
1754
1328
1387
1724
1822
1560
998
619
567
728
729
479
136
-134
-312
-364
-358
-378
-567
-884
-1036
-1027
-971
-1085
-1200
-1263
-1238
-1226
-1331
-1412
-1343
-1238
-1101
-1186
-1247
-1098
-1144
-977
-943
-751
-601
-706
-756
-623
-331
-143
-133
-329
-262
-117
58
119
75
57
94
31
24
117
106
85
-96
-198
-169
-150
-207
-332
-525
-522
-498
-564
-670
-830
-859
-870
-858
-888
-940
-1034
-1120
-1062
-962
-927
-971
-1041
-994
-837
-733
-700
-742
-708
-547
-435
-322
-193
-88
-54
-9
37
229
503
706
900
899
753
717
1011
1498
1946
1918
1520
1209
1372
2003
2501
2499
2120
1766
1672
1949
2285
2493
2304
1762
1378
1379
1665
1850
1641
1138
712
563
666
743
601
329
10
-285
-412
-353
-269
-366
-696
-982
-1051
-1001
-951
-980
-1088
-1164
-1279
-1358
-1342
-1251
-1093
-1067
-1181
-1348
-1173
-970
-902
-887
-975
-794
-642
-544
-561
-532
-397
-266
-148
-169
-129
-61
-11
-4
74
163
148
7
-97
-22
98
109
-54
-279
-334
-265
-226
-338
-536
-608
-646
-668
-768
-812
-819
-932
-1004
-1031
-1041
-1027
-1041
-1063
-1079
-1067
-993
-925
-904
-880
-814
-762
-703
-561
-441
-347
-306
-245
-70
-9
103
210
341
556
808
1003
1004
835
870
1292
1766
2089
1930
1542
1364
1711
2309
2667
2452
2008
1781
1802
2124
2423
2455
2089
1527
1235
1481
1765
1757
1361
777
551
649
774
652
311
-28
-216
-314
-363
-373
-481
-732
-995
-1113
-1035
-1006
-1136
-1330
-1416
-1343
-1299
-1336
-1437
-1395
-1326
-1263
-1340
-1179
-1085
-1035
-998
-1082
-865
-691
-489
-515
-501
-539
-302
-108
-47
6
-3
125
37
54
181
380
344
210
19
26
180
245
173
-68
-214
-247
-223
-267
-311
-421
-553
-744
-812
-746
-726
-803
-940
-1069
-1125
-1050
-1013
-1018
-1127
-1108
-1029
-978
-990
-965
-826
-771
-728
-681
-547
-440
-353
-258
-108
14
135
177
219
495
871
1156
1086
811
825
1250
1795
2168
2063
1689
1394
1628
2203
2674
2632
2195
1842
1676
2001
2407
2579
2211
1555
1215
1398
1743
1765
1366
775
528
570
668
537
209
-100
-286
-422
-485
-500
-639
-896
-1184
-1219
-1106
-1068
-1285
-1541
-1599
-1439
-1289
-1367
-1525
-1571
-1463
-1360
-1198
-1185
-1040
-1063
-1147
-1020
-803
-476
-405
-489
-536
-345
-150
57
83
140
219
203
225
259
419
529
482
282
215
243
319
308
182
66
-13
-145
-214
-275
-337
-381
-596
-746
-842
-836
-843
-940
-1082
-1173
-1195
-1220
-1200
-1210
-1210
-1203
-1209
-1214
-1185
-1093
-935
-854
-852
-837
-714
-545
-332
-233
-111
24
70
202
318
574
970
1264
1242
1029
900
1299
1898
2327
2340
1920
1626
1699
2233
2803
2984
2585
2047
1776
1986
2518
2744
2447
1775
1292
1363
1656
1707
1411
918
572
437
412
339
174
-99
-375
-585
-766
-802
-876
-1052
-1273
-1394
-1375
-1400
-1581
-1760
-1749
-1617
-1552
-1624
-1736
-1743
-1658
-1520
-1343
-1288
-1263
-1254
-1156
-966
-809
-637
-561
-489
-353
-202
-77
4
92
255
377
395
402
451
529
579
631
632
499
342
352
459
503
350
120
-73
-140
-110
-120
-215
-473
-696
-811
-807
-750
-830
-1017
-1242
-1310
-1218
-1153
-1197
-1283
-1322
-1326
-1294
-1216
-1111
-1043
-1006
-1019
-919
-745
-581
-456
-411
-265
-84
99
172
261
437
807
1196
1282
1140
941
1234
1802
2334
2459
2119
1751
1728
2258
2913
3168
2740
2144
1878
2116
2618
2890
2616
1953
1378
1310
1660
1816
1589
1010
503
340
356
356
173
-171
-478
-707
-875
-935
-976
-1085
-1347
-1542
-1582
-1583
-1695
-1855
-1868
-1756
-1688
-1744
-1856
-1911
-1761
-1584
-1322
-1301
-1398
-1389
-1210
-882
-707
-575
-587
-498
-386
-123
68
152
210
267
417
483
583
607
599
561
678
748
647
412
323
480
557
456
180
-67
-136
-93
-90
-214
-494
-729
-856
-855
-821
-855
-1044
-1325
-1443
-1373
-1204
-1193
-1339
-1460
-1460
-1363
-1219
-1136
-1087
-1061
-1072
-977
-768
-539
-424
-399
-293
-56
143
251
354
537
912
1281
1413
1312
1131
1364
1988
2547
2654
2285
1860
1856
2426
3103
3304
2802
2172
1940
2207
2695
2949
2661
1940
1315
1234
1650
1883
1597
947
369
171
245
316
137
-233
-609
-914
-1083
-1097
-1037
-1123
-1453
-1750
-1845
-1777
-1758
-1867
-1900
-1868
-1853
-1889
-1963
-1934
-1727
-1554
-1397
-1435
-1457
-1230
-1201
-1019
-806
-565
-383
-409
-487
-336
0
254
421
283
253
339
524
681
681
648
627
534
465
517
530
513
381
180
82
63
13
-86
-317
-450
-486
-555
-661
-811
-863
-925
-1038
-1118
-1149
-1173
-1192
-1202
-1242
-1279
-1242
-1175
-1162
-1106
-996
-866
-876
-869
-705
-479
-302
-258
-131
39
170
253
416
633
993
1311
1388
1164
992
1354
2028
2565
2439
1968
1623
1800
2418
2967
3017
2579
2041
1820
2072
2572
2894
2511
1700
1108
1235
1701
1797
1407
766
331
209
266
281
129
-205
-585
-903
-1027
-905
-815
-984
-1377
-1639
-1598
-1501
-1541
-1668
-1736
-1699
-1680
-1751
-1798
-1737
-1540
-1400
-1431
-1451
-1332
-1095
-1080
-982
-807
-535
-390
-508
-452
-276
8
168
228
152
187
283
400
421
420
537
511
373
229
331
433
402
209
44
-19
-78
-95
-182
-375
-494
-580
-711
-818
-902
-860
-945
-1119
-1177
-1172
-1161
-1170
-1167
-1145
-1132
-1136
-1057
-1023
-948
-803
-717
-690
-674
-541
-362
-213
-174
-10
153
234
398
498
655
986
1322
1458
1207
1024
1397
2049
2493
2372
1937
1644
1851
2400
2917
2922
2451
1948
1754
2032
2526
2805
2346
1508
1007
1257
1748
1729
1258
631
291
284
328
281
59
-271
-583
-867
-966
-862
-802
-1040
-1443
-1577
-1456
-1378
-1507
-1639
-1638
-1561
-1567
-1647
-1737
-1595
-1435
-1369
-1392
-1464
-1172
-1110
-1073
-1053
-850
-540
-525
-567
-565
-330
-109
109
59
14
73
223
338
346
407
477
421
218
209
309
407
301
84
-53
-74
-83
-87
-255
-411
-460
-534
-613
-756
-790
-812
-898
-979
-960
-990
-1055
-1112
-1113
-1006
-948
-918
-939
-981
-900
-704
-568
-551
-557
-441
-281
-168
-67
67
209
282
375
486
675
1097
1353
1331
1038
949
1425
2033
2384
2157
1727
1492
1776
2395
2830
2736
2242
1781
1689
2042
2531
2634
2058
1344
1015
1311
1688
1572
1043
505
290
337
342
204
-15
-276
-482
-776
-865
-760
-781
-1027
-1345
-1412
-1335
-1377
-1560
-1610
-1540
-1479
-1549
-1669
-1673
-1545
-1369
-1239
-1353
-1355
-1209
-1128
-1007
-913
-652
-523
-624
-669
-482
-190
62
74
-40
-50
100
343
414
312
243
366
358
309
301
296
261
100
17
20
-44
-122
-248
-390
-458
-497
-543
-691
-834
-851
-808
-893
-979
-1019
-1036
-1045
-1063
-1022
-964
-927
-927
-932
-901
-755
-571
-523
-568
-519
-359
-189
-129
-64
73
241
313
400
492
586
1013
1333
1427
1136
919
1300
1894
2396
2296
1807
1450
1652
2246
2774
2750
2272
1797
1609
1898
2403
2618
2088
1310
937
1246
1635
1529
1056
507
272
283
265
198
21
-270
-569
-889
-904
-714
-686
-971
-1346
-1398
-1268
-1268
-1425
-1504
-1464
-1429
-1487
-1606
-1619
-1486
-1379
-1198
-1372
-1398
-1188
-1175
-1016
-891
-663
-524
-612
-673
-426
-190
20
86
3
-19
58
282
374
289
227
376
331
231
210
208
276
218
90
26
-122
-140
-128
-269
-324
-432
-490
-610
-751
-709
-709
-849
-982
-992
-940
-949
-983
-1008
-1000
-928
-868
-820
-874
-827
-691
-612
-545
-460
-347
-299
-269
-183
9
188
322
366
390
410
815
1309
1460
1272
912
1144
1704
2360
2480
2007
1526
1516
2093
2694
2862
2432
1908
1603
1809
2321
2667
2325
1563
1073
1142
1580
1700
1334
740
343
276
326
297
123
-209
-553
-879
-969
-848
-828
-1039
-1407
-1545
-1481
-1434
-1511
-1643
-1681
-1618
-1633
-1713
-1747
-1639
-1558
-1473
-1498
-1448
-1265
-1290
-1255
-1128
-827
-564
-529
-739
-761
-461
13
324
237
-42
-145
120
428
720
635
416
248
194
373
521
636
505
142
-81
31
269
265
-66
-369
-445
-408
-414
-493
-604
-770
-901
-943
-919
-902
-967
-1056
-1130
-1117
-981
-941
-974
-1007
-914
-743
-681
-656
-592
-433
-302
-262
-186
-76
79
313
440
470
558
687
1033
1365
1477
1327
1132
1330
1890
2478
2377
1895
1532
1764
2412
2801
2717
2249
1853
1742
1980
2358
2555
2149
1456
1010
1143
1576
1587
1069
437
160
205
293
161
-104
-414
-701
-882
-907
-822
-878
-1216
-1554
-1573
-1437
-1399
-1638
-1880
-1872
-1716
-1627
-1729
-1845
-1808
-1690
-1514
-1436
-1428
-1383
-1355
-1278
-1033
-725
-625
-660
-708
-530
-186
31
7
-23
17
193
358
377
379
376
509
546
481
429
466
513
487
377
253
204
107
38
-46
-146
-249
-375
-503
-567
-569
-613
-724
-884
-912
-818
-803
-888
-965
-947
-877
-864
-885
-845
-739
-696
-708
-700
-561
-397
-322
-322
-309
-111
117
182
271
414
531
701
787
1096
1403
1455
1244
1146
1570
2122
2418
2070
1660
1634
2075
2533
2606
2385
2118
1919
1842
2059
2336
2434
1923
1220
994
1322
1624
1356
700
239
225
278
181
-115
-357
-491
-713
-908
-947
-939
-1038
-1367
-1580
-1488
-1371
-1455
-1743
-1861
-1739
-1633
-1699
-1866
-1883
-1653
-1557
-1488
-1533
-1547
-1345
-1169
-1025
-951
-893
-876
-685
-545
-408
-333
-325
-281
-115
81
178
194
121
186
330
533
549
381
242
264
421
510
393
178
48
44
57
5
-56
-182
-324
-429
-465
-446
-473
-627
-752
-737
-676
-676
-748
-825
-851
-783
-711
-660
-676
-701
-680
-635
-481
-344
-293
-274
-263
-151
94
244
290
363
541
688
761
861
1122
1474
1545
1291
1137
1487
2040
2418
2228
1778
1597
1815
2312
2608
2561
2220
1809
1614
1865
2310
2450
1948
1153
843
1161
1489
1331
780
266
115
92
43
-74
-253
-478
-807
-1071
-1058
-939
-1096
-1501
-1773
-1656
-1490
-1633
-1939
-2009
-1822
-1696
-1746
-1870
-1795
-1709
-1597
-1626
-1594
-1338
-1160
-1161
-1340
-1204
-882
-591
-626
-688
-554
-383
-198
-129
23
130
148
131
146
227
451
571
433
250
202
374
504
437
307
205
127
63
22
33
-4
-78
-292
-443
-435
-355
-338
-531
-647
-650
-611
-645
-718
-738
-717
-715
-732
-707
-666
-554
-537
-536
-400
-216
-107
-163
-173
-25
255
394
423
446
495
682
840
931
1020
1265
1514
1429
1182
1208
1657
2230
2361
1995
1518
1424
1856
2424
2558
2180
1737
1461
1435
1664
2072
2146
1531
717
529
1003
1428
1244
523
-47
-122
139
242
-31
-403
-677
-865
-997
-981
-874
-1034
-1497
-1765
-1600
-1334
-1386
-1707
-1902
-1764
-1544
-1514
-1736
-1754
-1595
-1520
-1526
-1551
-1316
-1195
-1249
-1371
-1184
-861
-666
-658
-764
-647
-472
-196
-152
-181
-67
43
38
54
204
380
359
154
127
226
296
313
280
176
105
40
102
122
57
36
-77
-215
-281
-247
-170
-196
-336
-400
-472
-467
-382
-368
-375
-446
-491
-438
-403
-353
-265
-225
-210
-198
-163
-91
-11
95
219
311
329
338
390
543
735
776
805
845
1075
1478
1443
1157
990
1247
1930
2276
1952
1352
1068
1384
2048
2352
2080
1562
1140
1135
1483
1907
1985
1424
633
432
859
1323
1208
433
-147
-168
145
303
-69
-571
-780
-731
-686
-766
-916
-1119
-1401
-1494
-1285
-1116
-1319
-1705
-1860
-1611
-1305
-1382
-1535
-1742
-1780
-1523
-1313
-1134
-1145
-1379
-1497
-1317
-891
-488
-600
-987
-1095
-685
-203
-101
-350
-534
-387
-182
50
83
18
-46
-100
12
194
227
138
6
15
196
226
115
-51
-97
29
105
55
-90
-251
-198
-48
20
-43
-201
-326
-332
-214
-71
-6
-223
-451
-405
-178
60
40
-185
-275
-151
122
276
218
141
209
382
490
558
610
682
721
753
845
1043
1133
1382
1293
984
965
1065
1684
2050
1810
1250
920
1104
1773
2170
1924
1468
994
964
1199
1586
1797
1422
618
259
588
1071
1129
502
-34
-87
39
89
-170
-466
-513
-619
-760
-902
-960
-1018
-1278
-1413
-1261
-1170
-1407
-1781
-1781
-1467
-1312
-1400
-1691
-1699
-1482
-1280
-1248
-1320
-1281
-1207
-1151
-1146
-976
-778
-797
-968
-948
-725
-514
-457
-505
-518
-449
-356
-235
-172
-144
-44
-77
-68
-62
22
156
141
72
2
43
144
246
207
109
76
123
182
147
135
180
164
133
135
123
149
107
66
95
60
37
-1
-31
-1
47
67
88
96
136
195
197
322
474
538
468
411
488
670
810
740
600
625
741
1215
1441
994
566
388
1082
1957
2053
1294
489
392
1191
2074
2090
1579
822
513
735
1307
1835
1646
691
-81
110
870
1278
766
-53
-328
-105
168
105
-256
-427
-556
-678
-800
-854
-852
-1129
-1364
-1312
-1102
-1120
-1545
-1777
-1583
-1229
-1121
-1350
-1612
-1648
-1445
-1189
-981
-1087
-1314
-1422
-1320
-909
-628
-764
-1055
-1201
-920
-501
-379
-534
-766
-758
-476
-133
-25
-143
-313
-338
-116
165
221
42
-131
-92
141
297
252
132
48
94
261
404
400
219
112
178
338
446
348
125
22
140
327
412
272
58
17
112
235
305
240
158
99
144
278
372
425
373
289
371
521
621
624
524
493
598
771
820
1009
1012
884
765
716
1093
1464
1538
1185
831
801
1182
1465
1475
1309
1064
946
829
984
1273
1315
958
520
392
621
751
575
237
4
-42
-90
-212
-391
-485
-559
-645
-844
-1015
-1083
-1143
-1155
-1091
-1148
-1389
-1629
-1600
-1293
-1135
-1249
-1546
-1646
-1555
-1314
-1157
-1181
-1271
-1400
-1330
-1231
-1023
-842
-893
-1018
-1034
-822
-581
-518
-568
-620
-536
-424
-315
-269
-312
-226
-144
-44
-11
23
87
84
138
262
394
406
347
303
385
497
536
493
406
410
450
440
394
370
366
336
278
276
319
317
280
200
199
260
309
337
239
189
228
311
364
286
248
299
319
357
356
361
457
535
475
480
564
683
931
748
651
728
818
1095
1091
997
936
872
884
1104
1194
1217
1132
865
817
932
1109
1149
903
631
624
650
607
509
335
214
101
-92
-184
-321
-417
-498
-710
-829
-967
-1013
-1149
-1226
-1126
-1122
-1294
-1556
-1559
-1378
-1206
-1248
-1383
-1468
-1496
-1401
-1276
-1136
-1080
-1152
-1262
-1282
-1091
-822
-735
-850
-932
-843
-642
-456
-416
-453
-470
-344
-187
-109
-121
-125
-33
48
98
83
95
116
173
283
343
348
325
333
402
506
586
598
484
396
431
531
585
499
358
313
307
339
334
262
202
98
71
99
164
174
107
-20
-11
125
282
294
168
155
224
373
392
382
372
438
483
498
551
623
700
642
673
791
1001
973
705
581
795
1123
1209
961
649
678
867
1105
1108
935
774
641
615
715
863
833
519
184
193
405
481
213
-145
-312
-242
-202
-347
-582
-808
-872
-931
-936
-896
-987
-1169
-1346
-1366
-1161
-1071
-1206
-1377
-1455
-1312
-1217
-1207
-1216
-1191
-1171
-1207
-1194
-1080
-905
-901
-995
-1035
-895
-675
-591
-637
-680
-576
-360
-236
-202
-233
-223
-93
13
130
165
157
154
208
350
445
480
451
444
493
593
645
640
578
494
543
624
653
563
409
380
467
501
427
270
189
208
184
160
114
53
-5
-84
-105
11
75
3
-85
-75
126
223
158
128
202
380
466
431
430
486
601
661
645
677
717
754
757
713
723
757
702
653
622
592
688
708
634
523
436
512
620
601
479
339
239
273
316
326
287
134
-11
-75
-21
97
59
-127
-310
-375
-302
-259
-312
-477
-639
-727
-694
-639
-711
-844
-989
-1016
-979
-982
-969
-1032
-1088
-1091
-1062
-959
-916
-966
-1024
-1003
-906
-776
-763
-825
-862
-823
-697
-567
-529
-567
-616
-580
-397
-249
-160
-178
-215
-126
27
181
242
248
247
270
317
355
422
448
397
344
343
419
490
504
443
410
428
459
467
416
388
376
339
291
270
298
298
230
158
143
189
189
162
161
187
196
162
181
294
396
421
386
357
455
582
636
593
540
570
609
622
609
657
683
610
559
560
616
653
680
638
519
406
345
407
481
450
281
55
-74
33
153
145
-11
-218
-307
-282
-181
-129
-197
-365
-444
-423
-335
-262
-328
-466
-572
-543
-419
-405
-544
-689
-721
-627
-538
-574
-681
-751
-729
-640
-585
-593
-637
-694
-714
-661
-568
-542
-610
-674
-680
-608
-516
-453
-472
-543
-551
-475
-309
-179
-193
-273
-286
-180
4
89
70
16
3
95
185
256
272
238
176
195
276
360
372
297
285
318
354
381
354
368
358
295
275
277
311
272
191
124
160
210
193
170
135
159
188
158
146
185
248
289
249
229
275
338
373
373
408
438
424
408
402
478
537
540
493
431
461
535
538
470
392
378
395
373
354
309
265
181
102
95
129
120
13
-125
-202
-161
-126
-178
-265
-320
-340
-316
-324
-317
-346
-431
-474
-474
-372
-345
-414
-497
-510
-394
-298
-289
-351
-394
-348
-273
-223
-228
-264
-288
-286
-253
-233
-244
-264
-308
-305
-262
-207
-184
-234
-303
-315
-248
-187
-166
-188
-208
-189
-148
-77
-36
-35
-33
-40
-27
16
58
60
27
-13
-2
40
72
78
59
55
56
49
42
40
30
33
0
-49
-48
-17
13
2
-26
-36
-35
-53
-58
-17
71
125
65
-5
38
161
270
269
205
194
256
343
404
418
394
381
382
411
464
497
460
376
322
365
433
416
343
249
221
246
275
258
194
118
72
70
87
84
39
-6
-31
-24
-3
13
-13
-42
-79
-82
-33
4
-27
-117
-186
-153
-57
-52
-127
-221
-228
-162
-121
-123
-169
-192
-224
-252
-232
-167
-120
-181
-292
-342
-287
-235
-238
-310
-358
-357
-340
-326
-314
-287
-285
-298
-302
-232
-185
-161
-158
-146
-75
-13
14
-8
-15
15
78
108
129
129
112
118
153
223
244
216
168
159
185
198
175
120
47
6
-5
-14
0
-3
-31
-90
-131
-107
-62
-61
-118
-167
-146
-83
-59
-52
-53
-20
39
65
78
84
100
119
127
148
187
186
174
193
239
297
294
237
210
227
253
232
165
133
121
108
88
61
64
59
19
-24
-21
-4
-17
-57
-85
-67
-51
-72
-108
-110
-74
-70
-103
-125
-100
-77
-94
-83
-57
-26
-35
-65
-33
13
37
16
-32
-34
-4
5
1
-2
3
-4
-32
-48
-11
23
18
-22
-66
-67
-47
-26
-16
-37
-64
-67
-49
-7
16
-14
-49
-53
-47
-10
-8
-46
-52
-31
17
27
5
-4
10
59
86
64
22
9
29
41
51
21
-20
-32
-23
14
26
-3
-43
-64
-63
-30
-15
-30
-66
-99
-100
-77
-43
-47
-80
-115
-115
-95
-63
-40
-51
-51
-30
-10
17
54
70
78
80
102
126
138
155
150
135
126
125
129
125
107
86
58
35
22
27
15
-21
-40
-32
-15
-36
-81
-107
-98
-73
-81
-109
-124
-125
-100
-83
-65
-63
-77
-69
-53
-29
-14
-22
-39
-16
21
46
42
26
39
46
55
64
46
20
-2
-3
24
34
7
-24
-18
13
28
5
-29
-16
9
4
-12
-16
21
47
41
30
63
107
122
107
87
113
136
133
122
128
148
158
142
103
111
129
120
113
84
59
23
-18
-10
9
-4
-36
-92
-125
-109
-92
-103
-145
-178
-182
-182
-186
-188
-166
-150
-150
-164
-164
-129
-91
-92
-123
-107
-65
-36
-36
-68
-68
-37
-4
20
16
4
2
-1
35
94
119
95
49
47
90
121
118
80
62
78
84
81
81
89
87
72
58
64
65
41
29
14
2
-13
-36
-47
-31
-21
-52
-94
-110
-87
-67
-73
-90
-121
-135
-120
-103
-83
-85
-86
-88
-85
-52
-27
-16
-22
-12
10
13
3
1
19
46
71
69
45
44
68
95
104
93
84
70
88
121
142
135
91
86
110
137
123
84
52
56
103
115
81
31
6
26
47
52
27
-23
-69
-77
-41
-17
-38
-90
-128
-123
-93
-72
-82
-118
-137
-118
-89
-83
-85
-91
-81
-46
-27
-6
-11
-17
9
42
63
56
36
20
24
50
71
54
12
-15
-12
7
12
-12
-36
-63
-54
-12
12
2
-37
-40
4
29
37
26
1
-17
-5
40
68
61
29
3
26
71
101
91
37
9
20
32
32
25
-2
-21
-35
-51
-46
-57
-62
-63
-90
-103
-112
-115
-92
-83
-89
-94
-110
-104
-94
-75
-61
-63
-61
-44
-25
-6
14
19
45
71
85
99
108
119
134
143
154
164
169
170
181
209
213
197
175
167
175
172
136
93
67
51
46
26
-11
-49
-83
-98
-100
-104
-134
-165
-181
-189
-200
-210
-233
-249
-227
-210
-218
-236
-237
-208
-170
-136
-114
-111
-113
-89
-35
24
57
44
28
40
80
129
143
122
98
103
128
147
141
111
86
90
111
128
113
62
31
29
47
57
38
-8
-39
-32
-10
8
-9
-34
-43
-30
-13
-9
-13
-18
-18
-6
21
27
23
20
16
28
54
68
53
34
38
64
83
75
45
33
38
41
33
5
-17
-23
-24
-22
-13
-19
-30
-39
-50
-41
-22
-17
-38
-45
-27
-11
8
0
-5
14
33
44
37
37
58
90
101
88
72
68
90
104
102
87
55
40
33
25
16
-19
-60
-84
-87
-71
-93
-138
-177
-187
-174
-171
-194
-223
-229
-218
-200
-203
-207
-218
-211
-184
-169
-163
-159
-153
-133
-96
-57
-32
-38
-38
-7
56
112
119
102
98
129
174
199
200
184
159
166
193
203
193
155
131
131
142
150
122
81
52
55
77
76
49
4
-34
-35
-22
-16
-38
-68
-71
-58
-37
-22
-13
-14
-10
0
28
44
46
33
29
58
76
82
63
44
50
60
68
64
53
44
50
53
54
50
47
47
45
48
45
41
40
30
31
39
27
22
22
29
36
20
5
6
22
30
12
-16
-23
-13
0
-2
-30
-52
-62
-58
-60
-69
-86
-110
-121
-121
-123
-129
-149
-176
-185
-174
-157
-164
-191
-212
-199
-176
-173
-188
-205
-198
-179
-164
-162
-158
-165
-157
-123
-97
-82
-78
-77
-54
-9
32
50
44
40
71
109
127
118
105
109
121
141
152
153
138
128
129
148
160
139
109
87
99
115
106
83
57
56
62
58
46
30
21
19
27
35
32
23
19
26
41
53
53
35
26
45
74
78
63
47
50
74
90
94
85
78
90
104
112
117
122
117
107
116
125
131
128
106
95
95
97
85
62
54
63
59
39
27
25
25
23
7
-11
-29
-50
-64
-70
-77
-101
-140
-166
-164
-157
-175
-208
-231
-231
-227
-229
-237
-250
-262
-270
-263
-249
-248
-258
-268
-268
-247
-228
-221
-211
-207
-181
-150
-131
-112
-91
-75
-48
-6
28
36
33
51
86
113
114
111
115
117
120
135
146
142
134
133
145
155
154
144
138
143
145
134
115
94
92
90
81
63
38
25
26
28
26
21
15
10
6
10
23
31
21
2
0
15
21
6
0
4
14
14
5
6
24
41
43
42
48
61
77
82
85
94
99
97
102
112
117
110
104
108
117
122
124
114
110
117
131
134
122
105
87
88
101
86
56
24
-1
-4
-4
-22
-55
-91
-113
-118
-122
-126
-147
-173
-187
-194
-198
-200
-212
-223
-238
-250
-245
-244
-252
-255
-246
-230
-222
-213
-199
-182
-165
-149
-128
-110
-97
-80
-65
-48
-34
-29
-14
8
27
37
41
50
61
78
89
99
111
119
116
108
106
109
105
94
83
67
59
57
54
45
46
53
53
41
35
42
43
34
23
11
-2
-1
3
3
-5
-17
-5
15
20
29
44
48
46
54
77
93
88
82
87
100
102
94
92
91
96
100
102
101
100
106
113
123
130
127
119
111
112
110
95
85
76
67
58
46
42
33
19
15
11
2
-12
-23
-34
-40
-45
-56
-76
-98
-109
-115
-132
-152
-167
-179
-196
-215
-219
-217
-220
-233
-243
-239
-232
-224
-218
-217
-209
-193
-181
-169
-153
-132
-117
-110
-87
-55
-33
-28
-15
16
47
69
89
108
123
139
156
183
191
190
187
184
192
196
185
169
160
147
139
128
118
102
75
52
36
25
8
-11
-22
-34
-54
-75
-79
-82
-98
-114
-114
-110
-113
-118
-121
-104
-87
-78
-70
-54
-34
-20
-9
9
27
40
51
67
87
105
116
118
133
149
158
165
166
159
149
151
158
149
135
128
129
128
111
93
87
77
61
44
36
27
0
-29
-36
-39
-48
-66
-87
-93
-97
-110
-121
-127
-131
-143
-155
-151
-149
-155
-164
-172
-180
-180
-174
-167
-161
-169
-183
-183
-160
-140
-138
-145
-146
-132
-115
-106
-105
-102
-98
-79
-53
-29
-18
-16
-9
15
47
68
85
88
90
104
128
153
168
166
166
176
191
202
200
196
194
191
192
191
187
180
164
157
150
138
123
99
85
73
62
46
22
4
-5
-14
-17
-32
-45
-52
-58
-58
-62
-68
-72
-75
-66
-48
-43
-42
-41
-32
-15
-11
-4
6
9
15
27
38
49
49
51
61
66
61
57
55
53
47
34
24
22
15
9
-8
-26
-37
-46
-53
-64
-84
-102
-113
-117
-121
-128
-130
-131
-138
-138
-141
-145
-142
-148
-148
-141
-136
-136
-137
-131
-124
-121
-113
-108
-112
-117
-110
-95
-88
-90
-95
-88
-79
-69
-49
-37
-40
-39
-33
-14
2
3
0
0
12
32
51
66
74
75
84
109
139
164
166
157
163
180
203
215
213
204
200
204
215
219
213
204
196
184
181
185
182
169
156
134
121
117
100
77
50
37
35
18
-5
-16
-20
-26
-41
-58
-56
-49
-53
-63
-78
-88
-90
-84
-72
-69
-79
-83
-78
-63
-49
-46
-43
-47
-46
-38
-23
-22
-28
-34
-33
-19
-7
0
-9
-25
-25
-20
-17
-14
-19
-29
-38
-46
-43
-41
-60
-75
-81
-96
-104
-106
-107
-115
-133
-147
-142
-141
-151
-157
-164
-165
-167
-167
-161
-163
-173
-177
-170
-162
-157
-151
-151
-144
-131
-119
-103
-80
-65
-63
-51
-29
-2
8
14
26
45
68
88
104
116
128
145
169
190
198
211
221
226
239
252
255
252
254
249
252
251
242
235
228
225
215
199
184
175
169
152
134
121
111
100
76
54
42
29
11
-12
-23
-30
-44
-61
-67
-66
-65
-65
-73
-79
-78
-77
-72
-67
-63
-66
-64
-53
-43
-37
-33
-24
-18
-24
-25
-18
-8
-5
-9
-13
-10
-8
-6
-5
-6
-5
-6
-4
3
5
5
-1
-7
-11
-14
-21
-37
-52
-64
-78
-93
-114
-126
-136
-150
-166
-179
-185
-192
-197
-209
-220
-223
-222
-225
-224
-220
-221
-216
-213
-205
-198
-197
-183
-170
-162
-140
-119
-105
-100
-87
-68
-43
-23
-15
-2
13
33
57
78
99
118
134
156
183
199
221
233
242
260
268
276
283
289
298
297
293
285
280
280
266
253
234
213
210
198
174
160
139
115
106
97
82
62
43
33
21
9
-1
-12
-23
-33
-33
-37
-47
-46
-46
-50
-57
-55
-46
-41
-38
-34
-28
-27
-28
-29
-28
-30
-30
-33
-28
-25
-31
-26
-20
-19
-15
-15
-19
-20
-30
-32
-36
-41
-41
-55
-61
-62
-74
-90
-98
-102
-110
-125
-138
-140
-146
-158
-167
-172
-182
-190
-188
-192
-194
-199
-205
-197
-188
-185
-188
-186
-174
-164
-155
-141
-128
-118
-109
-95
-79
-71
-68
-49
-30
-7
7
17
33
48
69
83
94
108
116
129
141
156
164
166
173
182
191
191
186
187
187
183
189
198
191
176
166
169
165
151
139
129
120
103
88
84
79
70
59
54
54
49
44
34
28
32
32
27
22
22
25
22
22
23
21
17
10
18
21
10
6
12
13
9
12
17
16
5
3
7
12
9
-5
-6
-2
-8
-8
-8
-12
-21
-26
-29
-36
-45
-63
-75
-76
-80
-96
-111
-115
-121
-127
-136
-143
-147
-155
-162
-165
-160
-162
-165
-160
-160
-163
-163
-163
-157
-153
-154
-152
-145
-135
-123
-113
-106
-95
-82
-73
-72
-66
-49
-33
-26
-22
-18
-4
12
16
18
28
38
44
54
61
67
77
89
100
105
108
118
129
129
125
124
128
130
133
141
141
135
135
146
156
146
141
147
147
146
140
132
137
137
125
114
111
115
109
103
96
87
84
80
80
84
75
62
59
57
51
41
29
22
10
2
-6
-14
-13
-19
-31
-33
-35
-31
-28
-38
-46
-47
-48
-59
-68
-68
-73
-75
-82
-92
-101
-105
-110
-112
-119
-125
-117
-115
-116
-119
-121
-116
-112
-121
-130
-125
-121
-129
-136
-135
-128
-123
-115
-108
-105
-98
-98
-84
-75
-72
-70
-67
-54
-47
-39
-34
-35
-36
-35
-30
-23
-16
-14
-13
-5
-2
4
10
21
31
31
23
20
31
30
27
30
36
42
40
38
47
56
61
67
78
83
89
98
105
120
123
117
121
127
128
119
118
120
119
116
112
119
127
125
129
137
146
145
144
142
132
119
105
104
100
83
65
52
44
40
34
29
19
11
6
10
12
0
-9
-10
-10
-15
-25
-29
-35
-42
-52
-62
-65
-66
-73
-73
-77
-86
-90
-96
-93
-89
-92
-105
-111
-105
-102
-108
-118
-122
-121
-125
-134
-135
-132
-132
-132
-134
-132
-130
-129
-122
-114
-112
-115
-117
-113
-106
-101
-101
-100
-92
-87
-79
-69
-64
-59
-45
-37
-31
-26
-16
-4
5
6
11
24
38
43
45
47
51
61
72
80
86
88
95
105
117
128
133
130
129
130
133
136
131
127
126
124
123
128
133
140
140
138
139
138
140
136
136
137
126
118
116
111
99
84
74
68
58
52
44
31
20
17
20
20
14
4
1
-2
-6
-13
-19
-22
-39
-53
-62
-66
-70
-74
-74
-76
-82
-85
-80
-79
-78
-78
-78
-79
-79
-79
-83
-83
-79
-83
-86
-89
-97
-97
-108
-117
-110
-105
-110
-121
-120
-113
-110
-105
-99
-90
-92
-107
-109
-101
-97
-95
-102
-107
-111
-106
-95
-86
-77
-72
-66
-60
-50
-36
-33
-32
-26
-21
-14
-7
-6
-4
-5
3
12
26
37
35
44
57
69
78
87
95
101
102
111
124
128
125
132
140
140
134
132
137
135
136
135
132
134
135
132
133
139
137
126
123
127
119
99
91
95
99
88
76
80
79
76
79
86
85
75
61
61
65
56
45
41
37
30
18
7
8
8
6
-1
-7
-12
-27
-26
-16
-18
-28
-38
-43
-44
-54
-64
-71
-86
-97
-103
-112
-123
-133
-141
-141
-137
-140
-146
-155
-157
-154
-160
-166
-169
-165
-164
-174
-174
-170
-174
-175
-172
-165
-165
-163
-158
-147
-133
-127
-122
-114
-106
-107
-103
-91
-84
-80
-75
-67
-56
-44
-32
-15
3
4
8
23
40
52
59
67
76
82
84
91
96
95
96
101
112
121
126
133
141
152
161
164
171
174
169
170
173
170
165
165
163
158
153
151
157
153
147
146
151
153
147
141
138
129
120
119
113
109
99
95
94
88
82
77
70
59
44
27
17
3
-15
-18
-19
-32
-41
-42
-44
-50
-60
-65
-64
-67
-71
-74
-78
-85
-91
-95
-96
-101
-109
-114
-113
-120
-129
-133
-135
-138
-140
-138
-135
-140
-140
-143
-139
-134
-134
-128
-121
-118
-123
-122
-118
-118
-119
-121
-126
-124
-126
-126
-122
-119
-119
-116
-109
-99
-91
-89
-82
-73
-62
-55
-50
-39
-28
-16
-11
-2
8
17
21
20
25
34
40
44
49
50
51
53
60
72
75
77
82
96
107
109
109
117
126
130
133
137
142
145
143
148
158
155
151
161
165
161
156
151
154
161
152
151
156
153
150
142
143
138
125
115
109
109
100
84
78
79
62
39
30
29
28
13
1
1
-10
-26
-37
-35
-38
-51
-61
-57
-61
-72
-79
-80
-76
-81
-89
-88
-88
-99
-107
-103
-100
-103
-104
-106
-106
-103
-106
-105
-103
-108
-122
-120
-111
-117
-121
-129
-135
-130
-128
-128
-125
-122
-124
-133
-133
-135
-140
-140
-134
-125
-116
-118
-119
-112
-103
-104
-103
-90
-86
-80
-73
-73
-66
-56
-56
-45
-33
-23
-21
-6
12
22
34
43
63
80
82
84
100
111
114
118
126
135
140
139
141
149
151
147
152
167
171
176
182
187
185
178
177
177
176
172
168
161
156
142
135
132
117
108
108
97
84
73
65
59
52
40
32
31
23
11
6
5
-6
-14
-23
-27
-25
-34
-45
-51
-53
-53
-52
-48
-44
-43
-47
-56
-59
-57
-59
-60
-59
-55
-60
-59
-61
-61
-61
-63
-59
-63
-64
-69
-71
-70
-73
-76
-83
-86
-87
-90
-93
-101
-104
-110
-122
-126
-127
-133
-136
-141
-143
-141
-142
-141
-134
-132
-130
-124
-123
-114
-107
-107
-98
-95
-87
-78
-73
-62
-55
-45
-38
-34
-21
-10
-2
8
21
41
56
64
72
89
110
122
135
149
154
146
144
160
169
170
171
174
183
178
168
167
168
166
162
161
161
160
152
145
139
131
120
113
113
113
105
93
83
68
55
46
33
24
19
5
-3
2
3
-6
-16
-15
-17
-25
-30
-31
-33
-45
-53
-50
-45
-52
-57
-51
-46
-51
-59
-55
-52
-53
-57
-64
-69
-77
-86
-88
-83
-78
-88
-95
-89
-90
-104
-113
-108
-96
-95
-99
-96
-94
-98
-101
-98
-89
-96
-107
-103
-91
-86
-89
-89
-85
-84
-83
-77
-73
-66
-58
-54
-53
-47
-36
-29
-21
-9
-3
-7
-7
-4
2
6
3
10
25
31
37
40
48
49
55
66
76
87
85
84
86
90
86
83
94
101
100
102
106
105
103
103
105
107
107
106
111
110
107
108
110
113
109
105
94
86
81
74
69
61
60
61
57
54
45
43
39
33
25
18
12
8
1
-11
-16
-22
-26
-28
-29
-34
-40
-45
-47
-55
-60
-64
-65
-61
-60
-64
-68
-68
-71
-80
-86
-87
-87
-85
-82
-76
-77
-77
-75
-67
-59
-51
-44
-46
-45
-48
-52
-57
-60
-60
-58
-59
-63
-62
-66
-76
-83
-85
-88
-86
-83
-77
-73
-69
-67
-69
-64
-58
-56
-52
-43
-37
-37
-45
-46
-34
-27
-22
-19
-11
-1
1
9
20
33
46
61
76
88
93
92
100
108
112
114
117
129
134
131
130
129
132
134
134
141
142
140
138
132
130
123
120
121
125
124
108
90
83
78
72
64
61
57
50
41
25
14
4
1
4
5
-4
-16
-28
-46
-55
-64
-67
-64
-62
-59
-63
-69
-71
-81
-85
-84
-84
-82
-85
-88
-85
-83
-90
-91
-82
-70
-67
-68
-65
-68
-76
-80
-79
-63
-49
-45
-39
-40
-54
-71
-74
-66
-65
-70
-68
-63
-62
-69
-81
-79
-69
-69
-71
-65
-66
-72
-80
-81
-80
-74
-62
-47
-35
-36
-41
-43
-42
-39
-37
-24
-5
8
20
25
23
25
35
50
65
73
78
83
86
85
87
93
105
122
134
139
142
138
142
142
141
146
151
158
157
154
146
132
120
120
123
122
114
106
105
95
80
68
71
72
68
63
54
43
27
14
4
-6
-13
-18
-18
-22
-32
-44
-54
-60
-66
-68
-67
-70
-71
-70
-70
-71
-76
-80
-72
-65
-59
-60
-64
-68
-73
-78
-75
-74
-71
-67
-65
-70
-76
-76
-73
-67
-62
-62
-62
-60
-69
-75
-77
-78
-73
-73
-74
-79
-90
-100
-107
-105
-101
-98
-88
-77
-69
-67
-72
-78
-72
-62
-53
-42
-37
-31
-26
-23
-24
-29
-24
-12
8
24
33
35
39
47
51
57
69
81
91
92
89
85
82
86
95
107
116
118
125
126
119
114
108
109
117
122
124
116
102
98
96
94
92
92
96
99
92
84
74
67
66
66
66
62
50
42
34
24
8
2
11
20
23
14
4
-5
-9
-14
-15
-10
-8
-9
-16
-27
-39
-49
-53
-44
-36
-31
-36
-43
-45
-52
-58
-61
-59
-46
-37
-39
-52
-62
-72
-84
-90
-86
-76
-68
-66
-70
-80
-94
-97
-91
-81
-76
-75
-73
-76
-86
-96
-98
-98
-95
-87
-83
-82
-91
-97
-91
-81
-77
-72
-56
-47
-53
-60
-61
-59
-53
-43
-31
-15
-11
-12
-9
-7
-15
-17
-9
8
21
26
29
29
32
31
29
37
46
58
68
75
76
73
71
83
95
102
110
110
112
106
98
100
108
121
130
138
144
144
143
138
132
129
128
132
143
147
137
119
108
104
101
96
95
98
93
77
65
52
39
25
14
18
18
9
1
-5
-10
-28
-50
-51
-44
-42
-47
-58
-65
-77
-85
-83
-87
-88
-98
-103
-99
-103
-109
-111
-99
-91
-90
-86
-88
-93
-100
-110
-105
-102
-101
-93
-90
-87
-89
-92
-83
-74
-76
-75
-71
-68
-71
-78
-84
-82
-85
-84
-76
-71
-71
-75
-76
-71
-73
-71
-57
-38
-24
-25
-28
-29
-30
-31
-30
-22
-13
-10
-6
0
0
-6
2
22
41
56
62
69
76
73
71
73
74
83
92
101
113
109
104
109
110
118
125
131
141
145
138
131
133
134
125
120
118
109
101
86
85
83
74
74
77
85
88
76
65
56
43
38
43
44
43
29
15
5
-2
-10
-14
-12
-9
-10
-14
-18
-26
-36
-39
-35
-35
-34
-36
-46
-49
-61
-69
-69
-65
-56
-56
-62
-65
-67
-70
-68
-67
-65
-65
-68
-70
-77
-87
-99
-105
-106
-106
-107
-105
-108
-118
-124
-124
-119
-116
-109
-101
-92
-89
-98
-103
-105
-104
-101
-96
-78
-66
-66
-70
-71
-70
-61
-45
-22
-4
3
11
13
12
11
14
28
45
51
58
72
77
79
83
94
107
115
118
129
133
128
118
124
133
132
131
123
125
123
109
105
101
102
103
110
116
111
94
74
69
64
57
58
60
59
52
34
22
18
16
15
21
26
24
14
3
-2
-12
-17
-10
-3
4
-5
-15
-21
-24
-27
-27
-15
-4
-4
-11
-21
-24
-30
-38
-33
-21
-16
-15
-16
-19
-29
-46
-57
-48
-37
-38
-43
-49
-55
-68
-86
-93
-93
-90
-94
-92
-90
-97
-99
-103
-103
-103
-105
-101
-91
-84
-89
-95
-94
-94
-91
-82
-73
-64
-60
-55
-48
-43
-34
-24
-7
2
-1
5
8
12
16
20
34
47
56
59
60
61
61
65
73
82
88
92
88
83
74
67
65
68
74
77
78
73
67
63
58
57
60
61
60
59
58
48
37
30
29
32
38
46
50
46
38
33
28
28
34
41
46
46
38
29
24
15
8
11
14
20
24
18
7
-2
-10
-16
-11
-4
-5
-6
-13
-21
-31
-37
-45
-46
-39
-36
-32
-38
-51
-59
-60
-58
-58
-55
-47
-45
-52
-58
-65
-72
-72
-69
-66
-56
-53
-54
-52
-48
-44
-45
-44
-36
-32
-35
-36
-35
-37
-42
-42
-36
-29
-27
-23
-23
-22
-19
-17
-8
-2
3
6
-2
-10
-15
-16
-15
-8
7
19
20
20
19
15
16
22
31
42
47
51
55
52
40
34
40
45
51
59
62
61
55
49
47
48
50
51
60
63
59
48
44
47
46
40
40
48
47
38
30
28
22
12
14
18
16
8
-1
0
2
-6
-3
5
4
4
0
-3
-4
-13
-19
-19
-19
-22
-24
-23
-23
-33
-37
-34
-26
-21
-20
-13
-16
-23
-29
-34
-28
-28
-27
-23
-24
-27
-33
-38
-41
-35
-30
-22
-14
-12
-12
-22
-29
-26
-25
-26
-27
-19
-19
-26
-27
-31
-34
-41
-42
-27
-20
-21
-27
-31
-29
-36
-37
-31
-25
-23
-20
-20
-19
-20
-25
-20
-15
-14
-11
-3
3
7
4
6
16
20
26
29
26
29
30
33
37
39
43
45
44
46
44
44
50
56
59
60
64
66
67
66
64
66
67
72
73
72
66
56
54
52
43
38
40
39
35
33
28
21
5
-1
-1
2
2
-4
-8
-17
-31
-41
-44
-44
-43
-43
-45
-48
-55
-61
-66
-67
-63
-58
-54
-48
-44
-48
-52
-50
-50
-47
-49
-35
-25
-25
-18
-20
-20
-17
-18
-12
-4
3
5
5
2
-5
-5
-3
1
7
9
6
2
-7
-14
-11
-9
-10
-6
-9
-11
-10
-17
-26
-23
-16
-15
-15
-15
-13
-14
-25
-27
-21
-22
-22
-21
-19
-16
-20
-22
-16
-8
-5
1
10
14
17
19
21
28
36
39
48
54
52
49
46
50
55
57
62
70
75
68
61
58
59
57
50
53
59
58
48
41
42
40
30
28
31
26
21
14
12
6
-3
-6
-9
-9
-14
-19
-24
-24
-31
-37
-34
-27
-27
-30
-31
-29
-29
-33
-34
-30
-26
-27
-24
-18
-23
-29
-31
-29
-22
-23
-19
-9
-10
-16
-20
-18
-14
-12
-13
-10
-12
-22
-25
-30
-35
-39
-43
-41
-37
-41
-46
-47
-47
-44
-45
-39
-28
-25
-26
-30
-31
-32
-36
-35
-25
-22
-21
-23
-24
-21
-20
-22
-17
-10
-3
2
6
10
11
12
16
24
31
32
37
45
46
43
46
52
59
61
60
66
68
66
68
70
72
74
74
73
71
63
58
56
51
49
46
45
43
41
35
27
19
13
10
12
16
15
6
-1
-3
-7
-13
-14
-14
-11
-15
-21
-19
-23
-26
-28
-31
-32
-32
-28
-24
-21
-23
-26
-27
-20
-18
-14
-12
-16
-19
-23
-21
-21
-17
-16
-17
-18
-17
-18
-22
-23
-22
-19
-24
-23
-23
-25
-27
-35
-36
-30
-27
-20
-17
-21
-23
-23
-15
-17
-16
-15
-18
-19
-22
-25
-22
-20
-20
-17
-15
-13
-11
-7
-11
-13
-16
-19
-15
-10
-11
-10
-11
-14
-10
-7
3
12
13
17
17
13
8
6
14
24
24
18
16
19
19
17
15
25
34
33
32
35
36
29
29
35
38
41
42
45
46
43
39
39
42
47
52
53
53
47
44
41
39
37
30
30
26
21
15
0
-4
2
-3
-5
-2
-1
-5
-12
-21
-22
-19
-24
-20
-18
-19
-22
-27
-23
-25
-26
-20
-16
-14
-20
-24
-22
-28
-35
-40
-41
-38
-40
-45
-46
-41
-41
-45
-42
-38
-36
-41
-45
-39
-34
-38
-44
-38
-31
-30
-26
-28
-24
-19
-14
-3
2
3
5
8
8
-1
-2
3
3
-2
0
9
9
7
6
11
14
11
16
25
32
32
28
27
24
27
30
27
28
27
23
20
20
21
