SAMPLES:	20431
BITSPERSAMPLE:	16
CHANNELS:	1
SAMPLERATE:	16000
NORMALIZED:	FALSE
0
1
0
1
0
0
0
0
1
1
0
0
0
0
0
0
0
-1
1
-1
0
-1
0
0
0
0
0
0
1
0
0
0
0
0
0
0
1
0
0
0
0
0
0
0
0
0
0
0
0
-1
0
-1
0
0
0
1
0
0
0
0
-1
0
-1
0
1
0
0
1
0
0
0
1
0
0
0
0
0
0
1
-1
0
-1
0
0
-1
0
0
0
1
-1
0
0
0
0
0
1
0
0
0
0
0
0
-1
-1
0
0
0
0
0
0
-1
0
0
0
0
-1
0
-1
0
-1
0
-1
0
0
1
0
0
0
0
0
0
0
0
0
0
0
0
1
0
0
0
1
1
1
0
1
1
0
1
0
0
0
1
1
-1
0
0
0
1
1
0
0
0
0
-1
0
0
0
-1
0
0
1
0
0
0
0
0
0
1
-1
0
0
0
0
0
0
0
1
1
0
0
0
0
0
-1
1
0
0
0
0
0
1
0
0
0
-1
1
1
0
-1
0
0
0
0
0
0
0
0
0
0
0
0
0
0
0
0
0
0
-1
-1
0
0
0
0
-1
0
-1
0
0
-1
-1
0
0
0
0
0
0
0
0
0
1
0
1
0
0
0
1
0
0
1
0
1
1
1
1
0
0
1
1
0
1
0
1
0
0
0
1
1
0
0
0
-1
0
0
0
0
-1
0
0
0
0
0
0
0
0
-1
0
0
-1
0
0
0
0
0
1
-1
0
-1
0
0
0
0
-1
1
0
0
0
0
0
-1
0
0
0
0
0
0
0
0
0
0
-1
0
0
-1
0
-1
0
0
0
0
0
0
-1
-1
0
-1
0
0
0
-1
0
0
0
0
0
0
0
1
0
0
0
0
0
0
0
0
-1
-1
1
0
0
0
0
0
0
0
0
0
0
0
0
1
0
0
0
0
0
1
1
0
0
0
0
0
-1
0
0
0
0
0
1
1
0
0
1
0
0
0
1
0
1
1
0
1
1
0
0
0
0
1
0
0
0
0
0
1
0
1
0
-1
0
0
0
0
0
0
0
0
0
0
0
1
0
0
1
0
0
0
1
0
0
0
-1
-1
0
0
0
0
0
0
0
0
-1
0
0
0
0
-1
-1
0
0
0
-1
0
-1
0
0
0
0
-1
0
1
0
0
0
0
0
0
0
-1
0
1
0
0
0
0
-1
0
-1
-1
0
0
0
0
1
0
0
0
0
0
0
0
0
1
1
0
1
-1
0
0
0
0
0
1
0
0
0
0
1
1
1
0
0
0
0
0
0
0
0
0
0
0
0
0
0
0
-1
0
0
0
0
0
1
0
0
0
0
0
0
-1
0
0
-1
0
0
1
0
0
-1
0
0
0
0
1
0
1
1
0
0
0
0
0
0
0
0
0
0
0
1
0
0
0
0
0
0
0
0
0
0
1
0
-1
-1
0
0
0
-1
0
0
0
0
0
-1
0
0
0
0
-1
0
-1
0
0
0
0
0
0
0
0
0
0
0
0
-1
0
0
0
0
0
-1
0
0
0
1
0
-1
0
0
0
0
0
0
0
0
1
0
0
0
0
0
0
0
1
0
0
0
1
1
0
0
1
0
0
0
0
0
0
1
0
1
0
0
0
0
0
1
0
1
0
0
0
1
1
0
0
0
-1
1
1
-1
0
0
0
0
-1
0
0
-1
0
0
0
0
-1
0
-1
0
-1
0
-1
0
-1
0
0
0
0
0
0
-1
-1
-1
-1
0
0
0
-1
0
0
0
0
0
0
0
0
0
1
0
1
0
0
1
0
0
0
1
-1
0
1
0
1
1
1
0
0
1
1
0
0
0
0
-1
0
-1
0
0
0
0
0
-1
0
0
0
0
0
0
-1
0
0
0
0
0
-1
0
0
-1
-1
0
0
-1
0
0
0
0
0
1
0
0
-1
0
0
0
0
0
0
0
0
0
1
0
1
0
0
1
0
1
0
0
0
0
0
0
0
1
-1
0
-1
0
1
0
0
0
0
0
0
1
0
0
0
0
0
0
1
0
1
0
0
0
0
0
0
1
0
0
0
1
1
0
0
0
0
0
0
0
0
-1
0
0
-1
0
0
0
0
0
0
-1
0
-1
0
0
0
-1
-1
-1
0
0
0
-1
0
-1
0
0
0
0
-1
-1
0
0
-1
1
0
1
0
0
0
0
0
0
1
0
0
0
0
1
0
0
0
0
1
0
0
0
1
1
1
0
0
1
0
1
0
0
0
0
0
0
0
0
0
0
0
0
0
0
0
0
0
0
0
0
0
1
0
0
-1
1
0
-1
-1
-1
0
0
0
0
-1
0
0
0
-1
1
0
0
0
0
-1
0
0
-1
0
0
0
0
0
0
0
0
-1
0
0
0
0
0
0
0
0
0
0
1
-1
0
0
-1
1
0
0
0
0
0
0
0
0
0
0
0
0
0
0
-1
0
0
0
0
0
0
0
-1
0
0
0
-1
0
0
-1
0
0
0
0
0
0
1
1
0
0
0
0
0
0
0
0
0
0
0
1
0
0
0
0
-1
0
0
0
1
0
0
0
0
0
0
1
0
0
0
0
0
-1
0
-1
1
0
1
0
0
1
0
0
1
0
0
0
1
-1
-1
1
0
0
0
-1
0
0
1
0
0
0
0
0
0
-1
1
0
0
-1
0
0
1
1
-1
0
0
0
0
0
0
0
0
0
-1
1
0
0
1
0
0
0
0
1
-1
0
0
0
0
-1
1
0
0
-1
0
0
0
0
0
-1
0
-1
1
0
0
1
0
0
0
0
0
0
0
0
-1
0
0
0
1
0
1
0
0
0
0
-1
0
0
1
1
0
0
0
-1
-1
0
0
0
-1
0
0
1
0
1
0
0
1
0
0
1
0
0
0
0
0
0
0
0
0
0
0
-1
1
0
0
0
0
0
0
0
0
0
0
-1
0
-1
0
0
0
0
0
-1
0
0
0
1
0
0
0
0
0
0
0
0
0
-1
1
1
-1
0
0
0
0
0
0
0
0
0
0
0
0
0
-1
0
0
0
0
0
0
0
0
-1
0
0
0
0
-1
0
-1
0
0
0
0
0
-1
0
0
-1
0
0
0
1
0
0
0
0
0
0
1
0
0
0
0
0
1
0
0
0
1
1
0
0
0
0
0
0
0
0
1
1
1
0
0
-1
0
0
0
-1
-1
0
0
0
0
0
0
0
0
0
0
0
0
0
0
0
0
0
0
0
0
0
1
1
1
0
-1
0
0
0
0
0
0
1
-1
-1
0
0
0
0
0
1
0
-1
0
0
0
0
0
0
0
0
-1
0
0
0
0
1
0
0
0
0
0
-1
1
1
0
0
0
0
1
0
0
0
0
0
0
0
0
0
0
0
0
1
0
0
0
0
0
0
1
0
0
0
0
0
0
0
0
0
0
1
0
-1
0
0
0
0
-1
0
0
0
0
0
0
-1
0
0
-1
0
0
0
-1
1
0
0
0
0
0
0
0
0
0
0
0
0
0
-1
0
-1
0
0
0
0
0
0
0
0
0
1
0
0
0
0
0
0
0
0
0
0
0
1
0
0
0
0
0
0
0
0
0
-1
0
0
1
0
0
0
0
0
0
0
1
0
0
0
0
0
0
-1
0
1
0
0
0
0
0
0
0
0
-1
0
0
0
0
0
0
0
0
1
0
-1
0
1
0
0
-1
0
0
0
0
-1
0
0
0
0
1
0
0
0
0
0
0
0
0
-1
0
0
0
0
0
0
0
0
0
1
0
0
0
0
0
1
0
0
1
0
1
-1
0
0
0
0
0
0
0
0
-1
0
-1
-1
0
0
0
0
0
0
0
0
0
0
-1
0
-1
0
0
0
0
0
0
-1
0
0
0
0
0
0
0
0
0
0
0
0
0
0
0
0
0
1
1
0
-1
0
0
0
0
0
0
0
0
0
0
0
0
0
0
0
0
1
0
0
0
0
0
1
0
0
0
0
0
0
0
-1
-1
0
0
0
0
0
-1
-1
0
0
0
-1
1
0
0
-1
0
0
0
0
0
0
0
0
0
0
0
0
0
0
0
0
1
0
0
-1
0
0
0
0
0
0
1
0
0
-1
-1
0
0
0
0
-1
0
0
0
0
0
1
0
0
1
0
1
0
0
0
0
0
0
-1
0
0
0
0
0
0
1
0
0
0
0
0
0
-1
-1
0
-1
0
0
0
0
0
0
0
0
0
0
0
0
0
0
-1
0
0
0
0
1
0
0
0
0
0
0
0
0
0
0
-1
1
-1
0
0
0
0
0
0
-1
-1
1
0
0
0
0
1
2
1
2
2
2
1
1
1
0
0
-2
-2
-3
-3
-3
-3
-3
-3
-3
-4
-2
-1
1
2
2
2
3
3
4
2
1
-1
-2
-3
-3
-3
-3
-3
-3
-3
-3
-1
0
0
0
0
0
1
0
1
1
0
0
1
1
0
0
1
0
2
2
3
1
2
1
-1
-2
-3
-4
-5
-6
-5
-2
-1
0
3
5
6
8
8
8
9
9
9
9
10
11
9
7
6
6
4
3
0
0
-1
1
4
4
-1
-11
-17
-20
-28
-37
-38
-32
-35
-59
-75
-57
-18
-2
-13
-17
1
16
15
19
42
60
41
7
-3
12
13
-12
-38
-45
-48
-62
-65
-45
-19
-10
-17
-14
4
27
40
44
48
52
50
49
51
57
54
39
18
3
-6
-10
-14
-20
-23
-25
-22
-17
-8
-1
3
2
-2
-5
-4
-1
2
5
8
15
21
25
28
32
32
30
25
21
17
10
-3
-19
-32
-47
-62
-78
-91
-97
-91
-72
-45
-11
24
55
81
100
110
110
92
61
24
-11
-39
-66
-93
-113
-123
-125
-126
-119
-113
-119
-131
-132
-109
-81
-69
-67
-53
-30
-2
11
9
-10
-39
-33
33
128
186
218
295
400
419
338
374
614
793
606
201
31
148
192
3
-160
-141
-184
-462
-662
-447
-66
38
-143
-171
109
389
474
527
690
747
529
224
127
221
206
-24
-310
-484
-557
-625
-685
-689
-680
-744
-836
-809
-579
-264
-11
147
252
356
459
549
586
528
351
87
-177
-371
-458
-467
-474
-518
-580
-581
-470
-302
-169
-102
-86
-78
-27
95
268
408
473
495
508
499
461
433
358
212
-1
-53
188
401
387
175
17
4
1
-38
-119
-332
-638
-866
-894
-654
-270
102
341
472
636
820
950
901
652
296
-89
-406
-583
-554
-404
-339
-431
-494
-411
-328
-380
-468
-497
-545
-625
-616
-390
-60
220
403
506
557
541
457
308
139
-45
-221
-372
-465
-390
-197
25
136
121
126
161
154
96
52
116
457
910
1202
1128
946
1078
1296
1189
699
188
-221
-722
-1265
-1468
-1156
-745
-564
-472
-101
491
895
975
882
746
442
44
-248
-272
-86
74
118
65
112
246
279
60
-323
-690
-1071
-1397
-1533
-1349
-963
-593
-277
44
437
782
986
987
839
565
195
-144
-352
-376
-329
-302
-343
-364
-287
-185
-171
-291
-434
-577
-694
-694
-502
-13
517
849
955
955
1032
1093
988
675
177
-391
-837
-1094
-1093
-888
-619
-392
-275
-83
203
429
456
292
71
-175
-348
-392
-253
-14
127
158
155
195
203
84
-137
-376
-624
-816
-805
-590
-255
-17
139
278
426
541
518
382
100
-262
-593
-712
-629
-458
-260
-12
362
767
1062
1125
1003
814
819
1107
1355
1274
864
605
694
783
665
405
145
-286
-947
-1448
-1377
-940
-682
-716
-595
-40
624
1086
1377
1644
1708
1341
757
349
253
166
-154
-592
-880
-931
-918
-919
-914
-921
-1038
-1261
-1387
-1246
-891
-537
-295
-118
114
434
770
1018
1062
895
542
120
-239
-478
-619
-760
-963
-1159
-1184
-1004
-707
-454
-347
-328
-342
-291
-125
124
320
418
463
579
962
1400
1647
1537
1130
666
229
-129
-410
-744
-1210
-1647
-1866
-1706
-1223
-616
-40
380
693
940
1163
1284
1215
938
496
88
-209
-350
-335
-272
-289
-395
-514
-562
-547
-530
-481
-486
-514
-457
-244
86
398
581
651
629
464
190
-93
-248
-348
-527
-674
-519
-34
558
1043
1278
1270
1100
1070
1438
1830
1712
1009
319
195
430
521
359
137
-196
-751
-1280
-1298
-861
-540
-619
-764
-533
44
693
1231
1627
1761
1490
980
555
400
279
-85
-681
-1243
-1554
-1575
-1380
-1170
-1055
-1113
-1249
-1268
-1047
-652
-353
-222
-111
73
323
644
1004
1225
1140
777
359
47
-155
-360
-650
-998
-1300
-1396
-1244
-893
-537
-369
-343
-284
-102
155
365
525
648
653
636
665
1148
1875
2070
1568
661
64
-144
-363
-670
-1087
-1680
-2249
-2451
-2009
-1043
-185
292
532
827
1206
1455
1581
1442
930
81
-674
-941
-841
-626
-522
-589
-710
-693
-509
-295
-196
-185
-274
-455
-506
-261
172
516
576
482
335
225
141
-9
-173
-313
-468
-519
-298
262
971
1427
1491
1364
1429
1861
2230
2019
1331
716
496
420
315
225
100
-280
-908
-1350
-1261
-842
-604
-712
-792
-490
50
568
1068
1574
1877
1712
1236
896
859
837
406
-381
-1078
-1433
-1595
-1715
-1725
-1573
-1478
-1570
-1595
-1307
-785
-357
-203
-169
-26
253
531
744
904
951
772
421
102
-73
-188
-395
-728
-1068
-1280
-1277
-1110
-888
-726
-665
-576
-379
-109
140
326
500
646
706
1006
1550
1908
1793
1199
625
259
-77
-420
-829
-1364
-1895
-2202
-2062
-1452
-734
-188
201
575
995
1365
1577
1565
1271
673
54
-346
-533
-529
-466
-489
-584
-620
-511
-336
-215
-94
-29
-132
-228
-106
160
401
435
295
121
-61
-204
-311
-390
-419
-497
-571
-413
93
819
1486
1795
1711
1637
1934
2460
2608
2113
1339
795
534
349
148
-146
-536
-1100
-1712
-1926
-1631
-1138
-851
-822
-668
-179
466
1105
1602
1860
1822
1454
1010
737
633
417
-122
-826
-1427
-1769
-1889
-1854
-1808
-1880
-2011
-2029
-1754
-1234
-654
-223
33
216
441
734
1035
1312
1352
1094
633
213
-3
-124
-288
-587
-931
-1213
-1349
-1309
-1064
-776
-645
-633
-522
-179
201
537
789
967
1073
1116
1612
2277
2489
2049
1157
513
186
-177
-633
-1221
-1952
-2486
-2633
-2235
-1448
-750
-286
14
415
911
1329
1530
1358
889
214
-310
-496
-470
-322
-277
-443
-635
-591
-331
-115
-112
-139
-165
-283
-296
-92
233
391
185
-123
-313
-405
-481
-589
-581
-463
-383
-286
99
821
1592
2061
2100
2008
2147
2542
2722
2325
1541
920
641
367
43
-270
-557
-978
-1588
-1936
-1710
-1143
-769
-722
-590
-65
632
1169
1575
1902
2068
1857
1348
903
695
525
25
-765
-1466
-1846
-2022
-2148
-2226
-2262
-2286
-2296
-2104
-1622
-962
-313
115
339
567
909
1267
1488
1464
1187
748
281
-75
-325
-537
-763
-1071
-1440
-1675
-1641
-1392
-1087
-915
-827
-647
-297
177
612
949
1225
1444
1909
2483
2684
2421
1815
1310
918
311
-378
-1034
-1713
-2316
-2718
-2595
-1876
-1032
-461
-121
352
996
1486
1608
1370
948
397
-112
-445
-628
-623
-525
-498
-568
-544
-357
-202
-274
-436
-464
-380
-274
-152
52
265
385
301
69
-138
-361
-640
-884
-927
-730
-438
-130
341
1068
1845
2395
2518
2421
2491
2730
2666
2106
1339
733
416
119
-184
-462
-786
-1219
-1716
-1942
-1676
-1166
-839
-701
-433
153
861
1418
1838
2130
2186
1898
1396
961
690
325
-347
-1127
-1736
-2084
-2267
-2346
-2300
-2235
-2246
-2220
-1981
-1490
-846
-267
151
446
694
991
1274
1435
1373
1104
707
285
-77
-351
-541
-752
-1082
-1472
-1684
-1643
-1432
-1235
-1092
-882
-610
-221
288
785
1214
1480
1724
2328
2922
2955
2433
1718
1275
871
146
-644
-1324
-1952
-2522
-2858
-2619
-1815
-962
-421
-15
580
1273
1698
1709
1400
943
340
-268
-706
-957
-973
-883
-887
-879
-673
-319
-85
-136
-235
-196
-160
-136
-72
23
174
220
95
-83
-299
-510
-694
-861
-893
-790
-547
-124
440
1078
1769
2366
2664
2728
2816
3009
2944
2430
1636
932
530
249
-90
-551
-1002
-1419
-1792
-1941
-1746
-1303
-959
-737
-400
192
898
1495
1931
2179
2232
1963
1478
1056
732
281
-451
-1218
-1753
-2103
-2387
-2519
-2439
-2289
-2216
-2172
-1931
-1446
-852
-364
-18
303
604
909
1152
1304
1278
1057
749
409
71
-242
-503
-794
-1132
-1488
-1725
-1690
-1514
-1341
-1238
-1067
-689
-164
315
692
1017
1308
1912
2603
2903
2694
2138
1689
1347
799
67
-729
-1572
-2241
-2639
-2654
-2164
-1461
-775
-148
513
1193
1694
1873
1683
1210
507
-150
-610
-947
-1127
-1107
-1002
-888
-676
-359
-69
-25
-77
-72
-45
8
103
223
304
300
231
119
-78
-376
-681
-949
-1137
-1244
-1227
-862
-191
585
1369
2032
2448
2681
2946
3409
3644
3204
2325
1500
1031
697
192
-448
-1061
-1595
-2094
-2415
-2287
-1716
-1105
-810
-617
-129
715
1570
2060
2171
2224
2212
1900
1402
966
725
305
-566
-1534
-2157
-2372
-2485
-2714
-2945
-2921
-2662
-2335
-1928
-1327
-558
62
384
570
880
1290
1548
1471
1109
753
491
237
-46
-325
-564
-840
-1229
-1625
-1784
-1667
-1472
-1397
-1432
-1219
-463
512
1111
1232
1201
1586
2368
2780
2621
2059
1405
830
206
-275
-492
-794
-1409
-2049
-2238
-1766
-1022
-518
-244
58
490
882
1127
1245
1210
859
157
-507
-885
-972
-990
-1111
-1233
-1149
-840
-463
-103
185
458
586
554
575
654
679
530
179
-250
-623
-870
-1018
-1113
-1160
-1099
-905
-535
89
921
1699
2225
2554
2887
3462
3919
3776
3112
2349
1837
1330
531
-340
-1030
-1634
-2270
-2767
-2785
-2249
-1601
-1165
-788
-142
754
1495
1900
2079
2189
2114
1813
1473
1206
982
568
-81
-771
-1358
-1902
-2448
-2930
-3268
-3453
-3526
-3312
-2763
-2016
-1199
-369
433
1083
1544
1823
2008
2001
1684
1119
508
82
-206
-476
-743
-955
-1133
-1274
-1435
-1592
-1642
-1645
-1624
-1578
-1348
-799
-93
517
1051
1773
2537
3025
2994
2583
2190
1835
1306
508
-394
-1160
-1665
-2021
-2210
-2101
-1745
-1280
-851
-372
276
976
1410
1405
1149
904
761
503
66
-371
-667
-841
-978
-996
-818
-531
-382
-335
-227
20
322
474
500
522
525
416
228
-34
-342
-696
-1070
-1274
-1247
-1081
-787
-351
269
1071
1809
2298
2687
3061
3446
3609
3281
2663
2027
1526
1068
468
-257
-907
-1470
-1983
-2343
-2415
-2137
-1725
-1402
-1085
-482
399
1200
1676
1889
2131
2318
2166
1724
1280
973
591
-61
-845
-1422
-1794
-2201
-2735
-3206
-3330
-3186
-2979
-2718
-2225
-1461
-631
77
646
1225
1795
2157
2156
1866
1490
1089
599
46
-434
-824
-1129
-1431
-1668
-1737
-1700
-1631
-1631
-1641
-1512
-1154
-614
-77
417
827
1446
2372
3033
3154
2757
2221
1829
1321
552
-292
-1176
-1970
-2514
-2741
-2454
-1831
-1198
-648
-49
689
1417
1890
1930
1617
1088
534
91
-332
-711
-964
-1092
-1198
-1177
-941
-569
-317
-274
-200
-22
209
405
536
657
729
570
258
-23
-277
-541
-927
-1244
-1323
-1224
-968
-560
102
980
1843
2421
2730
3038
3544
3877
3575
2766
1956
1542
1227
634
-203
-918
-1352
-1748
-2147
-2319
-2026
-1519
-1189
-959
-462
415
1267
1722
1822
1941
2097
2028
1631
1136
807
445
-129
-860
-1482
-1866
-2197
-2634
-3087
-3326
-3269
-3005
-2668
-2176
-1479
-727
-54
477
1005
1546
1926
1958
1668
1264
868
505
106
-280
-632
-976
-1291
-1521
-1615
-1601
-1535
-1549
-1596
-1549
-1223
-622
-34
440
805
1420
2264
2832
2958
2662
2287
1927
1330
510
-308
-1111
-1837
-2392
-2615
-2322
-1783
-1257
-742
-57
795
1494
1826
1796
1602
1252
732
164
-354
-710
-947
-1144
-1256
-1130
-830
-524
-383
-336
-125
122
267
302
353
533
672
515
156
-133
-319
-486
-833
-1156
-1193
-1003
-698
-331
296
1199
2065
2590
2802
3090
3577
3789
3327
2424
1651
1266
905
224
-576
-1176
-1498
-1736
-1958
-1942
-1597
-1161
-857
-561
-36
702
1345
1658
1722
1768
1840
1802
1522
1085
657
204
-353
-1000
-1578
-1992
-2364
-2810
-3238
-3447
-3325
-2972
-2565
-2047
-1366
-625
40
563
1021
1459
1714
1644
1344
996
716
423
46
-324
-590
-826
-1085
-1315
-1440
-1465
-1502
-1601
-1681
-1587
-1211
-693
-189
284
944
1939
2793
3079
2827
2430
2235
1985
1326
404
-539
-1358
-1984
-2352
-2247
-1745
-1236
-896
-504
208
1080
1659
1697
1360
987
688
383
21
-345
-580
-740
-969
-1083
-852
-402
-146
-305
-501
-343
-4
183
176
203
340
398
195
-84
-271
-439
-742
-1127
-1308
-1171
-817
-421
103
884
1770
2487
2879
3168
3590
3834
3478
2624
1839
1459
1136
435
-468
-1156
-1544
-1829
-2082
-2064
-1699
-1280
-1036
-765
-128
784
1536
1847
1893
1947
1978
1844
1543
1179
795
256
-449
-1054
-1410
-1626
-1982
-2521
-2979
-3189
-3172
-3024
-2769
-2347
-1788
-1158
-504
150
820
1394
1731
1744
1486
1138
826
543
204
-181
-518
-760
-970
-1165
-1297
-1317
-1313
-1452
-1660
-1717
-1469
-990
-495
45
764
1547
2141
2431
2577
2708
2636
2157
1358
521
-164
-746
-1272
-1635
-1709
-1549
-1356
-1117
-719
-163
394
715
796
777
750
732
621
395
145
-51
-236
-415
-531
-534
-425
-345
-338
-297
-146
95
271
278
226
197
148
-36
-360
-699
-953
-1126
-1296
-1367
-1246
-923
-464
29
683
1542
2318
2776
2956
3128
3456
3523
2997
2122
1381
1024
671
-6
-819
-1381
-1660
-1902
-2126
-2075
-1600
-1007
-635
-334
262
1159
1913
2173
2089
2059
2071
1867
1404
914
604
273
-321
-1004
-1437
-1630
-1877
-2384
-2914
-3119
-3031
-2851
-2649
-2282
-1673
-990
-411
111
714
1326
1687
1640
1308
951
682
426
104
-255
-567
-785
-961
-1143
-1281
-1331
-1373
-1532
-1763
-1841
-1577
-1053
-458
175
829
1483
2036
2396
2594
2614
2412
1958
1248
433
-258
-704
-995
-1276
-1500
-1491
-1205
-805
-461
-158
198
520
646
586
536
605
636
444
133
-61
-99
-142
-297
-427
-388
-238
-159
-171
-108
92
273
256
119
33
-13
-194
-522
-823
-974
-1052
-1179
-1255
-1123
-755
-284
213
865
1684
2394
2720
2753
2950
3424
3609
3004
1885
1052
837
677
48
-836
-1430
-1655
-1879
-2136
-2025
-1400
-748
-512
-402
158
1152
1931
2101
1971
1962
1979
1740
1290
947
767
396
-301
-1014
-1380
-1508
-1823
-2383
-2875
-3052
-3006
-2905
-2686
-2192
-1535
-968
-531
-42
602
1198
1475
1372
1093
814
572
329
57
-209
-481
-776
-1032
-1187
-1232
-1214
-1280
-1482
-1702
-1732
-1435
-951
-480
7
678
1463
2069
2367
2423
2423
2342
1972
1302
515
-185
-702
-1081
-1348
-1399
-1256
-1016
-722
-360
81
522
797
813
664
499
424
359
185
-46
-222
-310
-354
-354
-276
-121
-17
-21
-55
-15
139
263
241
138
38
-84
-277
-513
-701
-807
-964
-1171
-1238
-1041
-622
-139
428
1147
1929
2494
2759
3094
3602
3809
3239
2102
1198
875
627
-68
-997
-1607
-1785
-1884
-2020
-1859
-1264
-666
-486
-433
49
977
1723
1837
1668
1723
1944
1907
1498
1079
878
582
-98
-909
-1408
-1537
-1770
-2366
-2960
-3134
-2897
-2625
-2458
-2144
-1518
-811
-293
52
472
1029
1409
1348
950
583
372
183
-113
-468
-683
-757
-827
-969
-1087
-1052
-973
-1075
-1364
-1559
-1416
-1030
-647
-234
357
1092
1753
2092
2240
2381
2412
2141
1492
651
-54
-536
-913
-1194
-1325
-1233
-942
-598
-258
112
500
767
792
608
421
372
347
226
32
-122
-186
-225
-297
-336
-285
-208
-183
-232
-206
17
274
346
218
74
-1
-146
-457
-807
-1013
-1146
-1311
-1400
-1236
-744
-139
368
933
1641
2343
2846
3085
3300
3451
3183
2421
1506
906
608
156
-648
-1455
-1865
-1911
-1889
-1831
-1527
-984
-506
-253
124
858
1657
2035
1896
1726
1812
1897
1684
1241
858
580
135
-528
-1098
-1381
-1549
-1943
-2536
-2914
-2835
-2506
-2268
-2102
-1720
-1052
-402
-20
288
756
1226
1329
989
573
380
260
-22
-435
-746
-813
-817
-938
-1084
-1084
-978
-992
-1211
-1411
-1350
-1066
-748
-395
107
714
1295
1699
1940
2105
2127
1916
1461
806
101
-511
-964
-1218
-1321
-1313
-1129
-741
-245
219
577
831
985
967
785
545
323
144
-17
-172
-316
-411
-432
-391
-335
-259
-138
-6
98
179
296
414
447
360
175
-56
-315
-607
-895
-1129
-1302
-1381
-1294
-984
-478
100
701
1356
2038
2577
2916
3218
3455
3357
2703
1751
1072
771
418
-321
-1208
-1769
-1921
-1945
-1951
-1706
-1163
-659
-456
-251
388
1315
1917
1897
1679
1724
1932
1890
1497
1101
857
501
-159
-862
-1248
-1371
-1681
-2305
-2830
-2897
-2577
-2252
-2061
-1767
-1218
-585
-110
218
615
1099
1349
1143
668
313
194
66
-274
-716
-994
-1047
-1028
-1082
-1149
-1113
-1065
-1145
-1335
-1405
-1182
-774
-347
20
413
911
1441
1872
2054
1975
1743
1400
913
292
-338
-799
-1061
-1222
-1299
-1181
-773
-208
276
581
813
1083
1252
1166
877
559
337
124
-141
-373
-479
-489
-522
-572
-494
-238
35
168
216
336
527
604
477
249
31
-190
-516
-940
-1264
-1403
-1435
-1425
-1288
-867
-197
485
1070
1616
2147
2633
3082
3414
3441
2980
2137
1395
1000
682
65
-829
-1609
-2004
-2140
-2151
-1932
-1446
-950
-676
-451
110
1032
1797
1994
1827
1756
1920
2004
1760
1365
1065
760
198
-536
-1079
-1270
-1456
-2006
-2703
-3041
-2833
-2382
-2073
-1844
-1405
-741
-113
302
637
1064
1427
1390
936
436
190
105
-147
-620
-1030
-1157
-1093
-1065
-1127
-1151
-1107
-1132
-1290
-1417
-1287
-894
-388
13
319
701
1237
1822
2124
2024
1692
1316
895
306
-376
-902
-1171
-1309
-1417
-1375
-960
-275
325
644
814
1049
1278
1290
1036
683
397
158
-100
-334
-467
-500
-523
-592
-615
-484
-262
-64
66
207
410
557
560
426
261
78
-201
-600
-1029
-1332
-1449
-1430
-1289
-943
-395
299
1011
1629
2165
2632
3098
3495
3531
3029
2191
1469
1053
672
1
-841
-1502
-1851
-2044
-2148
-1969
-1450
-898
-664
-521
-21
868
1672
1893
1741
1696
1856
1931
1719
1364
1103
817
244
-491
-1052
-1299
-1502
-1988
-2626
-2986
-2861
-2447
-2039
-1711
-1274
-647
-15
450
770
1102
1408
1444
1079
556
194
17
-176
-554
-971
-1195
-1200
-1159
-1191
-1232
-1210
-1183
-1264
-1365
-1282
-950
-477
19
462
879
1313
1719
2024
2075
1841
1413
860
202
-503
-1118
-1507
-1644
-1663
-1581
-1281
-688
36
612
960
1187
1358
1389
1218
927
616
343
104
-128
-330
-453
-494
-473
-461
-446
-364
-211
-23
157
329
459
526
491
355
165
-55
-346
-688
-1028
-1278
-1344
-1266
-1008
-511
182
913
1482
1906
2404
3108
3698
3675
2970
2040
1418
1056
528
-299
-1118
-1695
-2084
-2376
-2400
-1924
-1223
-780
-685
-495
147
1030
1619
1717
1640
1663
1753
1735
1603
1472
1288
867
195
-444
-872
-1147
-1488
-2000
-2507
-2824
-2804
-2464
-1959
-1458
-992
-488
79
623
1033
1327
1518
1503
1171
635
190
-40
-198
-512
-939
-1239
-1292
-1227
-1219
-1259
-1275
-1286
-1375
-1453
-1352
-1026
-614
-192
322
896
1411
1753
1973
2120
2060
1676
1044
349
-340
-1030
-1633
-1949
-1953
-1801
-1570
-1136
-430
320
883
1195
1381
1498
1444
1206
858
511
231
3
-227
-424
-529
-544
-505
-482
-419
-273
-87
66
193
316
404
387
230
47
-107
-299
-613
-969
-1165
-1141
-968
-737
-379
223
964
1599
1992
2263
2693
3255
3445
2968
2060
1289
898
523
-131
-876
-1416
-1760
-2072
-2283
-2048
-1375
-785
-613
-591
-167
695
1454
1693
1612
1648
1809
1809
1535
1245
1135
940
367
-417
-977
-1164
-1286
-1669
-2179
-2476
-2446
-2206
-1892
-1485
-963
-423
2
329
679
1087
1421
1458
1172
753
406
176
-21
-280
-590
-892
-1124
-1252
-1280
-1243
-1225
-1287
-1426
-1542
-1468
-1186
-770
-297
173
637
1056
1398
1704
1932
1917
1594
1021
364
-263
-859
-1382
-1724
-1881
-1903
-1760
-1358
-693
3
513
850
1137
1376
1441
1315
1076
789
476
162
-75
-218
-327
-423
-494
-491
-402
-275
-115
57
211
341
421
434
365
238
53
-169
-425
-689
-859
-923
-889
-747
-466
5
634
1274
1770
2072
2260
2583
3029
3188
2740
1813
982
587
332
-166
-866
-1468
-1835
-2089
-2216
-1945
-1281
-669
-477
-437
-8
835
1548
1710
1584
1580
1637
1488
1129
913
924
760
136
-641
-1045
-1042
-1099
-1526
-2069
-2325
-2245
-2082
-1871
-1466
-874
-337
-76
110
511
1075
1439
1357
980
613
375
168
-63
-310
-559
-838
-1129
-1312
-1306
-1187
-1169
-1318
-1522
-1607
-1452
-1096
-669
-323
-81
234
951
1868
2420
2331
1790
1349
1116
743
131
-620
-1395
-2051
-2504
-2474
-1869
-1075
-499
-158
325
1079
1791
2090
1921
1543
1049
509
98
-88
-124
-231
-492
-670
-532
-169
129
148
20
-11
55
68
37
63
99
37
-172
-354
-354
-317
-421
-619
-753
-652
-350
14
540
1193
1765
2048
2114
2443
3052
3338
2764
1592
690
366
148
-421
-1173
-1677
-1934
-2218
-2363
-1979
-1144
-514
-499
-575
-102
796
1435
1522
1492
1649
1756
1547
1230
1193
1289
955
63
-817
-1158
-1131
-1317
-1826
-2253
-2298
-2110
-1936
-1658
-1116
-449
-10
102
247
687
1266
1547
1370
1012
736
537
306
56
-169
-405
-747
-1130
-1380
-1403
-1292
-1285
-1454
-1674
-1704
-1450
-1032
-600
-292
-38
266
830
1666
2285
2403
2049
1507
1050
614
92
-468
-1167
-1978
-2625
-2773
-2233
-1384
-730
-330
164
912
1609
1974
1970
1743
1287
605
20
-221
-267
-400
-658
-819
-626
-266
6
140
204
262
228
110
63
168
233
108
-144
-356
-400
-420
-529
-644
-663
-590
-485
-306
164
976
1687
2004
2066
2324
2960
3400
3112
2227
1343
844
470
-141
-869
-1412
-1784
-2173
-2495
-2352
-1668
-925
-611
-552
-199
507
1191
1513
1576
1663
1690
1513
1280
1233
1309
1129
478
-268
-677
-844
-1099
-1592
-2066
-2290
-2363
-2383
-2210
-1694
-1008
-504
-279
8
605
1267
1597
1501
1249
1037
774
412
96
-75
-217
-558
-1035
-1338
-1329
-1194
-1254
-1535
-1797
-1827
-1623
-1337
-988
-581
-186
158
479
1122
2025
2627
2593
1934
1217
826
501
2
-704
-1549
-2269
-2641
-2532
-1918
-1089
-415
62
543
1123
1700
2056
1990
1565
892
219
-169
-368
-552
-705
-759
-648
-428
-211
109
430
527
400
208
189
341
385
213
-10
-168
-314
-520
-718
-813
-796
-801
-844
-669
-177
643
1469
1918
2084
2280
2839
3465
3462
2689
1648
968
649
184
-522
-1129
-1495
-1823
-2287
-2510
-2089
-1313
-831
-899
-914
-355
589
1300
1504
1586
1786
1953
1887
1705
1645
1585
1156
318
-487
-923
-1122
-1490
-2054
-2511
-2684
-2634
-2441
-2023
-1429
-845
-437
-93
421
1028
1475
1600
1480
1249
955
610
339
172
-45
-427
-925
-1245
-1318
-1322
-1414
-1609
-1788
-1876
-1803
-1546
-1106
-621
-135
418
949
1389
1710
1952
2090
1979
1504
813
130
-464
-976
-1429
-1725
-1791
-1682
-1445
-993
-300
428
900
1059
1096
1128
1119
993
718
377
52
-242
-486
-610
-540
-374
-315
-357
-287
0
329
476
518
610
757
748
502
262
106
-135
-651
-1262
-1546
-1393
-1113
-941
-734
-156
826
1759
2230
2274
2530
3203
3680
3306
2141
1227
1056
987
305
-763
-1448
-1566
-1767
-2352
-2632
-2142
-1324
-1032
-1212
-996
-24
1079
1488
1408
1497
1893
2132
1876
1510
1425
1385
923
118
-541
-776
-951
-1506
-2225
-2691
-2731
-2607
-2514
-2264
-1724
-1015
-423
60
616
1254
1741
1872
1684
1384
1064
696
373
108
-149
-505
-924
-1184
-1239
-1221
-1315
-1543
-1767
-1891
-1834
-1577
-1142
-512
148
692
1095
1429
1871
2284
2367
2012
1335
623
33
-497
-967
-1304
-1466
-1504
-1490
-1300
-845
-210
338
587
643
657
733
822
768
544
218
-67
-279
-464
-571
-530
-418
-375
-424
-361
-59
269
429
441
489
586
546
302
53
-105
-321
-718
-1181
-1395
-1273
-1030
-828
-528
98
978
1756
2150
2407
2990
3664
3801
3045
1963
1464
1426
1038
-22
-1161
-1683
-1771
-2053
-2414
-2278
-1605
-1060
-1054
-1011
-332
751
1375
1267
1095
1342
1827
1959
1707
1560
1592
1433
835
134
-242
-447
-1021
-2007
-2866
-3180
-3079
-2973
-2858
-2469
-1737
-939
-296
333
1078
1776
2043
1857
1517
1258
1005
593
146
-179
-399
-680
-997
-1169
-1121
-1079
-1293
-1647
-1890
-1847
-1654
-1495
-1185
-557
230
859
1201
1531
2053
2454
2380
1878
1249
722
172
-501
-1063
-1327
-1401
-1469
-1502
-1273
-749
-194
201
452
656
793
846
840
761
591
294
-11
-243
-427
-553
-592
-535
-455
-390
-273
-13
285
478
520
520
548
498
320
26
-278
-578
-922
-1254
-1415
-1323
-1043
-690
-299
283
1057
1782
2252
2543
2987
3502
3553
2850
1874
1369
1286
944
-5
-1039
-1583
-1759
-2016
-2304
-2176
-1667
-1279
-1269
-1119
-352
700
1320
1320
1272
1584
2007
2074
1822
1630
1574
1327
687
19
-340
-548
-1086
-2006
-2781
-3045
-2967
-2901
-2800
-2400
-1681
-983
-451
169
984
1714
1921
1683
1439
1345
1190
775
290
-37
-269
-584
-939
-1110
-1066
-1066
-1328
-1711
-1921
-1845
-1662
-1468
-1139
-601
60
606
1038
1508
1991
2259
2151
1734
1233
759
234
-320
-811
-1139
-1302
-1339
-1227
-950
-575
-210
126
402
554
611
625
622
542
303
34
-111
-193
-342
-560
-657
-509
-322
-272
-225
-1
382
665
688
664
706
671
424
-13
-406
-663
-965
-1334
-1564
-1467
-1048
-579
-154
426
1217
1961
2346
2575
3034
3569
3520
2612
1600
1279
1371
1020
-14
-1038
-1457
-1616
-2000
-2314
-2099
-1532
-1291
-1470
-1280
-328
800
1290
1227
1306
1743
2078
1960
1716
1721
1717
1235
396
-212
-341
-506
-1212
-2173
-2787
-2898
-2886
-2973
-2849
-2280
-1549
-1041
-682
-44
917
1650
1762
1475
1286
1301
1176
783
359
113
-74
-426
-857
-1075
-1025
-1028
-1354
-1833
-2094
-1989
-1728
-1501
-1160
-592
92
672
1090
1536
2029
2339
2247
1769
1165
653
219
-217
-689
-1090
-1290
-1247
-1021
-748
-473
-136
232
476
464
359
401
500
397
47
-221
-195
-132
-311
-566
-542
-238
-57
-161
-191
129
583
718
533
417
510
524
199
-281
-601
-775
-1063
-1443
-1588
-1297
-789
-430
-76
617
1549
2258
2463
2675
3307
3853
3544
2414
1500
1434
1525
880
-301
-1169
-1422
-1655
-2171
-2388
-1949
-1368
-1341
-1568
-1169
-36
972
1204
1098
1347
1866
2071
1855
1710
1857
1792
1086
181
-265
-278
-577
-1493
-2456
-2866
-2835
-2905
-3062
-2836
-2133
-1434
-1122
-812
-13
1041
1652
1584
1329
1342
1436
1239
806
483
347
82
-443
-942
-1116
-1067
-1208
-1687
-2183
-2320
-2091
-1801
-1583
-1212
-482
354
911
1199
1542
2064
2430
2253
1658
1052
576
117
-395
-840
-1072
-1142
-1149
-1029
-734
-354
35
332
453
427
351
363
412
283
-21
-242
-262
-231
-317
-416
-305
-70
43
17
90
366
606
596
430
351
358
239
-76
-426
-677
-885
-1181
-1446
-1434
-1112
-666
-265
280
1091
1909
2338
2469
2910
3641
3924
3179
1931
1310
1423
1309
407
-742
-1368
-1547
-1918
-2372
-2264
-1600
-1138
-1295
-1383
-680
537
1295
1316
1266
1587
1992
1989
1712
1647
1771
1500
663
-174
-471
-461
-896
-1849
-2667
-2885
-2799
-2869
-2918
-2539
-1784
-1220
-986
-563
354
1331
1695
1468
1238
1306
1354
1082
657
385
219
-152
-694
-1073
-1121
-1107
-1384
-1893
-2275
-2263
-1983
-1698
-1413
-924
-179
565
1052
1399
1813
2229
2348
1993
1395
821
317
-176
-663
-1024
-1230
-1297
-1221
-987
-632
-262
73
342
458
431
387
405
409
236
-51
-205
-194
-189
-274
-314
-180
9
66
67
188
421
597
583
484
432
353
130
-194
-485
-673
-870
-1185
-1403
-1323
-955
-504
-71
549
1394
2116
2385
2534
3095
3839
3876
2845
1627
1217
1338
965
-130
-1171
-1569
-1730
-2186
-2518
-2140
-1339
-993
-1227
-1154
-207
1013
1543
1422
1414
1815
2143
1976
1639
1625
1736
1340
403
-392
-574
-586
-1162
-2190
-2906
-2978
-2852
-2916
-2892
-2347
-1527
-1012
-800
-351
596
1481
1701
1394
1151
1211
1198
879
470
251
99
-293
-851
-1211
-1223
-1224
-1566
-2151
-2528
-2430
-2074
-1749
-1517
-1163
-569
211
1227
2210
2787
2806
2422
2058
1837
1481
871
53
-949
-1876
-2417
-2297
-1689
-1176
-1023
-847
-158
773
1396
1482
1289
1078
703
166
-193
-216
-202
-405
-735
-770
-329
213
490
413
263
288
381
385
313
264
204
-18
-371
-581
-564
-563
-799
-1132
-1226
-997
-657
-223
603
1711
2504
2637
2668
3438
4596
4849
3628
1949
1125
1055
690
-327
-1263
-1626
-1900
-2537
-2921
-2304
-1143
-693
-1213
-1492
-650
723
1441
1437
1621
2239
2632
2357
1997
2189
2468
1855
361
-891
-1266
-1327
-1972
-3061
-3689
-3634
-3476
-3521
-3283
-2321
-1152
-627
-630
-277
790
1813
2003
1589
1306
1336
1197
720
340
337
302
-257
-1138
-1653
-1539
-1341
-1604
-2244
-2698
-2574
-2111
-1684
-1351
-806
115
1049
1592
1808
2182
2811
3147
2685
1671
786
262
-229
-929
-1607
-1912
-1900
-1828
-1656
-1169
-354
401
740
747
733
878
1027
921
519
12
-334
-516
-664
-754
-647
-395
-233
-244
-158
239
688
848
701
547
545
505
247
-169
-568
-943
-1354
-1673
-1679
-1335
-906
-590
-148
783
2013
2853
2953
2895
3497
4419
4484
3294
1849
1297
1317
803
-317
-1141
-1310
-1513
-2250
-2765
-2293
-1320
-958
-1335
-1372
-490
715
1347
1432
1713
2281
2579
2358
2053
2137
2271
1740
564
-459
-858
-1077
-1776
-2802
-3423
-3445
-3421
-3597
-3433
-2557
-1468
-930
-839
-343
733
1604
1699
1355
1244
1342
1113
586
274
369
371
-230
-1074
-1468
-1342
-1286
-1715
-2380
-2725
-2569
-2211
-1898
-1540
-859
149
1071
1540
1795
2275
2902
3098
2506
1585
920
481
-107
-882
-1437
-1566
-1529
-1594
-1555
-1100
-303
365
593
552
565
755
918
805
435
62
-135
-280
-512
-665
-504
-168
-74
-226
-178
276
749
817
618
567
624
425
-43
-431
-583
-836
-1383
-1862
-1823
-1382
-1001
-755
-227
893
2128
2781
2777
2802
3506
4392
4381
3227
1879
1312
1267
824
-149
-935
-1246
-1604
-2309
-2763
-2329
-1453
-1122
-1434
-1467
-645
551
1334
1600
1894
2375
2661
2545
2331
2331
2320
1764
682
-294
-824
-1194
-1875
-2765
-3372
-3594
-3715
-3811
-3526
-2690
-1753
-1250
-984
-363
666
1504
1744
1654
1618
1565
1224
781
615
634
369
-367
-1145
-1448
-1372
-1424
-1826
-2338
-2611
-2567
-2361
-2028
-1450
-633
184
766
1148
1622
2334
2954
3056
2560
1823
1186
681
158
-410
-908
-1324
-1634
-1783
-1670
-1214
-555
6
258
272
345
639
943
917
507
24
-240
-321
-435
-556
-463
-215
-95
-138
-35
405
818
845
618
508
531
361
-80
-514
-741
-972
-1400
-1803
-1807
-1462
-1132
-909
-399
715
1974
2654
2711
2847
3602
4508
4535
3530
2334
1688
1409
815
-137
-899
-1281
-1685
-2337
-2759
-2412
-1607
-1171
-1278
-1232
-532
498
1189
1482
1803
2299
2588
2452
2223
2230
2303
1875
898
-90
-704
-1161
-1882
-2761
-3380
-3641
-3824
-3947
-3652
-2832
-1908
-1326
-943
-310
613
1373
1678
1697
1658
1540
1170
734
556
557
349
-263
-953
-1285
-1282
-1365
-1738
-2201
-2469
-2488
-2373
-2104
-1537
-692
119
684
1075
1597
2335
2911
2983
2542
1916
1367
863
297
-281
-767
-1151
-1454
-1617
-1511
-1122
-586
-151
50
83
168
444
710
691
377
40
-78
-104
-246
-408
-349
-94
14
-121
-131
240
681
775
574
473
561
460
20
-467
-729
-935
-1343
-1802
-1901
-1630
-1315
-1066
-572
494
1755
2563
2755
2841
3455
4356
4618
3830
2561
1723
1443
1022
163
-712
-1237
-1652
-2300
-2843
-2667
-1870
-1266
-1263
-1301
-736
342
1276
1715
1972
2328
2603
2563
2331
2231
2272
1951
1041
-32
-750
-1140
-1653
-2443
-3218
-3709
-3967
-4036
-3738
-2995
-2127
-1503
-1080
-471
454
1296
1720
1795
1721
1530
1143
746
623
649
421
-222
-928
-1246
-1235
-1301
-1652
-2103
-2397
-2490
-2441
-2207
-1633
-785
21
586
993
1564
2335
2932
3048
2663
2086
1543
980
368
-229
-738
-1158
-1534
-1739
-1617
-1169
-591
-171
11
48
154
442
692
650
329
-15
-158
-202
-339
-457
-360
-126
-51
-190
-166
229
667
748
554
464
532
432
4
-454
-701
-893
-1255
-1713
-1907
-1691
-1294
-898
-368
583
1782
2624
2830
2866
3438
4396
4712
3853
2486
1663
1526
1216
303
-694
-1281
-1657
-2233
-2766
-2631
-1877
-1275
-1262
-1316
-734
412
1433
1873
2014
2276
2556
2571
2340
2165
2120
1795
939
-105
-845
-1236
-1688
-2437
-3242
-3762
-3969
-3941
-3634
-3001
-2223
-1586
-1066
-398
481
1265
1696
1792
1682
1414
1002
640
519
489
173
-489
-1134
-1387
-1328
-1367
-1681
-2052
-2281
-2348
-2296
-2057
-1495
-701
14
498
906
1484
2264
2916
3082
2733
2119
1537
1052
546
-23
-590
-1062
-1421
-1643
-1610
-1226
-607
-96
95
99
254
679
1020
921
487
155
88
-4
-316
-568
-419
-88
-69
-340
-358
148
674
661
350
286
477
441
-25
-491
-629
-770
-1256
-1855
-2016
-1656
-1269
-1101
-808
85
1391
2381
2644
2592
3102
4171
4753
4148
2815
1891
1716
1441
537
-527
-1148
-1466
-2055
-2788
-2867
-2099
-1296
-1174
-1370
-990
150
1322
1845
1952
2195
2593
2737
2468
2201
2225
2126
1381
193
-735
-1125
-1443
-2176
-3131
-3821
-4075
-4059
-3830
-3269
-2448
-1663
-1091
-539
230
1099
1729
1926
1774
1445
1072
752
609
559
302
-261
-909
-1288
-1321
-1309
-1525
-1893
-2231
-2430
-2419
-2158
-1589
-816
-119
385
811
1343
2077
2782
3065
2800
2167
1487
978
527
-7
-589
-1113
-1485
-1698
-1711
-1366
-709
-98
132
69
154
575
976
914
455
47
-107
-220
-479
-677
-521
-199
-176
-423
-406
159
792
898
622
535
735
765
379
-123
-377
-587
-1105
-1730
-1984
-1697
-1266
-1069
-844
-41
1249
2315
2674
2629
3079
4128
4759
4213
2873
1910
1784
1653
802
-355
-1086
-1417
-1952
-2721
-2974
-2361
-1575
-1413
-1599
-1246
-98
1154
1729
1813
2052
2520
2761
2532
2210
2175
2096
1395
219
-732
-1130
-1397
-2098
-3085
-3784
-3981
-3887
-3664
-3209
-2474
-1681
-1097
-577
142
979
1628
1841
1688
1408
1120
864
710
602
335
-187
-819
-1250
-1364
-1416
-1625
-1959
-2277
-2467
-2463
-2189
-1568
-738
-34
439
829
1356
2072
2689
2920
2676
2104
1475
920
424
-64
-534
-960
-1325
-1559
-1522
-1105
-472
31
204
194
332
686
924
782
395
59
-100
-294
-615
-797
-662
-410
-392
-566
-468
94
689
825
635
611
846
873
453
-57
-303
-513
-1084
-1793
-2077
-1770
-1365
-1279
-1102
-216
1169
2199
2435
2451
3153
4321
4805
4073
2838
2219
2237
1907
836
-303
-927
-1337
-2047
-2830
-2907
-2213
-1596
-1597
-1703
-1100
164
1285
1705
1817
2177
2616
2687
2367
2139
2225
2074
1229
103
-612
-855
-1235
-2129
-3146
-3741
-3882
-3885
-3784
-3344
-2577
-1796
-1223
-660
173
1104
1710
1818
1596
1329
1086
802
563
402
172
-275
-855
-1253
-1314
-1288
-1479
-1870
-2249
-2420
-2371
-2133
-1588
-814
-56
494
859
1362
2118
2780
2960
2575
1922
1353
871
359
-189
-669
-1008
-1272
-1430
-1331
-886
-256
196
310
279
390
686
858
650
224
-90
-203
-323
-589
-766
-634
-359
-318
-477
-379
135
678
788
601
609
867
908
518
-25
-351
-555
-1041
-1668
-1936
-1731
-1411
-1279
-1061
-188
1162
2182
2463
2509
3180
4360
4921
4226
2980
2299
2289
2022
967
-267
-1008
-1472
-2177
-2953
-3070
-2396
-1755
-1743
-1833
-1192
145
1305
1702
1755
2081
2549
2632
2304
2066
2132
1991
1158
35
-644
-851
-1220
-2131
-3184
-3770
-3911
-3975
-3936
-3508
-2711
-1927
-1408
-866
58
1117
1787
1893
1688
1496
1315
1037
768
585
342
-156
-791
-1192
-1222
-1158
-1359
-1814
-2203
-2353
-2285
-1983
-1408
-646
43
457
793
1385
2196
2814
2875
2395
1765
1242
811
380
-110
-602
-1018
-1268
-1278
-1049
-669
-298
-24
90
100
177
361
491
361
-4
-299
-347
-367
-510
-673
-620
-366
-245
-287
-166
298
805
972
849
816
974
949
537
-11
-424
-791
-1337
-1948
-2152
-1854
-1430
-1145
-863
-96
1149
2220
2657
2643
2988
3980
4718
4356
3149
2243
2246
2313
1535
225
-799
-1332
-1978
-2931
-3432
-3011
-2254
-1994
-2091
-1594
-173
1357
2075
2127
2302
2740
2882
2463
1988
1932
1883
1185
65
-648
-728
-871
-1657
-2726
-3406
-3635
-3819
-3995
-3757
-3062
-2356
-1916
-1430
-456
778
1608
1842
1782
1745
1674
1374
1023
810
571
28
-754
-1310
-1378
-1268
-1448
-1931
-2337
-2455
-2328
-2001
-1388
-575
80
405
669
1239
2034
2596
2616
2197
1654
1182
807
491
163
-231
-605
-827
-842
-675
-438
-177
33
35
-111
-178
-37
144
69
-241
-472
-460
-407
-511
-620
-489
-178
-20
-95
-47
383
920
1099
900
754
840
852
473
-166
-657
-985
-1446
-2007
-2273
-2004
-1504
-1215
-1009
-240
1115
2319
2724
2628
3155
4421
5227
4612
3177
2437
2657
2592
1392
-212
-1148
-1559
-2310
-3380
-3728
-2991
-2119
-2023
-2160
-1411
265
1732
2117
2024
2315
2884
3011
2514
2110
2181
2103
1275
138
-475
-547
-890
-1938
-3113
-3756
-3919
-4077
-4204
-3905
-3174
-2407
-1875
-1294
-292
894
1664
1861
1777
1740
1694
1429
1101
884
635
82
-693
-1228
-1295
-1249
-1553
-2126
-2575
-2665
-2510
-2242
-1744
-941
-69
583
975
1372
1998
2601
2828
2518
1884
1302
845
387
-93
-493
-691
-755
-838
-855
-634
-164
236
232
-71
-286
-203
-59
-149
-410
-547
-476
-409
-483
-478
-174
233
345
133
87
497
1028
1182
931
747
781
726
355
-180
-546
-872
-1417
-2086
-2393
-2073
-1539
-1217
-957
-188
1135
2292
2742
2966
3824
5005
5358
4387
3127
2842
3148
2707
1133
-545
-1473
-1987
-2792
-3652
-3721
-3051
-2507
-2461
-2202
-982
794
1951
2086
2009
2364
2916
2970
2515
2221
2197
1911
1068
180
-152
-252
-910
-2181
-3359
-3922
-4091
-4307
-4420
-4082
-3353
-2639
-2020
-1135
123
1306
1867
1902
1856
1909
1837
1462
1045
762
442
-159
-877
-1227
-1170
-1220
-1681
-2300
-2623
-2569
-2436
-2107
-1482
-744
-161
123
560
1375
2176
2566
2424
1955
1497
1120
813
531
149
-280
-580
-623
-538
-421
-291
-171
-91
-179
-382
-455
-333
-198
-267
-508
-627
-486
-293
-265
-305
-172
126
317
309
391
786
1258
1391
1176
987
984
843
282
-476
-1031
-1357
-1747
-2221
-2387
-2026
-1462
-1016
-558
323
1553
2496
2814
3062
3943
5022
5240
4244
3119
2958
3208
2645
1055
-543
-1450
-2125
-3100
-3882
-3715
-2931
-2470
-2476
-2009
-497
1284
2170
2143
2116
2530
2883
2624
2126
1999
2085
1696
763
29
-65
-98
-875
-2224
-3309
-3749
-3982
-4352
-4514
-4085
-3286
-2625
-2096
-1193
176
1379
1854
1775
1715
1853
1797
1366
869
563
274
-321
-1004
-1305
-1215
-1253
-1757
-2395
-2659
-2523
-2240
-1968
-1525
-694
121
565
791
1153
1855
2450
2396
1826
1182
694
369
106
-138
-293
-389
-484
-509
-367
-96
190
305
62
-328
-554
-492
-275
-279
-527
-674
-568
-373
-275
-231
-21
286
366
257
349
836
1338
1380
1033
794
887
905
481
-220
-791
-1134
-1561
-2059
-2193
-1771
-1160
-813
-510
313
1571
2514
2892
3403
4449
5305
5007
3768
3026
3281
3344
2210
309
-1139
-1780
-2388
-3269
-3701
-3299
-2661
-2473
-2401
-1502
245
1725
2066
1786
1887
2449
2762
2413
1975
1992
1997
1403
475
-11
35
-260
-1450
-2921
-3752
-3942
-4111
-4443
-4455
-3806
-2925
-2298
-1671
-572
824
1773
1864
1605
1619
1799
1643
1098
577
314
51
-488
-1035
-1214
-1126
-1267
-1836
-2467
-2626
-2259
-1809
-1445
-1072
-570
23
497
874
1351
1840
2033
1732
1063
488
294
341
244
-110
-420
-448
-190
9
11
24
105
127
-112
-478
-583
-401
-320
-571
-947
-964
-614
-367
-378
-402
-145
294
523
559
799
1294
1654
1541
1160
978
970
715
70
-598
-1028
-1357
-1756
-2055
-1874
-1302
-778
-365
248
1268
2291
2917
3578
4537
5336
5153
3995
3175
3288
3353
2322
451
-1071
-1766
-2346
-3163
-3559
-3059
-2340
-2201
-2268
-1510
251
1751
1974
1548
1584
2186
2536
2169
1756
1866
1938
1341
385
-57
110
-114
-1328
-2914
-3846
-3960
-3991
-4310
-4451
-3927
-2946
-2143
-1566
-670
635
1731
1921
1476
1213
1375
1454
971
248
-188
-265
-376
-761
-1125
-1173
-1170
-1511
-2175
-2608
-2364
-1795
-1466
-1365
-916
27
923
1298
1314
1562
2016
2080
1539
770
222
-5
-190
-457
-593
-468
-195
-12
37
109
321
546
441
22
-372
-522
-412
-355
-517
-661
-625
-435
-267
-227
-135
118
380
509
584
838
1233
1437
1275
928
743
628
269
-394
-1049
-1380
-1537
-1656
-1723
-1492
-906
-190
566
1363
2132
2752
3535
4503
5140
4845
3745
2978
2970
2874
1836
194
-1113
-1828
-2484
-3249
-3479
-2886
-2171
-2055
-2160
-1493
149
1650
1989
1581
1495
2021
2432
2183
1766
1765
1867
1417
473
-156
-156
-239
-1137
-2601
-3703
-3969
-3849
-3927
-4070
-3742
-2828
-1834
-1124
-423
637
1760
2214
1838
1270
1123
1242
1051
390
-259
-532
-534
-613
-900
-1111
-1168
-1340
-1833
-2389
-2483
-1973
-1415
-1141
-868
-316
520
1178
1466
1665
1866
1860
1468
773
114
-169
-210
-274
-458
-654
-641
-341
25
179
136
1
-72
-89
-215
-379
-375
-234
-157
-249
-396
-288
-4
72
-97
-233
-20
432
733
811
924
1210
1422
1295
908
541
228
-255
-958
-1543
-1761
-1752
-1651
-1454
-979
-180
678
1451
2065
2555
3170
4058
4758
4717
3878
2924
2599
2545
1975
726
-648
-1638
-2357
-3018
-3379
-3102
-2421
-2022
-1993
-1648
-485
1101
2016
1901
1583
1758
2197
2205
1762
1530
1686
1597
870
70
-153
-61
-503
-1763
-3090
-3697
-3688
-3687
-3878
-3796
-3092
-2070
-1277
-648
277
1477
2288
2183
1576
1203
1244
1218
717
-12
-534
-699
-721
-840
-1010
-1158
-1329
-1676
-2161
-2442
-2161
-1395
-783
-644
-593
-85
891
1689
1823
1590
1394
1167
699
19
-453
-563
-601
-810
-1017
-834
-292
262
480
365
241
270
355
306
31
-280
-413
-414
-429
-480
-456
-289
-172
-261
-385
-247
156
544
747
838
997
1194
1219
1048
779
450
32
-541
-1075
-1348
-1338
-1223
-1120
-908
-349
553
1351
1840
2129
2747
3785
4502
4327
3405
2699
2649
2650
1971
720
-440
-1228
-1949
-2706
-3037
-2666
-2022
-1793
-1883
-1505
-298
1129
1801
1628
1429
1650
1977
1924
1588
1465
1506
1261
623
22
-166
-235
-712
-1699
-2774
-3402
-3498
-3401
-3368
-3307
-2895
-2094
-1237
-536
135
946
1645
1784
1351
831
673
721
502
-92
-699
-925
-802
-694
-810
-1054
-1249
-1446
-1772
-2085
-2027
-1424
-705
-357
-346
-131
647
1545
1908
1645
1188
861
513
-21
-541
-800
-835
-896
-944
-729
-182
427
765
778
667
620
645
632
410
53
-251
-402
-393
-391
-407
-381
-348
-362
-403
-298
20
426
743
903
1010
1084
1104
1051
883
564
85
-479
-927
-1165
-1221
-1153
-1015
-752
-299
368
1025
1500
1855
2441
3401
4099
3977
3196
2662
2785
2847
2136
843
-300
-1058
-1854
-2772
-3202
-2830
-2220
-2048
-2101
-1549
-160
1247
1801
1579
1396
1596
1827
1684
1290
1135
1164
1002
569
175
90
60
-385
-1302
-2294
-2959
-3179
-3198
-3255
-3275
-3010
-2337
-1473
-691
17
770
1454
1704
1420
968
748
738
517
-66
-692
-957
-827
-691
-793
-1023
-1198
-1366
-1656
-1933
-1865
-1314
-691
-431
-405
-140
607
1411
1719
1499
1096
747
436
47
-350
-614
-776
-872
-840
-568
-57
503
802
784
633
562
605
595
375
-1
-317
-466
-461
-377
-266
-186
-229
-338
-354
-156
175
447
647
847
1033
1110
1071
1001
923
671
138
-493
-937
-1078
-1095
-1123
-1101
-851
-346
263
745
1091
1533
2433
3535
4055
3665
2865
2669
3124
3216
2299
881
-244
-1030
-1946
-2935
-3296
-2869
-2394
-2480
-2576
-1768
-77
1371
1683
1291
1143
1470
1713
1468
1063
981
1043
837
445
275
473
527
-50
-1078
-2013
-2502
-2679
-2844
-3069
-3192
-2983
-2372
-1545
-684
161
940
1532
1770
1654
1410
1249
1092
735
125
-486
-783
-732
-635
-710
-947
-1196
-1382
-1579
-1636
-1429
-1039
-762
-756
-725
-314
386
973
1150
941
583
245
10
-153
-318
-563
-874
-1047
-940
-550
-52
317
431
367
296
354
493
499
286
-57
-328
-476
-507
-426
-268
-170
-287
-489
-436
-47
388
587
627
802
1082
1230
1150
1027
986
828
354
-312
-783
-864
-756
-798
-906
-774
-233
439
847
1119
1855
3195
4229
4197
3315
2808
3285
3721
3037
1394
-147
-999
-1658
-2576
-3281
-3195
-2587
-2279
-2360
-1981
-588
1131
1906
1540
1008
1059
1486
1580
1198
889
839
777
601
482
609
666
149
-867
-1897
-2560
-2863
-3063
-3260
-3372
-3234
-2726
-1908
-930
0
769
1292
1552
1596
1496
1357
1139
747
188
-326
-600
-602
-547
-591
-741
-970
-1230
-1473
-1453
-1191
-967
-943
-1002
-769
-182
424
801
964
951
783
462
181
74
-22
-343
-855
-1120
-924
-510
-271
-243
-157
63
158
69
54
203
261
-67
-501
-568
-334
-217
-359
-468
-333
-171
-185
-179
112
575
811
772
759
1016
1291
1172
749
375
211
-35
-580
-1072
-1046
-705
-505
-506
-318
355
1114
1491
1816
2801
4083
4648
4019
3059
3092
3804
3759
2335
410
-868
-1496
-2239
-3130
-3457
-3003
-2469
-2360
-2134
-1056
688
1945
2049
1567
1322
1455
1588
1399
1045
773
480
259
281
502
624
278
-523
-1424
-2177
-2705
-3001
-3169
-3285
-3383
-3220
-2545
-1448
-351
438
1001
1406
1686
1715
1527
1315
1006
448
-294
-837
-907
-714
-683
-953
-1288
-1458
-1548
-1534
-1352
-1152
-1102
-1217
-1163
-640
107
641
880
896
805
622
434
380
350
30
-621
-1124
-1106
-723
-473
-555
-632
-421
-178
-119
-101
114
423
367
-87
-352
-78
290
243
-134
-279
2
245
180
107
398
860
1017
810
743
1075
1382
1152
506
20
-87
-226
-706
-1131
-1068
-589
-227
-75
274
1049
1883
2460
3163
4015
4591
4265
3336
2959
3281
3267
2089
180
-1360
-2065
-2531
-3103
-3389
-3132
-2687
-2409
-2008
-990
528
1621
1780
1525
1410
1493
1515
1362
1231
1016
511
-4
-67
282
409
-118
-1022
-1779
-2284
-2725
-3075
-3165
-3027
-2909
-2794
-2286
-1163
123
942
1211
1339
1657
1890
1755
1388
1015
621
37
-598
-887
-739
-593
-821
-1301
-1660
-1683
-1428
-1192
-1123
-1176
-1172
-896
-363
241
735
1035
1074
886
610
452
424
307
-93
-709
-1144
-1142
-888
-714
-780
-909
-882
-717
-540
-393
-171
36
92
-1
-98
49
342
456
310
68
-10
189
402
463
514
653
822
866
798
850
1006
943
475
-140
-529
-627
-687
-859
-912
-666
-208
350
854
1361
1931
2649
3648
4478
4642
3995
3238
3147
3339
2910
1522
-191
-1447
-2258
-3025
-3592
-3572
-3090
-2738
-2658
-2188
-821
922
1880
1797
1528
1654
1904
1732
1223
961
907
521
-168
-483
-147
244
-135
-1192
-2116
-2504
-2630
-2890
-3169
-3210
-2920
-2470
-1920
-1043
106
1175
1767
1844
1798
1889
2007
1850
1307
572
-63
-479
-694
-781
-791
-826
-1036
-1416
-1704
-1554
-1100
-807
-926
-1129
-891
-209
438
754
904
1065
1116
854
497
349
358
123
-529
-1167
-1312
-1050
-903
-1095
-1343
-1319
-1085
-891
-767
-522
-193
-9
-20
-55
144
458
596
467
212
77
164
293
330
356
476
682
776
743
751
844
818
475
-62
-515
-781
-989
-1152
-1112
-795
-337
236
900
1639
2362
3047
3992
4865
5093
4422
3450
3105
3241
2855
1415
-353
-1599
-2291
-2932
-3567
-3659
-3085
-2554
-2417
-2100
-993
676
1796
1818
1456
1537
1920
1987
1566
1087
892
630
74
-420
-480
-288
-453
-1278
-2286
-2842
-2897
-2827
-2943
-3099
-2921
-2322
-1562
-793
51
971
1766
2079
1964
1798
1798
1805
1439
653
-169
-617
-697
-747
-929
-1107
-1177
-1272
-1507
-1634
-1420
-1049
-920
-972
-711
-4
730
1006
977
1117
1401
1406
957
341
-76
-347
-758
-1271
-1541
-1404
-1155
-1117
-1190
-1090
-752
-444
-393
-388
-269
-66
73
36
-7
123
347
471
389
216
224
390
482
429
393
504
639
664
596
600
644
495
130
-286
-594
-776
-925
-987
-859
-555
-15
609
1215
1729
2278
3388
4708
5336
4744
3557
3152
3568
3519
2180
241
-1182
-1965
-2764
-3613
-3828
-3251
-2694
-2728
-2669
-1637
227
1658
1833
1465
1477
1879
2070
1724
1273
1063
752
110
-475
-576
-309
-352
-1098
-2135
-2843
-3008
-2950
-3033
-3221
-3215
-2778
-2015
-1122
-180
797
1677
2130
2147
1974
1865
1831
1570
915
76
-558
-780
-738
-710
-769
-872
-1007
-1207
-1321
-1133
-742
-545
-733
-899
-560
210
829
1000
981
1034
1059
814
435
241
167
-200
-921
-1488
-1443
-1011
-807
-1011
-1234
-1123
-812
-568
-405
-190
-5
0
-129
-187
-11
209
247
59
-172
-201
-13
241
450
606
726
805
855
959
1129
1162
850
312
-212
-544
-770
-968
-1028
-920
-734
-482
68
908
1722
2246
2843
3943
5001
5112
4197
3401
3552
3874
3060
1180
-516
-1387
-2020
-3029
-3844
-3740
-3041
-2727
-2841
-2371
-866
845
1564
1314
1105
1454
1871
1793
1347
997
818
458
-86
-412
-340
-269
-725
-1671
-2573
-2986
-3002
-3044
-3254
-3376
-3074
-2345
-1481
-605
315
1271
1977
2216
2134
1990
1919
1717
1195
450
-233
-592
-653
-630
-631
-681
-795
-991
-1226
-1261
-1046
-863
-965
-1148
-895
-107
734
1116
1142
1226
1441
1440
1118
701
315
-182
-975
-1692
-1843
-1537
-1266
-1312
-1427
-1177
-654
-250
-80
-4
74
46
-155
-329
-269
-58
12
-123
-236
-141
104
279
311
387
587
748
751
717
837
991
893
493
88
-141
-342
-716
-1099
-1166
-906
-551
-200
366
1220
2110
2883
3818
4877
5474
5090
4062
3487
3539
3257
1941
83
-1328
-2026
-2574
-3196
-3419
-3074
-2659
-2625
-2559
-1768
-281
899
1068
784
880
1452
1921
1906
1658
1473
1158
561
-29
-319
-409
-812
-1782
-2861
-3503
-3582
-3412
-3349
-3344
-3083
-2430
-1553
-642
278
1188
1895
2166
2068
1911
1865
1790
1437
784
106
-332
-484
-478
-483
-575
-767
-1053
-1347
-1491
-1391
-1212
-1190
-1318
-1253
-645
320
1122
1516
1670
1822
1918
1767
1393
952
361
-552
-1591
-2213
-2188
-1906
-1794
-1861
-1692
-1168
-585
-132
195
436
475
221
-102
-170
-41
-25
-241
-462
-420
-160
52
163
350
620
838
900
897
1018
1153
1052
663
187
-190
-497
-849
-1242
-1377
-1221
-931
-583
-49
846
1821
2548
3164
4129
5226
5666
5030
3967
3543
3595
3083
1606
-131
-1272
-1921
-2664
-3435
-3596
-3124
-2759
-2849
-2810
-1904
-335
795
964
854
1171
1836
2224
2076
1836
1717
1389
675
-70
-395
-484
-981
-2031
-3098
-3643
-3693
-3648
-3644
-3495
-3054
-2380
-1648
-805
221
1223
1895
2117
2091
2055
2043
1891
1492
920
333
-124
-377
-404
-360
-418
-700
-1141
-1515
-1700
-1700
-1668
-1702
-1718
-1494
-894
39
982
1653
2056
2267
2357
2248
1916
1414
672
-340
-1414
-2144
-2348
-2268
-2193
-2110
-1837
-1358
-813
-266
235
510
432
115
-119
-84
2
-108
-302
-342
-169
46
199
417
742
970
1005
1001
1121
1278
1178
792
380
121
-145
-623
-1168
-1467
-1407
-1240
-1108
-836
-112
978
1918
2467
3018
4099
5353
5808
5084
4022
3621
3638
3045
1527
-93
-1123
-1836
-2769
-3652
-3756
-3178
-2792
-3004
-3069
-2145
-558
546
731
700
1167
1875
2167
2016
1921
1984
1722
952
151
-197
-354
-925
-2002
-3074
-3656
-3809
-3855
-3881
-3687
-3188
-2527
-1821
-975
99
1184
1918
2175
2153
2121
2127
1995
1627
1115
586
138
-160
-283
-299
-387
-704
-1201
-1644
-1843
-1858
-1861
-1892
-1828
-1514
-929
-97
884
1802
2420
2636
2586
2445
2231
1796
1010
-83
-1183
-1975
-2343
-2396
-2355
-2242
-1985
-1576
-1018
-360
258
596
523
237
49
18
20
-89
-265
-360
-310
-108
158
458
725
867
927
988
1115
1176
987
600
221
-55
-366
-792
-1215
-1464
-1475
-1372
-1179
-763
-12
923
1722
2274
2890
3985
5220
5716
5099
4028
3517
3544
3132
1797
146
-1074
-1898
-2752
-3525
-3674
-3226
-2896
-3045
-3089
-2306
-829
413
819
816
1100
1697
2150
2227
2136
2065
1772
1115
380
-83
-350
-849
-1753
-2826
-3634
-3987
-3999
-3843
-3638
-3315
-2777
-2020
-1088
-42
972
1731
2110
2191
2180
2148
2012
1722
1264
729
223
-132
-230
-227
-346
-717
-1233
-1636
-1817
-1871
-1910
-1845
-1528
-1004
-452
101
807
1700
2445
2701
2575
2312
1993
1468
653
-225
-935
-1489
-1944
-2235
-2223
-1896
-1473
-1142
-833
-399
81
331
264
83
-4
11
-92
-306
-407
-316
-126
-14
34
213
511
769
893
955
1033
1038
847
529
266
16
-399
-1000
-1526
-1715
-1584
-1383
-1201
-834
-97
864
1706
2289
2991
4212
5386
5652
4845
3859
3696
3867
3244
1627
-95
-1182
-1905
-2800
-3635
-3765
-3292
-2981
-3143
-3087
-2074
-384
852
1041
899
1224
1916
2312
2145
1841
1732
1492
876
193
-223
-419
-861
-1797
-2887
-3621
-3811
-3725
-3681
-3673
-3440
-2818
-1951
-1008
-24
929
1698
2132
2277
2304
2253
2106
1788
1301
715
193
-46
-69
-143
-411
-814
-1162
-1412
-1631
-1826
-1953
-1862
-1575
-1204
-706
85
1171
2173
2660
2712
2734
2812
2603
1834
755
-254
-1093
-1781
-2320
-2583
-2526
-2248
-1873
-1436
-871
-161
436
593
361
97
56
62
-125
-449
-592
-457
-257
-89
92
365
653
809
798
782
823
774
516
88
-241
-392
-610
-1057
-1465
-1558
-1402
-1266
-1189
-847
-50
884
1536
1981
2636
3882
5180
5602
4980
4068
3764
3822
3275
1831
203
-993
-1932
-2974
-3845
-3946
-3383
-2951
-3048
-3057
-2167
-484
962
1401
1226
1370
1995
2475
2362
1957
1778
1656
1161
357
-246
-435
-658
-1433
-2646
-3614
-3894
-3708
-3598
-3675
-3577
-2960
-2007
-1106
-271
647
1615
2264
2392
2262
2195
2226
2077
1543
803
218
-12
-84
-299
-664
-994
-1208
-1452
-1799
-2030
-1973
-1706
-1386
-1006
-439
363
1241
1991
2492
2755
2882
2844
2451
1605
580
-247
-819
-1379
-2049
-2540
-2510
-2040
-1511
-1154
-821
-314
181
329
138
-13
77
138
-141
-556
-643
-330
-36
-39
-123
-9
296
516
529
533
641
688
489
96
-189
-263
-434
-898
-1444
-1676
-1567
-1409
-1297
-999
-312
596
1358
1932
2570
3561
4805
5573
5362
4472
3755
3612
3416
2443
865
-586
-1634
-2573
-3491
-3922
-3612
-3096
-3039
-3217
-2715
-1171
607
1492
1380
1264
1777
2406
2409
1874
1561
1627
1377
508
-357
-541
-390
-804
-2023
-3215
-3592
-3381
-3316
-3610
-3723
-3185
-2277
-1575
-992
-65
1218
2208
2391
2125
2097
2396
2474
1971
1152
525
260
78
-232
-560
-727
-868
-1245
-1807
-2127
-1937
-1553
-1373
-1380
-1143
-406
618
1563
2214
2644
2946
3057
2821
2241
1535
834
28
-1032
-2113
-2752
-2750
-2407
-2134
-1915
-1467
-701
70
503
614
631
626
394
-86
-468
-513
-371
-399
-557
-481
-83
320
462
418
441
554
529
313
23
-218
-425
-677
-1000
-1255
-1342
-1312
-1249
-1157
-918
-495
18
563
1225
1990
2706
3345
4148
5021
5408
4895
3867
3231
3081
2638
1373
-330
-1711
-2562
-3167
-3616
-3647
-3273
-2911
-2722
-2260
-1113
390
1370
1532
1482
1722
2005
1908
1610
1580
1721
1389
517
-135
-111
24
-556
-1808
-2864
-3259
-3404
-3722
-3981
-3720
-3075
-2549
-2209
-1509
-114
1350
2042
1983
1894
2164
2409
2175
1634
1178
826
317
-281
-570
-494
-421
-731
-1348
-1792
-1789
-1508
-1343
-1425
-1527
-1252
-433
551
1372
1990
2482
2920
3096
2897
2514
2054
1336
227
-1077
-2127
-2587
-2632
-2641
-2625
-2253
-1455
-491
255
651
911
1031
824
375
-32
-251
-385
-667
-971
-933
-481
37
254
214
232
416
504
307
35
-69
-127
-360
-703
-841
-746
-745
-966
-1178
-1102
-817
-617
-447
-4
874
1901
2520
2739
3253
4398
5436
5315
4056
2914
2759
2819
1957
327
-1083
-1849
-2455
-3253
-3728
-3374
-2638
-2271
-2278
-1913
-728
783
1675
1696
1494
1611
1902
1956
1772
1615
1474
1037
343
-120
-208
-313
-876
-1836
-2716
-3226
-3423
-3427
-3307
-3156
-2996
-2711
-2067
-971
260
1136
1507
1626
1772
1945
1977
1819
1536
1091
421
-246
-549
-491
-442
-733
-1269
-1656
-1763
-1651
-1438
-1266
-1195
-1153
-923
-201
937
1831
2183
2214
2279
2506
2537
2128
1464
649
-382
-1370
-1951
-1994
-1770
-1679
-1618
-1223
-478
237
705
896
853
630
270
-37
-176
-348
-642
-890
-919
-663
-317
-80
68
198
263
220
157
194
294
226
-98
-432
-471
-375
-497
-860
-1166
-1150
-1023
-1018
-905
-341
627
1517
2004
2263
2769
3788
4815
5068
4312
3125
2448
2353
2012
1018
-245
-1282
-2050
-2775
-3251
-3026
-2280
-1821
-1984
-2109
-1430
-1
1205
1390
1010
945
1333
1679
1624
1459
1516
1462
914
204
-80
44
-95
-946
-2131
-2924
-3099
-3059
-3115
-3158
-2978
-2539
-1995
-1341
-429
608
1327
1504
1431
1472
1646
1734
1561
1177
691
160
-231
-329
-289
-357
-664
-1137
-1538
-1685
-1535
-1270
-1156
-1254
-1279
-772
139
942
1391
1573
1821
2142
2185
1893
1456
923
239
-564
-1245
-1525
-1486
-1441
-1424
-1196
-709
-168
215
383
463
493
361
98
-178
-438
-618
-691
-690
-631
-496
-281
-59
55
41
47
174
329
413
402
299
193
127
43
-172
-552
-938
-1119
-1140
-1138
-1018
-578
183
1022
1715
2228
2639
3136
3856
4512
4507
3595
2393
1807
1818
1595
730
-383
-1209
-1726
-2208
-2499
-2291
-1799
-1605
-1894
-2023
-1332
-61
834
897
715
921
1374
1559
1434
1441
1635
1454
715
17
-136
-54
-436
-1424
-2408
-2867
-2929
-2948
-2975
-2818
-2429
-2022
-1707
-1255
-414
557
1130
1157
1002
1018
1209
1339
1263
1004
560
108
-117
-120
-96
-240
-594
-1015
-1364
-1502
-1355
-1084
-1007
-1155
-1235
-847
119
1090
1555
1568
1530
1760
2006
1895
1543
1126
491
-392
-1151
-1374
-1150
-982
-1106
-1192
-875
-343
178
565
699
613
277
-127
-329
-397
-507
-725
-958
-976
-725
-392
-148
-35
37
143
271
362
410
433
376
214
13
-166
-332
-503
-695
-876
-976
-948
-736
-285
281
852
1401
1827
2093
2299
2798
3561
3892
3313
2187
1532
1727
1978
1519
481
-513
-1151
-1620
-2035
-2136
-1871
-1676
-1914
-2196
-1760
-510
761
1213
1011
965
1310
1640
1679
1619
1667
1504
826
44
-203
2
-68
-839
-1915
-2587
-2720
-2683
-2688
-2635
-2455
-2271
-2125
-1718
-826
209
785
752
580
719
1089
1310
1208
913
570
231
-61
-192
-163
-167
-418
-942
-1420
-1544
-1305
-1019
-1081
-1384
-1511
-1096
-124
791
1225
1337
1450
1772
2050
2003
1823
1581
1008
28
-866
-1111
-810
-570
-775
-1064
-886
-315
275
611
600
413
141
-239
-545
-691
-754
-823
-1011
-1147
-992
-560
-105
168
235
250
389
631
786
746
578
397
288
94
-241
-556
-760
-899
-1102
-1266
-1152
-681
-98
335
750
1235
1707
1977
2270
3017
3791
3775
2794
1839
1898
2524
2479
1403
90
-793
-1338
-1916
-2362
-2312
-2036
-2103
-2486
-2336
-1158
412
1264
1139
908
1185
1687
1892
1824
1810
1698
1168
420
46
194
236
-382
-1446
-2296
-2634
-2700
-2802
-2880
-2799
-2703
-2632
-2349
-1563
-494
261
451
442
751
1255
1572
1610
1493
1294
885
313
-71
-105
-90
-417
-1068
-1627
-1721
-1440
-1225
-1269
-1368
-1287
-1003
-582
-31
621
1202
1540
1708
1855
1981
2043
1974
1671
1055
260
-335
-499
-471
-599
-876
-975
-737
-385
-166
-88
-56
-121
-418
-865
-1120
-1005
-797
-880
-1157
-1157
-687
-110
149
204
378
703
920
937
923
977
943
596
74
-346
-585
-756
-1045
-1419
-1630
-1481
-1059
-591
-198
265
850
1428
1762
2042
2829
3900
4410
3817
2780
2561
3156
3344
2336
699
-572
-1310
-1965
-2652
-2921
-2646
-2405
-2562
-2565
-1676
-53
1196
1328
951
1051
1654
2073
2013
1854
1866
1700
1100
440
240
307
-61
-1067
-2217
-2936
-3129
-3192
-3330
-3406
-3380
-3280
-2979
-2268
-1164
-138
393
611
988
1577
2009
2111
1994
1749
1274
587
35
-151
-196
-474
-1069
-1638
-1846
-1696
-1485
-1471
-1633
-1633
-1220
-603
-28
467
1018
1675
2233
2547
2684
2734
2579
2125
1421
649
85
-283
-598
-916
-1096
-1045
-846
-684
-620
-546
-529
-692
-952
-1128
-1145
-1081
-1066
-1083
-972
-640
-207
99
231
338
589
918
1029
980
1018
1084
913
469
1
-266
-468
-939
-1581
-2034
-2142
-1923
-1563
-1217
-795
-148
639
1327
1839
2275
3080
4191
4747
4318
3372
2933
3322
3547
2688
1114
-190
-977
-1643
-2450
-2964
-2819
-2510
-2644
-2875
-2242
-659
880
1383
1127
1256
1987
2562
2470
2130
2064
2006
1440
556
122
242
122
-804
-2086
-2924
-3122
-3184
-3505
-3830
-3875
-3705
-3396
-2843
-1859
-642
278
741
1104
1656
2178
2387
2263
1911
1387
672
-6
-343
-430
-640
-1119
-1651
-1941
-1900
-1709
-1545
-1436
-1320
-1175
-883
-298
485
1229
1685
1950
2304
2660
2746
2501
2098
1655
1095
377
-250
-492
-489
-575
-848
-1077
-1027
-744
-556
-680
-947
-1141
-1188
-1180
-1234
-1220
-1018
-740
-524
-332
-25
398
772
942
978
1058
1211
1276
1112
784
434
132
-220
-722
-1276
-1700
-1939
-2077
-2070
-1831
-1334
-717
-90
589
1284
1887
2446
3317
4390
4936
4532
3641
3276
3562
3522
2528
1042
-197
-1083
-1904
-2656
-2869
-2519
-2308
-2575
-2701
-1869
-272
965
1155
917
1204
1890
2243
2096
1998
2187
2092
1320
417
151
254
-146
-1308
-2595
-3273
-3417
-3590
-3903
-3987
-3725
-3424
-3189
-2657
-1505
-155
634
819
1052
1643
2185
2257
1968
1629
1216
536
-196
-590
-642
-714
-1129
-1696
-2018
-1903
-1584
-1445
-1394
-1188
-807
-362
115
758
1539
2126
2372
2515
2667
2674
2427
1990
1468
884
236
-337
-606
-643
-686
-855
-1105
-1206
-1063
-875
-865
-1032
-1198
-1201
-1127
-1075
-977
-800
-564
-340
-125
95
320
578
806
955
1013
1029
1066
995
684
265
-96
-405
-805
-1349
-1822
-2054
-2089
-1976
-1714
-1236
-579
195
969
1599
2047
2601
3656
4782
5130
4435
3457
3228
3557
3357
2209
753
-328
-1131
-1996
-2700
-2713
-2202
-2027
-2461
-2598
-1579
164
1329
1315
1043
1415
2053
2244
1977
1903
2098
1828
864
-12
-133
32
-417
-1644
-2876
-3436
-3506
-3648
-3915
-3944
-3658
-3306
-3010
-2382
-1170
107
809
929
1060
1516
1979
2053
1750
1301
774
140
-447
-728
-754
-808
-1158
-1751
-2112
-1946
-1428
-1020
-972
-1052
-872
-278
533
1288
1830
2176
2420
2539
2492
2345
2160
1824
1146
251
-371
-510
-466
-570
-815
-928
-878
-822
-799
-736
-642
-715
-997
-1270
-1299
-1085
-867
-805
-762
-514
-119
240
454
665
984
1180
1153
1022
926
848
588
112
-351
-674
-982
-1371
-1769
-1992
-1940
-1707
-1395
-979
-307
557
1327
1790
2236
3264
4586
5230
4691
3659
3313
3678
3640
2530
962
-203
-898
-1617
-2433
-2726
-2288
-1806
-1952
-2239
-1634
-71
1302
1458
979
1027
1712
2206
2014
1685
1698
1692
1139
280
-149
-98
-291
-1252
-2575
-3403
-3479
-3401
-3644
-3938
-3850
-3341
-2797
-2267
-1409
-271
638
939
946
1166
1608
1889
1713
1162
553
72
-272
-521
-738
-927
-1168
-1546
-1928
-2011
-1699
-1260
-965
-913
-856
-459
259
1080
1718
2055
2287
2511
2553
2346
2087
1809
1333
581
-204
-591
-576
-600
-783
-940
-964
-863
-779
-739
-633
-558
-696
-957
-1106
-1007
-809
-700
-672
-546
-255
18
229
465
706
846
832
762
745
708
520
241
-14
-262
-633
-1104
-1456
-1609
-1613
-1629
-1590
-1205
-409
462
1107
1529
2105
3288
4556
5056
4599
3780
3494
3634
3368
2385
1160
158
-700
-1536
-2147
-2189
-1771
-1580
-1846
-1930
-1250
-6
969
1112
925
1063
1392
1562
1559
1638
1755
1509
856
316
200
132
-395
-1424
-2475
-3141
-3469
-3699
-3895
-3844
-3564
-3266
-2944
-2317
-1204
-70
529
658
827
1246
1582
1606
1437
1157
703
116
-370
-507
-490
-632
-1015
-1500
-1780
-1739
-1467
-1219
-1103
-1029
-869
-489
135
914
1601
2018
2238
2445
2592
2492
2142
1671
1135
455
-258
-731
-904
-959
-1011
-986
-824
-600
-439
-379
-381
-436
-541
-687
-874
-1050
-1100
-999
-832
-637
-411
-145
99
298
497
664
775
806
784
703
445
127
-88
-267
-543
-945
-1288
-1402
-1361
-1346
-1276
-966
-277
545
1082
1287
1709
2954
4379
4861
4193
3372
3431
3896
3594
2417
1211
401
-358
-1380
-2164
-2074
-1469
-1332
-1863
-2058
-1120
408
1251
969
624
1022
1549
1498
1145
1248
1708
1581
666
-41
124
454
-26
-1352
-2581
-3034
-3084
-3380
-3851
-3954
-3565
-3124
-2948
-2526
-1393
-70
610
555
533
975
1475
1563
1269
921
566
132
-236
-359
-325
-392
-769
-1346
-1770
-1818
-1543
-1363
-1403
-1413
-1028
-174
576
996
1324
1798
2410
2771
2657
2290
1889
1396
749
80
-355
-546
-748
-1099
-1245
-850
-284
-27
-184
-401
-378
-364
-568
-807
-898
-970
-1140
-1255
-1062
-557
-119
-7
-81
-26
270
600
666
521
467
496
374
121
-14
45
-44
-548
-1133
-1331
-1122
-931
-967
-914
-344
590
1348
1575
1852
3021
4530
5059
4127
3010
3098
3851
3658
2205
759
135
-185
-922
-1793
-1896
-1264
-968
-1486
-1897
-1182
383
1331
930
336
650
1423
1590
1113
939
1313
1362
629
-120
-123
160
-206
-1401
-2637
-3140
-3098
-3200
-3609
-3839
-3594
-3146
-2868
-2479
-1515
-345
291
316
355
770
1252
1412
1296
1080
688
161
-173
-189
-133
-310
-818
-1396
-1792
-1852
-1570
-1243
-1070
-1045
-880
-489
91
803
1439
1926
2173
2157
1981
1765
1634
1516
1133
455
-113
-313
-368
-549
-683
-528
-285
-330
-593
-573
-244
-139
-465
-883
-1007
-887
-847
-952
-925
-599
-274
-220
-252
6
610
1035
898
543
541
741
636
171
-290
-393
-481
-947
-1478
-1567
-1176
-788
-775
-677
80
1166
1710
1632
2126
3599
4871
4650
3293
2694
3402
3954
3145
1461
211
-238
-660
-1445
-1929
-1598
-1042
-1153
-1664
-1405
-28
1292
1317
595
436
954
1329
1127
911
1069
1180
840
326
233
447
347
-481
-1751
-2690
-3017
-3179
-3548
-3903
-3871
-3518
-3244
-2938
-2143
-967
-130
48
47
335
830
1154
1193
1117
992
747
429
205
169
188
-118
-849
-1640
-1966
-1721
-1459
-1457
-1539
-1333
-819
-299
208
773
1362
1815
1956
1843
1708
1681
1695
1488
959
452
237
132
-124
-442
-489
-313
-273
-508
-723
-641
-457
-445
-681
-923
-920
-810
-781
-834
-716
-301
63
94
14
250
763
1031
826
494
410
479
334
-34
-335
-445
-601
-1019
-1425
-1406
-991
-666
-597
-311
413
1234
1593
1980
3123
4425
4754
3734
2766
2982
3599
3294
1872
472
-234
-650
-1242
-1718
-1528
-984
-973
-1471
-1452
-327
1106
1444
730
315
703
1225
1166
849
997
1265
1041
446
224
586
742
48
-1290
-2402
-2791
-2903
-3299
-3834
-3982
-3615
-3219
-3033
-2546
-1489
-390
24
-152
-152
303
855
1021
805
631
618
667
575
321
205
200
-58
-798
-1633
-1907
-1752
-1651
-1829
-1814
-1093
-240
221
390
742
1577
2339
2399
1888
1368
1133
1020
734
327
156
176
10
-305
-331
41
406
247
-333
-740
-814
-776
-817
-938
-1066
-1072
-914
-704
-463
-171
143
311
180
6
220
670
854
602
278
237
371
354
100
-209
-488
-790
-1121
-1303
-1182
-874
-611
-332
160
936
1591
2204
3226
4327
4782
4036
3003
2902
3417
3304
2080
562
-377
-783
-1189
-1602
-1547
-1082
-954
-1351
-1477
-551
1008
1692
1071
441
709
1389
1515
1079
925
1119
1029
482
82
279
597
223
-1012
-2273
-2729
-2610
-2786
-3474
-3975
-3769
-3235
-2943
-2646
-1843
-800
-189
-207
-316
-72
440
802
715
393
215
370
643
610
342
146
-28
-421
-1113
-1520
-1461
-1324
-1438
-1743
-1671
-1099
-316
301
610
826
1179
1572
1655
1416
1226
1234
1143
777
381
302
425
357
66
-246
-381
-281
-174
-294
-608
-823
-722
-580
-706
-947
-882
-552
-418
-502
-447
-61
374
486
431
595
933
1141
985
659
484
420
170
-383
-842
-993
-1013
-1140
-1287
-1113
-592
53
598
1112
1476
2010
3071
4148
4559
3894
2975
2763
2974
2758
1828
734
-120
-809
-1441
-1836
-1597
-962
-763
-1221
-1527
-761
760
1612
1133
466
605
1152
1276
930
879
1196
1233
705
162
234
684
640
-401
-1882
-2694
-2619
-2585
-3142
-3773
-3693
-3107
-2769
-2649
-2085
-1017
-200
-119
-432
-425
83
637
687
283
-20
129
553
677
494
376
293
-77
-867
-1412
-1400
-1202
-1274
-1704
-1848
-1421
-653
93
457
575
798
1156
1402
1304
1070
984
928
682
368
291
453
515
353
81
-144
-158
-60
-49
-290
-678
-801
-669
-603
-725
-831
-688
-498
-453
-413
-236
49
312
475
613
784
931
950
774
537
424
306
11
-454
-795
-910
-1002
-1069
-1019
-655
-10
573
977
1183
1702
2930
4152
4495
3741
2907
2881
3196
2948
1958
846
-15
-793
-1524
-1899
-1598
-902
-690
-1154
-1411
-654
814
1653
1225
559
511
889
1062
931
968
1150
1091
679
303
325
577
556
-233
-1590
-2576
-2723
-2572
-2816
-3409
-3627
-3220
-2694
-2332
-1887
-1136
-378
-58
-230
-506
-380
119
417
94
-470
-522
-2
405
331
94
64
35
-466
-1150
-1514
-1499
-1381
-1532
-1567
-1160
-511
77
333
562
1089
1652
1772
1328
657
211
125
164
87
-52
-138
-99
219
666
931
954
763
501
173
-276
-532
-459
-401
-689
-1094
-1069
-551
-58
21
-85
-14
170
327
469
643
833
858
642
444
449
567
463
-33
-605
-872
-871
-884
-933
-765
-280
248
634
959
1422
2444
3683
4309
3950
3003
2607
2957
3111
2416
1218
147
-674
-1388
-1929
-1922
-1452
-1219
-1561
-1898
-1395
-1
1247
1309
667
505
972
1341
1165
910
1069
1213
845
253
127
499
690
112
-1088
-2029
-2226
-2115
-2382
-3019
-3356
-3084
-2664
-2432
-2076
-1297
-414
-11
-129
-263
-85
285
455
207
-224
-407
-180
158
256
160
118
53
-295
-773
-1055
-1101
-1075
-1253
-1503
-1475
-1103
-445
167
405
453
656
983
1097
841
495
316
251
137
50
156
344
458
459
405
460
667
752
536
89
-298
-408
-389
-461
-613
-698
-724
-701
-590
-377
-155
-37
54
307
674
942
1043
1031
949
760
477
184
-121
-423
-749
-1062
-1242
-1220
-941
-469
108
604
945
1171
1886
3206
4283
4286
3249
2426
2518
2789
2393
1389
349
-479
-1294
-1981
-2082
-1473
-929
-1149
-1731
-1596
-360
1051
1394
783
433
693
1007
968
863
1175
1484
1236
668
431
771
1068
650
-572
-1848
-2397
-2357
-2402
-2841
-3239
-3109
-2661
-2309
-1949
-1280
-414
111
52
-266
-365
-59
293
247
-193
-541
-385
71
293
242
137
33
-321
-929
-1403
-1465
-1288
-1157
-1078
-975
-664
-212
316
741
993
1109
1067
771
260
-181
-356
-336
-370
-416
-268
113
561
910
1096
1114
1000
828
548
187
-153
-373
-520
-689
-762
-613
-403
-348
-412
-381
-244
-207
-208
-13
335
582
553
502
690
965
1015
687
220
-156
-424
-724
-1067
-1163
-941
-460
-9
306
620
1262
2574
3898
4376
3738
2839
2747
3185
3065
2047
761
-209
-952
-1704
-2238
-2099
-1466
-1265
-1770
-2133
-1362
303
1374
1030
291
314
915
1213
1041
986
1210
1225
815
485
603
917
848
28
-1179
-2076
-2277
-2219
-2478
-2927
-3086
-2758
-2288
-1808
-1190
-491
22
215
199
95
83
253
400
170
-347
-618
-351
60
192
99
-55
-253
-571
-819
-932
-965
-1038
-1210
-1268
-1138
-718
-92
427
617
661
761
829
781
585
311
51
-207
-370
-313
-145
21
138
215
283
421
625
728
628
381
132
-76
-268
-432
-460
-413
-450
-549
-594
-465
-258
-126
-54
150
470
765
847
731
682
717
648
242
-325
-675
-759
-787
-954
-1034
-803
-246
350
679
859
1281
2426
3695
4122
3499
2644
2619
3067
2928
1944
791
5
-717
-1621
-2380
-2364
-1719
-1431
-1873
-2251
-1507
130
1281
1046
325
339
913
1177
868
676
950
1156
920
593
697
1115
1177
437
-774
-1714
-1976
-1979
-2313
-2876
-3125
-2835
-2358
-1916
-1344
-547
150
441
394
297
338
493
557
288
-179
-408
-194
118
142
-11
-125
-244
-584
-1059
-1306
-1243
-1062
-908
-795
-702
-502
-87
452
850
966
849
580
190
-235
-443
-404
-392
-507
-575
-378
100
586
825
737
480
344
378
329
90
-113
-190
-323
-556
-605
-274
84
18
-330
-534
-374
-131
-49
10
212
514
686
606
575
833
1077
840
73
-613
-754
-605
-617
-799
-689
-103
398
566
706
1735
3459
4444
3933
2597
2261
3161
3710
2816
1053
-244
-813
-1390
-2173
-2598
-2216
-1684
-1848
-2327
-2008
-485
1129
1369
536
25
403
1039
1119
826
716
793
755
632
746
1074
1210
701
-419
-1487
-1978
-1963
-2076
-2573
-3038
-2994
-2406
-1657
-956
-357
96
399
565
596
538
531
518
278
-247
-657
-537
-64
249
151
-127
-367
-477
-524
-706
-973
-1280
-1522
-1512
-1325
-981
-472
13
364
543
595
609
627
619
383
-28
-431
-552
-343
-247
-340
-344
-134
135
195
123
186
405
435
180
-39
-10
141
62
-228
-335
-110
93
-48
-277
-182
191
418
378
397
675
933
766
403
212
311
238
-309
-846
-909
-608
-436
-530
-357
327
987
1134
1230
2293
3910
4692
3919
2665
2604
3423
3489
2174
428
-563
-1048
-1757
-2586
-2756
-2132
-1724
-2017
-2299
-1534
99
1233
1073
354
138
565
971
999
893
847
769
656
697
966
1182
952
242
-733
-1592
-2062
-2218
-2379
-2737
-3099
-3072
-2481
-1629
-849
-264
145
477
693
724
689
715
658
330
-191
-496
-301
103
238
33
-264
-449
-666
-998
-1267
-1397
-1423
-1362
-1190
-930
-697
-447
-25
614
1117
1074
668
326
186
48
-306
-684
-752
-648
-679
-734
-440
135
433
178
-179
-30
445
602
296
1
69
199
29
-227
-162
139
179
-178
-447
-227
251
470
395
427
758
1015
901
620
535
567
263
-442
-977
-917
-604
-477
-543
-348
314
962
1257
1445
2314
3717
4463
3908
2756
2569
3422
3790
2719
961
-230
-773
-1387
-2255
-2733
-2454
-2076
-2246
-2567
-2033
-478
967
1167
449
82
536
1100
1059
663
518
650
726
691
799
1087
1116
548
-535
-1578
-2069
-2157
-2380
-2951
-3412
-3258
-2546
-1746
-1085
-454
146
592
797
823
811
870
825
485
-92
-514
-371
92
320
114
-221
-357
-333
-474
-747
-972
-1174
-1381
-1597
-1562
-1157
-613
-273
-245
-215
75
502
783
670
357
148
9
-73
-139
-188
-258
-383
-446
-351
-135
55
163
162
54
-56
-12
160
169
-74
-329
-336
-143
-29
-38
11
170
375
537
728
1028
1310
1344
1044
702
548
513
252
-332
-866
-1042
-944
-887
-806
-517
54
520
770
1087
2032
3529
4493
4285
3312
2904
3498
3966
3257
1682
162
-852
-1679
-2452
-2806
-2597
-2289
-2406
-2663
-2232
-822
725
1183
493
-126
39
613
825
564
417
564
777
935
1149
1505
1683
1247
95
-1200
-1916
-2051
-2256
-2896
-3562
-3573
-2912
-2137
-1449
-765
-49
520
754
789
805
894
922
622
81
-314
-210
216
432
275
-5
-195
-320
-589
-892
-1235
-1455
-1236
-960
-927
-1100
-995
-338
285
387
298
290
191
-221
-630
-589
-261
-85
-303
-496
-220
417
888
773
322
115
111
-67
-407
-541
-418
-433
-638
-656
-320
88
246
149
-19
-116
-82
102
262
374
589
842
1009
1041
1127
1246
1137
672
71
-388
-675
-838
-948
-994
-862
-471
-10
458
980
2034
3512
4409
4233
3428
3189
3822
4228
3476
1849
261
-770
-1518
-2232
-2718
-2719
-2529
-2637
-2736
-2166
-749
719
1117
519
-25
138
664
811
482
194
258
525
761
1002
1335
1505
1159
174
-997
-1709
-1926
-2170
-2789
-3493
-3637
-3044
-2143
-1361
-718
-74
515
859
918
882
950
987
694
86
-402
-314
213
572
461
148
91
168
34
-292
-638
-873
-1171
-1605
-1805
-1503
-939
-538
-514
-553
-280
262
640
568
301
165
190
172
24
-93
-123
-121
-147
-173
-107
45
179
137
-112
-334
-321
-213
-294
-567
-741
-627
-385
-243
-163
-48
150
402
644
894
1193
1448
1495
1239
924
817
797
483
-151
-666
-858
-890
-961
-932
-641
-200
-44
-58
224
1170
2748
3930
4059
3392
2938
3394
4135
4088
2991
1412
-49
-1267
-2167
-2600
-2631
-2562
-2857
-3247
-2935
-1572
188
1115
718
-63
-199
251
514
268
17
129
391
546
785
1434
2165
2175
1138
-328
-1226
-1393
-1627
-2495
-3556
-3945
-3498
-2828
-2247
-1490
-430
522
882
799
835
1210
1522
1184
360
-251
-207
231
435
312
175
190
124
-226
-508
-429
-192
-246
-834
-1418
-1376
-823
-356
-396
-660
-617
-330
-192
-274
-269
1
271
263
135
254
588
771
594
168
-133
-151
-151
-317
-615
-789
-701
-515
-390
-328
-253
-149
-82
-117
-169
-146
-47
52
124
270
609
1017
1241
1242
1203
1240
1211
902
354
-163
-502
-771
-1011
-1174
-1037
-682
-296
-180
-103
394
1571
3181
4124
3994
3290
3055
3619
4182
3762
2433
813
-617
-1773
-2559
-2783
-2601
-2570
-3062
-3382
-2589
-774
816
1084
349
-106
86
358
215
-28
110
380
403
378
911
1958
2571
2006
572
-651
-1103
-1338
-2048
-3094
-3758
-3758
-3420
-3007
-2245
-1010
181
746
716
708
1075
1545
1522
892
164
-148
24
304
427
495
605
526
185
-131
-76
143
-116
-924
-1645
-1657
-1180
-885
-1001
-1221
-1084
-604
-145
138
335
506
621
607
544
578
638
552
277
-34
-216
-200
-114
-149
-370
-639
-728
-616
-483
-484
-540
-554
-510
-373
-155
74
187
170
182
367
676
997
1154
1092
938
861
952
1001
767
289
-175
-472
-640
-782
-886
-860
-678
-417
-227
-228
-90
650
2221
3767
4161
3367
2609
3082
4202
4472
3296
1519
7
-1128
-2163
-2758
-2694
-2505
-2905
-3558
-3222
-1577
244
897
412
-107
-118
-54
-246
-296
119
539
422
170
807
2211
3133
2628
1241
172
-326
-932
-1944
-2904
-3367
-3613
-3997
-4039
-3078
-1337
24
339
225
528
1247
1668
1445
957
563
207
-171
-354
-72
484
725
370
-172
-252
337
970
761
-255
-1209
-1396
-1025
-851
-1113
-1362
-1358
-1227
-1060
-653
54
655
722
465
496
972
1407
1316
787
278
72
44
-1
-139
-344
-575
-738
-733
-555
-326
-258
-444
-683
-660
-315
26
54
-113
-118
158
492
712
868
1035
1123
1039
945
984
1022
776
205
-329
-531
-537
-677
-952
-1015
-680
-275
-240
-469
-435
459
2199
3627
3802
2967
2464
3240
4385
4488
3350
1762
335
-1010
-2233
-2817
-2697
-2580
-3079
-3635
-3198
-1576
209
893
478
-33
-104
-9
-127
-233
6
260
197
234
1005
2285
3008
2591
1540
608
-74
-822
-1712
-2548
-3249
-3955
-4470
-4223
-2960
-1371
-381
-133
33
638
1369
1711
1588
1214
689
23
-468
-414
129
614
584
158
-100
157
642
731
215
-545
-1167
-1481
-1644
-1701
-1650
-1568
-1487
-1289
-840
-206
321
566
635
745
1011
1187
1140
962
816
756
647
429
232
53
-227
-550
-776
-788
-692
-717
-850
-885
-611
-140
198
237
159
264
484
567
479
513
770
1010
962
900
1163
1554
1556
1020
443
156
-24
-508
-1180
-1460
-1178
-766
-657
-645
-450
40
390
617
1487
2698
3420
2914
2042
2273
3527
4265
3600
2057
730
-192
-1135
-1926
-2327
-2393
-2871
-3541
-3533
-2364
-666
296
222
-106
-113
41
81
47
243
474
361
260
782
1901
2707
2547
1688
830
191
-514
-1407
-2369
-3205
-3947
-4394
-4239
-3341
-2122
-1152
-587
-148
468
1153
1565
1499
1032
372
-232
-430
-159
278
513
430
302
419
708
925
816
194
-705
-1606
-2076
-2119
-1982
-1911
-1915
-1726
-1213
-465
280
865
1185
1318
1286
1236
1222
1299
1393
1282
927
510
362
437
383
10
-475
-783
-903
-1022
-1113
-984
-727
-474
-275
-51
204
343
309
228
275
452
619
743
881
1159
1539
1795
1870
1740
1455
987
285
-480
-1034
-1305
-1359
-1380
-1385
-1227
-896
-506
-267
-85
112
532
1281
2016
2376
2287
2262
2912
3893
4227
3613
2481
1453
489
-658
-1810
-2574
-3013
-3486
-3799
-3450
-2256
-853
-78
34
36
220
417
394
294
315
371
337
486
1103
1966
2429
2206
1558
885
246
-499
-1408
-2466
-3576
-4419
-4538
-3950
-3019
-2230
-1570
-726
228
970
1303
1348
1322
1132
586
-52
-335
-112
251
304
98
64
350
591
427
-143
-742
-1199
-1580
-1890
-2010
-1872
-1634
-1430
-1103
-473
314
929
1123
1084
1117
1276
1480
1573
1497
1244
890
615
584
686
578
92
-524
-906
-974
-967
-1014
-995
-854
-639
-447
-247
30
260
294
141
89
342
778
1159
1356
1594
1980
2319
2398
2144
1623
937
195
-449
-849
-1137
-1442
-1653
-1571
-1215
-849
-632
-476
-269
-133
-127
-227
72
919
1836
2282
2283
2607
3477
4226
4112
3256
2207
1210
2
-1296
-2252
-2669
-2936
-3303
-3407
-2847
-1704
-654
-141
-2
156
360
417
286
199
224
185
120
355
1012
1639
1732
1401
1027
655
39
-900
-1881
-2716
-3380
-3831
-3895
-3346
-2414
-1570
-999
-449
336
1148
1495
1216
729
420
259
19
-271
-385
-215
-28
-47
-179
-195
2
80
-236
-799
-1153
-1159
-1045
-1036
-972
-648
-203
117
271
536
900
1153
1162
993
919
977
1007
912
782
765
841
757
410
1
-276
-415
-650
-981
-1197
-1154
-925
-737
-596
-438
-170
82
218
332
582
950
1269
1439
1563
1764
1921
1908
1656
1322
955
514
-24
-519
-869
-1150
-1409
-1554
-1434
-1121
-798
-568
-378
-224
-124
-25
74
166
274
613
1248
1867
2126
2150
2429
2998
3369
3032
2229
1374
598
-337
-1355
-2068
-2324
-2368
-2478
-2345
-1650
-623
155
420
472
556
543
260
-114
-272
-254
-292
-380
-189
368
932
1066
826
463
98
-437
-1165
-1847
-2275
-2517
-2721
-2799
-2502
-1810
-1037
-485
-149
156
427
501
369
186
107
20
-267
-597
-701
-493
-298
-317
-456
-398
-184
-69
-134
-246
-210
-74
10
30
94
245
499
684
705
641
648
747
779
655
475
448
542
553
441
299
228
183
8
-274
-516
-587
-539
-575
-676
-695
-518
-234
7
210
486
817
1046
1135
1178
1213
1203
1119
939
727
552
429
335
139
-110
-303
-383
-480
-674
-834
-802
-589
-424
-389
-348
-134
223
514
615
601
585
559
407
224
120
194
470
862
1195
1359
1370
1402
1494
1507
1346
1047
625
37
-497
-719
-608
-503
-628
-744
-590
-283
-97
-122
-192
-257
-425
-714
-964
-1025
-881
-688
-525
-359
-100
229
477
571
440
153
-248
-700
-1113
-1411
-1595
-1687
-1736
-1725
-1539
-1157
-742
-454
-314
-240
-217
-345
-617
-838
-900
-870
-894
-876
-589
-109
312
475
560
732
893
843
670
552
512
430
279
284
487
670
589
387
282
287
183
-91
-312
-324
-283
-363
-439
-276
96
325
306
262
424
632
608
399
265
313
415
423
402
474
586
621
550
440
371
325
205
16
-173
-272
-267
-233
-230
-270
-239
-86
197
533
774
813
750
752
737
613
405
290
241
38
-350
-610
-523
-209
43
126
246
527
882
967
733
384
228
305
309
96
-133
-87
113
238
236
367
624
611
157
-372
-549
-476
-619
-1114
-1476
-1317
-835
-486
-347
-153
202
454
458
382
404
425
238
-106
-349
-377
-385
-623
-1009
-1242
-1181
-1079
-1179
-1334
-1303
-1049
-781
-624
-480
-271
-116
-141
-290
-382
-315
-239
-274
-376
-368
-139
202
463
541
560
603
663
625
464
219
-6
-180
-308
-375
-369
-264
-119
-10
18
28
40
4
-144
-334
-396
-266
-44
151
328
580
904
1146
1219
1151
1020
863
573
235
-9
-111
-130
-209
-316
-255
-71
41
29
-25
-16
-24
-151
-280
-212
49
303
446
525
670
863
963
941
874
778
623
433
299
266
260
187
90
84
202
339
372
318
246
210
201
207
218
175
63
-90
-236
-297
-303
-266
-245
-230
-190
-132
-39
49
66
-44
-265
-481
-582
-599
-600
-641
-612
-448
-197
54
215
321
428
446
320
44
-305
-624
-890
-1107
-1258
-1277
-1149
-940
-671
-357
-56
141
172
104
21
-76
-236
-434
-578
-564
-441
-314
-204
-57
115
226
282
338
428
453
322
122
-2
-43
-101
-215
-325
-355
-347
-382
-440
-436
-370
-320
-295
-227
-67
115
227
281
357
427
452
387
276
200
150
130
142
221
334
443
494
519
526
471
322
88
-128
-291
-358
-380
-375
-313
-152
112
383
553
604
636
668
668
569
439
391
422
463
442
448
542
657
654
545
460
460
472
381
240
177
241
294
265
184
171
238
234
96
-119
-276
-345
-377
-460
-561
-611
-558
-470
-420
-416
-392
-287
-214
-245
-327
-306
-165
-74
-147
-211
-112
40
65
-69
-176
-211
-272
-443
-665
-784
-759
-663
-604
-578
-506
-338
-158
-21
55
95
98
53
10
-13
29
91
131
93
29
70
222
341
311
222
214
272
290
225
118
17
-74
-142
-187
-207
-223
-251
-287
-311
-288
-204
-91
-48
-67
-90
-72
-17
22
8
-49
-114
-209
-323
-407
-429
-382
-342
-325
-257
-116
16
100
134
135
121
60
-18
-57
-32
-15
-18
2
84
210
322
394
453
534
602
637
620
571
538
544
540
498
460
463
533
609
616
573
592
662
684
607
469
388
383
359
281
217
199
176
91
-37
-120
-163
-241
-378
-516
-558
-506
-419
-369
-346
-291
-205
-134
-114
-157
-233
-347
-506
-642
-676
-589
-502
-481
-471
-424
-379
-385
-400
-381
-377
-459
-581
-621
-529
-392
-273
-157
-19
141
278
372
427
471
463
358
220
137
127
113
80
70
94
112
130
195
304
363
319
228
194
231
254
230
180
164
158
114
82
124
180
137
10
-98
-104
-92
-172
-302
-380
-400
-429
-489
-556
-569
-533
-519
-533
-524
-457
-352
-279
-294
-329
-303
-207
-104
-24
27
82
153
224
299
358
400
415
397
354
345
371
368
328
264
236
295
406
491
512
503
511
567
619
605
538
454
363
260
160
120
118
51
-72
-132
-66
38
59
-1
-31
-11
-31
-117
-157
-88
-35
-114
-256
-280
-142
-16
-49
-187
-255
-227
-215
-276
-331
-303
-260
-296
-397
-453
-395
-324
-353
-472
-565
-538
-435
-357
-317
-248
-112
42
147
218
319
443
459
313
131
44
48
40
-53
-148
-147
-96
-94
-125
-103
-29
37
61
77
148
264
366
440
505
554
556
508
428
337
249
165
75
10
-32
-53
-55
-56
-41
-16
-32
-96
-192
-314
-420
-483
-521
-545
-531
-483
-419
-356
-291
-208
-136
-123
-160
-194
-172
-113
-60
-34
14
94
166
228
283
341
353
317
271
258
285
314
325
345
401
476
562
625
644
601
506
402
320
251
137
-12
-133
-182
-196
-213
-236
-217
-167
-153
-181
-235
-240
-223
-255
-333
-384
-352
-304
-287
-268
-201
-98
-31
-73
-153
-173
-140
-110
-136
-188
-205
-169
-135
-136
-148
-150
-145
-163
-198
-204
-154
-86
-21
38
112
225
341
414
440
441
417
340
211
92
39
21
-33
-94
-88
-26
20
18
10
23
1
-91
-191
-188
-103
-51
-59
-33
100
264
331
302
288
308
266
140
2
-77
-136
-229
-334
-367
-306
-236
-202
-191
-158
-89
-33
-16
-13
3
16
16
12
22
46
35
-5
-26
-34
-47
-55
-44
-11
22
41
76
136
202
237
251
294
354
390
376
329
305
317
323
310
294
271
237
195
179
190
185
118
13
-64
-81
-63
-70
-125
-176
-195
-205
-241
-301
-342
-354
-375
-429
-483
-481
-416
-351
-327
-324
-289
-226
-188
-193
-184
-133
-100
-138
-199
-206
-156
-124
-154
-191
-162
-96
-59
-59
-44
34
120
146
146
196
311
404
407
354
309
300
274
218
158
123
100
53
2
-12
22
56
35
-23
-43
-17
-4
-37
-74
-57
10
72
102
118
158
211
227
186
103
24
-26
-75
-137
-206
-257
-283
-296
-292
-272
-230
-189
-183
-190
-168
-111
-41
31
113
212
292
316
303
297
303
275
191
96
55
56
61
62
92
151
215
264
282
304
327
312
246
169
129
138
152
136
116
129
165
184
173
147
120
80
8
-60
-86
-93
-104
-136
-183
-202
-193
-209
-263
-332
-400
-442
-454
-452
-443
-407
-340
-274
-217
-177
-143
-118
-123
-152
-195
-233
-245
-241
-249
-264
-233
-166
-107
-97
-129
-138
-98
-80
-111
-143
-121
-48
9
48
118
245
353
373
344
349
404
406
300
165
105
82
29
-40
-58
-1
43
24
-9
20
88
110
68
36
54
90
101
71
85
146
185
160
98
73
88
72
-18
-116
-162
-178
-211
-266
-289
-247
-176
-136
-134
-115
-66
-2
20
1
7
51
103
118
116
150
220
280
285
272
284
316
317
259
194
174
190
182
152
152
199
258
265
238
246
286
286
218
135
116
158
179
146
109
117
135
106
34
-24
-58
-112
-208
-302
-333
-336
-358
-406
-453
-458
-439
-423
-427
-438
-431
-396
-358
-316
-266
-208
-156
-127
-108
-93
-87
-107
-150
-201
-230
-231
-236
-242
-244
-224
-183
-149
-109
-55
-13
-1
-2
21
68
90
88
106
171
232
262
274
299
334
330
267
182
132
94
28
-66
-114
-81
-35
-30
-31
15
89
126
97
51
28
13
-18
-51
-56
-24
13
16
18
48
86
97
58
6
-19
-33
-66
-102
-111
-89
-59
-29
-4
34
87
119
108
79
67
85
94
87
112
185
276
355
417
475
518
516
468
403
335
266
191
118
64
45
54
89
129
151
163
180
195
182
150
114
90
74
46
15
10
34
42
18
-19
-42
-59
-129
-243
-346
-422
-484
-557
-639
-680
-663
-630
-611
-582
-502
-380
-286
-242
-206
-146
-81
-63
-87
-109
-106
-105
-137
-171
-172
-167
-176
-198
-203
-156
-104
-80
-61
-19
42
82
91
108
143
173
170
139
139
171
191
176
152
176
215
211
158
123
123
107
35
-43
-47
-9
5
-45
-95
-78
-36
-45
-103
-136
-107
-88
-120
-159
-127
-42
7
0
1
57
142
179
155
131
140
150
121
76
85
132
141
99
60
81
132
137
93
54
74
123
151
172
224
322
414
445
454
478
504
481
388
287
203
138
66
-3
-27
-10
21
33
48
90
150
175
159
134
111
82
29
-33
-70
-82
-84
-78
-69
-47
-31
-43
-78
-123
-172
-236
-319
-406
-480
-532
-564
-583
-557
-486
-399
-314
-252
-192
-142
-120
-132
-164
-203
-243
-283
-318
-320
-291
-246
-209
-173
-98
-4
50
46
15
-5
-8
-30
-73
-106
-101
-74
-47
-9
56
137
201
223
230
254
279
261
198
134
105
86
42
0
-1
24
36
15
-12
-12
-2
-21
-79
-139
-160
-152
-141
-134
-123
-87
-48
-26
5
66
134
176
187
190
202
219
215
194
174
161
135
86
39
18
14
8
-10
-14
18
64
120
189
270
346
399
429
446
452
440
403
349
294
242
196
162
141
142
150
148
150
163
173
160
117
67
16
-16
-52
-97
-124
-136
-131
-120
-107
-91
-77
-92
-130
-164
-187
-199
-228
-275
-321
-348
-353
-339
-324
-316
-316
-320
-314
-307
-303
-313
-325
-341
-349
-345
-335
-304
-267
-239
-219
-191
-147
-88
-36
-8
10
16
14
16
21
20
16
4
-11
-5
29
73
113
134
146
167
197
215
222
210
180
143
107
87
76
71
61
54
64
82
88
71
39
-4
-53
-109
-150
-174
-177
-170
-169
-136
-85
-26
37
86
133
167
174
161
154
152
146
129
93
64
53
46
41
44
50
54
53
41
33
44
68
89
117
155
196
238
268
292
310
320
311
291
270
257
251
239
224
210
205
206
193
163
132
91
41
-21
-85
-132
-165
-195
-213
-209
-181
-143
-123
-111
-95
-83
-85
-108
-142
-172
-190
-208
-227
-236
-235
-225
-217
-217
-208
-190
-177
-192
-232
-271
-287
-284
-287
-295
-288
-261
-231
-197
-151
-88
-36
-19
-22
-17
10
32
28
12
18
30
43
59
77
114
129
126
110
104
119
121
107
86
83
88
78
60
50
54
65
59
39
31
33
41
31
10
-8
-19
-28
-49
-64
-67
-67
-66
-66
-54
-28
2
27
46
59
67
75
91
109
123
124
105
83
67
61
70
81
78
65
44
27
21
19
17
16
28
48
74
106
137
168
189
203
217
226
216
200
188
178
174
171
174
192
209
198
168
134
89
33
-40
-107
-156
-201
-241
-266
-261
-240
-213
-197
-182
-167
-166
-167
-172
-172
-169
-175
-180
-171
-147
-109
-79
-51
-25
-14
-13
-34
-58
-83
-111
-143
-182
-213
-220
-204
-184
-173
-156
-126
-92
-69
-51
-25
6
33
41
53
94
142
176
185
188
202
202
180
142
103
70
36
-13
-54
-65
-57
-50
-53
-55
-45
-24
-17
-27
-30
-25
-16
-15
-33
-44
-31
-9
8
22
43
70
87
78
66
74
84
84
69
45
34
34
35
47
58
71
83
90
104
114
118
116
114
105
97
95
88
90
89
75
62
67
76
76
64
50
50
55
54
54
59
68
73
69
69
81
93
99
82
64
52
40
18
-21
-58
-85
-114
-150
-189
-220
-232
-234
-243
-250
-249
-245
-238
-239
-238
-219
-192
-163
-137
-116
-91
-62
-41
-30
-23
-23
-19
-24
-40
-60
-71
-71
-76
-90
-106
-102
-83
-69
-66
-58
-26
9
27
34
60
105
143
158
167
197
241
267
259
232
221
208
172
114
51
17
-4
-27
-48
-51
-25
2
11
11
16
35
34
3
-29
-49
-49
-51
-61
-55
-23
16
32
28
26
32
33
14
-9
-28
-43
-55
-77
-89
-84
-63
-35
-9
21
53
82
107
122
132
147
146
141
125
107
99
97
95
94
99
95
97
102
99
95
84
64
48
34
11
-6
-16
-23
-32
-39
-31
-10
3
5
2
3
4
-3
-24
-53
-76
-99
-132
-170
-202
-223
-242
-264
-284
-284
-272
-264
-265
-262
-237
-199
-168
-157
-134
-98
-65
-46
-38
-16
9
22
16
7
12
32
28
9
0
-2
8
2
-23
-37
-32
-20
-3
12
41
84
129
158
185
219
248
264
251
231
220
207
181
148
121
104
97
82
71
72
80
81
67
50
37
24
8
-7
-10
-10
-12
-11
-6
6
19
28
36
51
58
51
35
10
-8
-27
-60
-94
-121
-133
-143
-151
-150
-128
-91
-62
-38
-6
29
50
49
40
34
39
45
36
32
40
55
68
71
76
93
108
96
72
49
31
21
0
-26
-36
-32
-26
-28
-23
-7
17
27
15
5
2
-2
-16
-43
-68
-77
-92
-122
-148
-163
-171
-180
-195
-202
-195
-183
-174
-167
-156
-141
-131
-128
-123
-113
-103
-95
-88
-74
-62
-48
-30
-15
0
11
17
18
24
33
36
39
40
48
63
76
87
95
105
111
110
119
127
140
147
142
136
128
120
108
93
83
76
64
56
53
56
69
76
76
82
88
88
82
71
70
72
65
57
58
63
68
61
53
53
48
37
19
-1
-10
-14
-23
-38
-48
-61
-71
-76
-76
-57
-37
-27
-16
-4
9
23
39
37
29
22
14
5
2
-5
-12
-14
-17
-18
-9
0
3
5
-12
-30
-30
-30
-33
-38
-59
-74
-75
-78
-78
-76
-75
-61
-43
-34
-28
-21
-18
-25
-47
-74
-87
-95
-106
-120
-135
-134
-123
-122
-119
-112
-105
-96
-97
-101
-96
-89
-83
-82
-82
-74
-60
-43
-34
-29
-17
-12
-4
2
6
9
16
24
25
28
35
47
64
79
92
109
123
136
145
150
155
153
150
145
134
125
115
102
92
79
73
70
64
62
58
56
55
55
55
60
61
65
69
65
62
55
48
43
38
29
25
13
-3
-19
-34
-42
-52
-57
-66
-72
-75
-74
-77
-73
-62
-49
-26
-11
9
39
55
69
71
66
66
57
42
24
14
6
-4
-11
-9
5
28
39
42
39
35
27
9
-11
-32
-45
-59
-75
-84
-84
-72
-64
-55
-52
-42
-42
-52
-68
-93
-109
-120
-135
-142
-146
-145
-139
-133
-116
-94
-74
-62
-57
-51
-37
-25
-17
-10
-12
-19
-25
-34
-42
-45
-55
-60
-56
-55
-46
-28
-11
10
32
40
46
44
37
36
30
25
26
32
36
38
40
46
69
90
102
107
99
98
91
78
62
46
35
28
26
24
33
46
60
76
86
95
108
113
116
114
110
106
103
100
92
89
76
64
48
31
17
0
-15
-29
-38
-41
-42
-45
-42
-32
-23
-19
-17
-8
3
8
10
9
7
8
-1
-7
-10
-11
-7
-9
-16
-24
-28
-34
-35
-29
-20
-5
-1
7
12
16
23
20
15
8
7
0
-10
-18
-27
-26
-29
-37
-43
-49
-61
-70
-82
-93
-97
-102
-104
-114
-126
-133
-136
-134
-127
-125
-120
-113
-104
-82
-72
-57
-39
-27
-24
-28
-28
-31
-29
-37
-47
-52
-45
-36
-33
-24
-19
-4
9
15
24
27
23
19
14
19
36
50
57
62
68
75
85
87
84
89
88
82
72
65
72
80
78
79
88
105
114
111
103
106
116
115
110
108
110
112
103
88
79
72
57
34
17
12
7
0
-13
-17
-8
0
4
1
0
2
2
-2
-8
-17
-22
-32
-46
-51
-54
-53
-53
-51
-49
-48
-41
-36
-31
-25
-22
-19
-15
-17
-15
-18
-21
-25
-32
-33
-38
-42
-38
-36
-29
-16
-11
-6
-5
-9
-13
-22
-36
-47
-50
-49
-49
-46
-42
-38
-33
-37
-42
-40
-41
-42
-48
-52
-53
-54
-57
-57
-47
-39
-34
-26
-26
-26
-20
-25
-27
-29
-30
-25
-24
-25
-22
-14
-9
-1
8
18
23
25
29
30
27
26
28
28
28
28
28
26
25
27
24
24
22
30
40
43
45
48
53
52
56
53
55
51
48
43
39
44
43
43
44
51
57
62
62
58
50
39
30
18
12
2
-6
-9
-11
-9
-7
-8
-5
5
11
17
12
7
5
-1
-4
-11
-14
-17
-21
-22
-17
-13
-10
-10
-8
-9
-8
-7
-8
-10
-19
-22
-30
-34
-29
-31
-25
-21
-17
-10
-5
-8
-16
-22
-32
-37
-42
-48
-45
-45
-41
-28
-18
-7
2
9
15
18
13
5
-3
-13
-20
-27
-32
-30
-28
-22
-17
-12
-6
-2
1
10
11
10
11
10
15
15
12
15
16
16
15
8
2
2
-2
-2
2
4
15
18
17
20
26
27
30
26
16
7
-9
-17
-18
-18
-14
-13
-13
-1
11
22
31
28
19
11
1
-7
-17
-28
-31
-34
-40
-42
-33
-22
-14
-8
-10
-5
1
1
2
0
-3
0
3
5
13
17
21
23
25
32
33
33
28
22
18
7
1
-1
-6
-5
-3
-3
9
19
25
31
29
29
34
30
24
22
16
13
16
11
6
6
-3
-8
-9
-18
-21
-22
-33
-37
-41
-43
-40
-34
-32
-26
-17
-14
-11
-12
-16
-12
-8
-7
-6
-8
-15
-16
-14
-12
-11
-6
-6
-3
1
6
11
17
17
17
19
16
20
23
21
26
27
29
40
41
42
47
43
43
39
28
19
7
-3
-8
-8
-8
-11
-12
-18
-13
-12
-13
-10
-11
-10
-11
-12
-9
-1
3
6
3
-2
-3
-9
-20
-33
-46
-58
-58
-58
-52
-36
-28
-18
-15
-16
-13
-7
-10
-18
-27
-31
-30
-27
-24
-17
-12
-5
4
11
23
25
23
20
18
22
20
13
8
3
4
5
4
5
4
1
4
11
20
25
28
23
19
20
13
13
14
12
12
14
14
20
22
18
17
13
7
3
1
0
-2
-6
-10
-10
-7
-5
-8
-6
-8
-7
-4
-5
-2
0
-4
-4
-2
-3
-1
-2
-10
-11
-12
-17
-5
-1
-3
-1
-2
-1
1
2
7
15
17
15
19
26
31
31
28
30
29
29
29
28
28
23
17
9
1
0
-5
-9
-11
-9
-4
1
3
10
16
20
16
11
4
0
-3
-13
-22
-33
-40
-43
-49
-47
-42
-40
-39
-42
-47
-46
-42
-39
-36
-33
-30
-21
-17
-11
-4
-1
3
8
9
11
16
13
7
2
-4
-9
-16
-22
-23
-17
-16
-7
5
12
20
27
28
32
37
32
29
23
19
17
11
4
2
-3
-4
-8
-13
-15
-15
-19
-24
-23
-24
-26
-21
-20
-16
-13
-12
-4
0
5
13
19
23
28
30
31
36
38
40
40
33
33
32
27
24
20
16
11
7
5
12
16
18
24
28
31
35
35
36
39
36
30
23
15
11
6
3
-1
-1
-10
-21
-23
-27
-30
-36
-40
-45
-45
-45
-50
-41
-35
-29
-26
-22
-17
-9
0
1
7
5
6
3
-3
-5
-15
-18
-21
-20
-18
-16
-9
-2
7
17
21
22
21
19
19
18
9
1
-5
-8
-6
-8
-4
0
1
-2
-11
-19
-24
-25
-33
-42
-43
-44
-39
-35
-35
-30
-22
-22
-22
-18
-15
-10
-12
-17
-17
-16
-14
-13
-10
-10
-9
-2
-3
-1
2
-4
-5
-3
1
9
19
25
30
37
38
43
45
40
37
30
28
23
21
27
29
32
30
29
27
28
33
36
39
39
39
39
40
42
45
48
45
41
32
22
19
18
13
8
4
-1
1
1
4
7
6
6
6
8
5
-2
-10
-16
-19
-24
-22
-22
-21
-19
-26
-26
-24
-22
-22
-29
-34
-35
-41
-43
-43
-42
-39
-42
-50
-51
-47
-44
-40
-39
-35
-26
-15
-10
-2
4
11
10
10
9
4
-1
-8
-12
-10
-10
-6
0
3
9
13
16
14
17
15
10
11
5
8
4
0
-4
-6
-3
-3
-3
-8
-6
-7
-5
-2
-6
-5
-7
-10
-11
-18
-15
-12
-16
-16
-20
-16
-13
-12
-8
-5
1
1
-1
-1
2
1
0
2
1
9
13
13
19
18
22
23
22
23
27
30
25
22
23
23
27
27
28
32
33
35
35
36
36
31
25
18
17
19
20
21
22
26
33
36
36
37
33
27
18
14
11
5
1
-6
-14
-17
-19
-22
-21
-19
-18
-18
-15
-15
-13
-14
-19
-18
-22
-25
-25
-28
-27
-26
-25
-28
-28
-29
-34
-35
-37
-38
-34
-35
-35
-31
-25
-17
-9
-6
-5
-3
-3
-3
-1
1
0
-1
-5
-5
-7
-5
-4
-3
0
-3
-2
-4
-2
4
4
4
1
-3
-7
-8
-10
-11
-14
-17
-19
-22
-23
-21
-22
-21
-20
-17
-15
-15
-10
-5
-4
1
4
8
6
4
7
10
13
13
11
10
10
13
17
23
26
29
32
33
38
45
48
51
46
41
40
39
43
41
38
36
32
31
29
31
31
29
28
26
23
19
13
3
-6
-10
-19
-24
-27
-27
-26
-29
-28
-29
-25
-22
-25
-23
-23
-20
-18
-18
-16
-14
-12
-11
-10
-10
-9
-10
-10
-8
-6
-2
2
5
5
5
2
4
5
4
5
4
8
9
11
16
20
22
20
17
11
6
4
-1
-5
-8
-13
-14
-16
-17
-16
-11
-9
-7
-3
-5
-9
-10
-16
-15
-15
-20
-21
-25
-22
-22
-20
-18
-22
-22
-24
-24
-23
-25
-25
-27
-28
-30
-30
-27
-22
-17
-20
-19
-16
-14
-6
-3
1
6
8
8
10
13
16
16
13
13
9
7
8
13
21
28
30
34
41
40
47
44
40
40
34
29
27
23
22
20
18
19
19
20
21
23
24
22
25
24
22
20
16
11
6
2
-5
-9
-9
-11
-8
-12
-13
-12
-9
-6
-7
-6
-3
-6
-3
-6
-4
-1
-3
-4
-8
-7
-2
-1
1
2
3
6
4
3
-1
-2
-6
-8
-8
-12
-5
-7
-5
-2
-2
6
8
9
11
7
7
6
4
0
-4
-9
-16
-14
-12
-14
-13
-18
-22
-25
-30
-33
-35
-34
-34
-33
-33
-27
-21
-18
-18
-22
-18
-19
-21
-27
-31
-32
-36
-31
-32
-31
-23
-22
-15
-6
-4
3
8
8
10
7
7
8
7
5
3
6
9
14
21
23
29
33
33
36
37
40
41
42
40
39
34
30
27
26
19
16
12
12
13
11
11
12
14
13
10
7
7
5
2
1
-2
2
4
3
1
0
0
-1
-2
-4
-5
-6
-5
-6
-6
-6
-8
-6
-7
-5
-4
-8
-6
-3
-3
1
1
2
1
-1
0
1
2
4
6
10
11
12
13
11
12
11
14
14
14
12
9
8
11
10
10
7
-1
-3
-6
-12
-14
-13
-9
-7
-7
-9
-9
-8
-11
-14
-16
-19
-22
-25
-31
-32
-29
-27
-24
-24
-24
-20
-19
-23
-23
-26
-31
-35
-38
-37
-34
-33
-31
-25
-21
-16
-10
-5
-5
-4
-8
-9
-11
-10
-10
-11
-8
-1
9
17
22
29
30
31
28
26
25
22
20
20
18
21
24
25
23
23
24
24
22
18
17
13
10
6
4
5
2
2
-1
-3
0
2
3
4
2
8
9
9
9
7
10
6
8
11
13
16
16
12
9
9
10
9
7
9
12
18
21
23
24
23
23
22
21
18
16
16
15
14
11
17
18
16
15
11
9
7
5
4
-1
-5
-5
-2
-1
-2
-1
-2
-5
-10
-13
-21
-25
-31
-36
-39
-41
-35
-36
-36
-34
-33
-27
-27
-29
-34
-41
-47
-47
-48
-49
-50
-47
-44
-42
-38
-35
-30
-26
-28
-28
-29
-28
-25
-23
-23
-22
-16
-12
-9
-7
-1
3
7
7
10
9
10
17
22
29
31
30
31
29
26
25
25
24
26
25
26
26
28
27
24
23
26
26
26
24
21
20
19
20
20
19
17
17
15
15
14
9
9
7
7
8
4
3
2
7
7
7
11
12
13
12
14
16
20
19
22
21
22
25
25
25
24
25
23
21
19
17
15
11
7
5
2
