SAMPLES:	20752
BITSPERSAMPLE:	16
CHANNELS:	1
SAMPLERATE:	16000
NORMALIZED:	FALSE
0
1
0
0
0
0
-1
0
0
1
0
0
0
0
0
-1
0
0
0
0
0
0
-1
0
0
-1
0
0
0
-1
0
0
0
0
-1
0
0
0
0
0
0
0
0
0
0
0
0
0
0
0
-1
0
0
0
-1
0
-1
0
-1
0
0
0
0
1
0
0
0
0
-1
1
0
0
0
0
0
1
0
0
0
0
0
0
1
0
0
0
0
-1
0
-1
0
0
0
0
0
0
0
0
0
0
0
0
0
0
0
0
0
1
0
1
1
0
1
0
0
0
0
0
1
0
1
0
0
0
1
0
0
-1
0
0
1
0
-1
0
0
0
0
-1
-1
1
0
0
1
0
0
1
0
0
0
-1
1
0
0
0
0
0
0
-1
0
0
0
0
0
0
0
0
0
0
0
0
0
0
0
0
0
0
0
0
-1
0
-1
0
-1
0
0
0
0
0
-1
0
-1
1
0
0
0
0
0
0
0
0
1
0
0
0
1
1
1
1
0
1
2
1
2
2
1
1
1
2
2
3
1
1
0
1
0
1
1
0
0
-1
0
1
1
1
-1
0
0
0
0
0
-1
-1
-1
-1
-1
0
-1
0
-1
0
-1
-1
-1
0
0
0
0
0
0
0
0
1
0
2
2
2
2
2
2
1
2
2
3
2
2
1
2
2
2
1
1
1
1
1
1
0
-1
0
2
1
1
-1
-1
0
2
3
1
1
1
1
2
3
3
2
1
2
3
5
4
3
2
4
3
5
2
2
1
1
1
0
-1
-5
-6
-4
-3
-3
-7
-15
-21
-18
-10
-6
-14
-27
-35
-31
-19
-10
-15
-27
-37
-38
-28
-13
-8
-17
-32
-33
-22
-7
-1
-4
-11
-13
-7
3
11
12
8
7
13
19
23
23
21
22
25
29
27
23
20
23
26
25
19
11
8
5
6
4
-1
-10
-17
-23
-22
-22
-27
-37
-45
-43
-39
-38
-43
-50
-57
-54
-45
-38
-42
-49
-51
-44
-35
-29
-29
-31
-30
-22
-14
-14
-17
-17
-12
0
5
-3
-15
-17
-5
9
11
1
-16
-23
-17
-3
5
-5
-25
-30
-26
-16
-14
-19
-29
-42
-36
-27
-14
-27
-31
-40
-21
-12
-7
-6
-8
4
17
54
69
63
43
45
91
184
243
216
121
69
156
333
436
385
231
137
190
341
491
506
373
183
115
247
448
495
337
124
34
97
217
266
176
9
-122
-139
-71
-21
-70
-194
-310
-358
-326
-292
-315
-409
-482
-480
-455
-463
-506
-520
-500
-484
-477
-471
-469
-462
-435
-351
-279
-250
-312
-319
-258
-50
144
95
-50
-187
-43
271
534
490
207
22
124
416
645
709
497
187
81
318
657
685
437
139
27
163
360
427
225
-34
-138
-72
27
39
-73
-244
-355
-332
-231
-230
-331
-459
-481
-411
-370
-396
-482
-507
-482
-382
-390
-398
-404
-412
-341
-298
-173
-194
-223
-237
-113
10
53
113
127
147
88
147
343
578
673
511
265
254
560
948
1013
805
517
394
516
839
1102
1027
676
300
254
565
915
864
433
60
15
175
333
315
141
-166
-378
-359
-226
-152
-275
-502
-675
-702
-604
-554
-601
-691
-773
-782
-741
-703
-713
-694
-677
-670
-668
-621
-539
-528
-479
-374
-296
-299
-290
-260
-116
-46
211
311
116
3
7
398
714
811
505
194
242
605
855
875
758
434
250
313
720
918
619
246
-2
120
361
448
271
-118
-287
-243
-154
-153
-232
-412
-587
-658
-576
-480
-567
-686
-772
-748
-662
-655
-670
-690
-657
-609
-578
-565
-510
-439
-358
-341
-332
-245
-184
-130
-51
30
72
98
153
301
305
310
472
515
509
562
747
880
725
587
660
900
1174
1118
782
637
769
1007
1047
1017
984
706
426
527
850
969
644
189
40
152
349
345
77
-184
-353
-385
-286
-220
-270
-562
-772
-727
-610
-536
-595
-774
-907
-854
-675
-594
-718
-802
-762
-710
-612
-562
-523
-549
-611
-512
-337
-235
-261
-373
-347
-150
-41
280
129
-7
-56
-26
404
583
628
285
20
161
541
676
626
405
195
156
231
599
542
191
-15
-124
25
108
138
-95
-477
-480
-315
-251
-370
-512
-616
-671
-646
-480
-469
-671
-771
-707
-543
-497
-500
-487
-590
-559
-393
-234
-188
-181
-203
-148
-23
158
290
191
198
276
423
597
593
615
558
589
725
735
790
842
910
1040
939
722
691
815
1146
1340
1101
717
436
571
1008
1201
1120
668
248
178
432
846
896
396
-156
-349
-89
268
259
-84
-556
-776
-640
-410
-295
-467
-851
-1054
-939
-696
-603
-751
-912
-944
-909
-789
-706
-725
-795
-811
-696
-627
-634
-614
-597
-529
-467
-378
-377
-387
-417
-249
-191
90
72
-132
-85
-93
375
454
457
234
78
245
559
700
530
335
193
342
410
623
555
175
33
56
352
365
137
-85
-302
-235
-86
-35
-227
-480
-639
-536
-430
-359
-446
-719
-776
-709
-498
-420
-540
-620
-674
-581
-411
-300
-333
-347
-331
-168
-81
-23
127
121
164
199
344
477
521
534
577
592
668
736
712
668
681
1018
1346
1146
631
332
684
1464
1783
1345
558
203
556
1155
1560
1477
866
168
-84
510
1423
1476
597
-346
-500
119
642
628
89
-547
-817
-697
-279
-4
-231
-761
-1170
-1052
-645
-463
-625
-930
-1086
-1022
-916
-770
-797
-876
-904
-978
-955
-927
-754
-639
-731
-852
-839
-717
-600
-613
-351
-388
-221
-174
-492
-358
-70
352
360
154
-86
-93
96
567
714
403
121
0
261
425
601
600
89
-181
-41
343
406
118
-132
-355
-352
-150
-3
-217
-465
-598
-553
-420
-390
-383
-546
-711
-622
-447
-327
-427
-522
-445
-373
-291
-191
-183
-89
-36
64
127
195
256
380
448
453
541
554
768
654
714
813
756
765
786
994
1215
1412
1087
704
612
1182
1789
1731
1240
592
601
1004
1529
1694
1310
764
341
397
898
1393
1179
266
-353
-205
346
497
231
-286
-711
-815
-663
-335
-308
-617
-1118
-1322
-1095
-780
-720
-991
-1268
-1298
-1189
-1093
-1031
-1001
-1081
-1218
-1297
-1136
-951
-869
-873
-982
-1026
-952
-799
-623
-593
-448
-298
-366
-459
-441
-114
270
455
266
-122
-235
238
783
885
541
126
7
221
750
1021
676
102
-161
97
516
691
407
-167
-470
-222
138
190
-102
-434
-581
-553
-265
-114
-298
-612
-735
-559
-355
-296
-406
-567
-563
-405
-250
-181
-214
-288
-221
-5
157
198
94
149
307
417
489
530
577
615
700
768
772
698
776
920
1088
1531
1310
678
454
798
1759
2062
1596
706
236
725
1611
2014
1641
877
189
203
801
1681
1692
488
-522
-517
357
981
650
-149
-873
-878
-455
-123
-120
-486
-1126
-1438
-1095
-628
-520
-1031
-1449
-1440
-1242
-1002
-1020
-1172
-1296
-1400
-1285
-1191
-1154
-1055
-1124
-1210
-1153
-999
-907
-906
-935
-670
-732
-432
-277
-444
-276
-431
16
279
419
269
-6
72
451
737
678
527
288
432
438
645
842
592
379
133
260
517
443
314
-65
-153
-53
-27
-80
-242
-403
-392
-344
-391
-375
-508
-490
-508
-482
-349
-474
-500
-447
-394
-285
-288
-251
-221
-170
-66
53
178
269
282
261
298
420
620
709
648
624
697
668
691
845
1136
1221
1216
1005
780
891
1208
1742
1789
1357
798
697
1143
1731
1894
1450
756
462
825
1303
1548
1242
458
-85
20
559
854
454
-218
-759
-771
-362
-99
-277
-833
-1298
-1275
-1015
-761
-775
-1169
-1564
-1604
-1303
-1076
-1178
-1368
-1528
-1612
-1472
-1287
-1233
-1290
-1428
-1425
-1340
-1209
-1061
-1098
-1106
-1022
-958
-685
-529
-508
-385
-432
-273
-27
206
291
241
299
358
395
574
786
796
717
516
628
789
788
813
673
558
419
376
446
415
296
106
-86
-102
-5
-58
-154
-329
-393
-340
-332
-318
-405
-410
-442
-503
-397
-266
-244
-373
-390
-282
-65
51
10
42
62
257
355
430
475
459
539
595
778
827
791
644
585
774
1061
1260
1329
972
481
586
1109
1801
1789
1127
458
428
1089
1713
1761
1278
591
276
617
1170
1516
1132
294
-268
-111
514
756
325
-359
-794
-676
-362
-210
-388
-828
-1223
-1238
-964
-786
-901
-1235
-1451
-1439
-1210
-1085
-1228
-1369
-1450
-1374
-1286
-1279
-1281
-1332
-1293
-1201
-1189
-1181
-1155
-1059
-871
-822
-763
-654
-583
-419
-372
-243
-18
74
153
86
176
409
519
525
512
539
639
693
665
684
649
659
611
553
612
536
371
190
186
352
249
-25
-243
-268
-153
-115
-200
-358
-511
-523
-429
-368
-347
-413
-571
-567
-391
-197
-182
-342
-287
-167
30
176
159
157
183
371
526
550
502
570
661
795
905
821
788
604
845
1178
1436
1496
738
413
615
1466
2086
1725
874
268
564
1396
2074
1790
1090
361
271
879
1498
1729
966
-112
-351
214
929
806
24
-569
-769
-526
-259
-231
-467
-998
-1431
-1286
-889
-708
-1025
-1543
-1610
-1392
-1228
-1203
-1389
-1478
-1507
-1512
-1380
-1359
-1340
-1356
-1442
-1328
-1247
-1207
-1193
-1184
-1021
-915
-869
-887
-607
-431
-327
-439
-417
-70
120
387
241
186
158
336
620
779
789
622
467
479
865
1095
943
541
395
577
598
627
585
378
126
-136
36
179
129
-63
-332
-401
-321
-180
-130
-337
-514
-505
-444
-299
-230
-239
-322
-445
-275
9
133
124
0
87
266
415
507
509
483
514
610
756
867
740
576
571
968
1300
1508
1040
478
529
1056
1905
1952
1324
497
402
1000
1820
1986
1463
715
279
637
1218
1671
1359
364
-255
-71
617
834
295
-337
-723
-673
-486
-313
-422
-787
-1281
-1401
-1153
-911
-888
-1291
-1585
-1545
-1371
-1254
-1301
-1346
-1406
-1511
-1418
-1293
-1241
-1222
-1266
-1282
-1241
-1122
-1006
-1011
-1002
-911
-843
-759
-662
-379
-262
-390
-380
-185
91
254
348
273
198
200
473
723
799
722
437
388
581
946
1036
649
354
322
426
535
537
425
100
-180
-141
30
107
-26
-344
-511
-461
-296
-189
-284
-453
-607
-557
-364
-218
-218
-295
-375
-360
-132
78
167
46
2
184
385
494
476
460
479
567
789
923
815
688
568
854
1190
1468
1453
779
500
753
1541
2057
1690
901
458
715
1405
1993
1823
1191
465
406
968
1517
1657
933
-15
-178
324
833
648
13
-460
-722
-603
-336
-253
-520
-1097
-1421
-1264
-998
-843
-1066
-1481
-1650
-1492
-1280
-1264
-1384
-1439
-1534
-1601
-1435
-1330
-1281
-1330
-1428
-1406
-1313
-1162
-1104
-1142
-1070
-1005
-918
-909
-661
-246
-292
-491
-545
-245
165
500
462
203
-81
58
657
1007
1021
565
221
298
791
1312
1188
597
188
293
656
906
811
408
-38
-211
121
427
359
-13
-436
-445
-297
-27
34
-273
-543
-666
-440
-162
-95
-230
-446
-544
-335
-7
157
84
-173
-91
123
339
481
426
378
266
421
711
855
684
444
615
969
1352
1421
908
495
645
1372
2010
1777
1072
549
696
1352
1975
1921
1325
617
517
1050
1634
1785
1078
195
-62
442
958
809
160
-457
-686
-490
-210
-186
-599
-1129
-1424
-1258
-969
-902
-1145
-1595
-1753
-1581
-1318
-1294
-1476
-1635
-1699
-1693
-1540
-1341
-1309
-1446
-1586
-1535
-1367
-1125
-1143
-916
-994
-1262
-1120
-950
-337
60
-166
-675
-838
-297
540
869
666
143
-206
69
737
1428
1439
581
-14
117
979
1691
1394
630
-68
165
789
1085
968
334
-240
-339
42
457
391
-138
-736
-778
-390
-9
-51
-461
-721
-808
-593
-302
-161
-198
-558
-705
-457
-58
218
99
-118
-143
20
389
578
484
403
356
450
731
829
728
582
645
1098
1520
1249
662
520
1059
1856
1927
1421
700
639
1209
1817
2002
1614
998
596
801
1432
1927
1475
485
-88
226
951
1038
419
-330
-741
-518
-238
-125
-363
-901
-1292
-1435
-1057
-734
-938
-1421
-1741
-1611
-1347
-1236
-1323
-1481
-1614
-1649
-1553
-1407
-1253
-1205
-1389
-1500
-1423
-1179
-971
-1065
-1025
-943
-955
-928
-780
-308
-214
-261
-397
-305
-7
240
542
492
417
226
353
618
996
1083
773
437
386
865
1199
1112
682
333
323
503
698
598
269
-99
-311
-120
36
16
-267
-624
-742
-583
-372
-377
-600
-756
-842
-809
-623
-454
-404
-642
-759
-635
-258
-26
-19
-110
-199
-25
223
617
614
513
398
436
868
1014
946
868
900
1317
1611
1225
958
926
1518
2100
1893
1362
895
1062
1630
2027
1978
1548
911
812
1126
1679
1927
1240
333
-8
484
1069
865
220
-347
-675
-574
-363
-196
-454
-1079
-1508
-1469
-1106
-887
-1060
-1542
-1897
-1789
-1467
-1336
-1362
-1544
-1767
-1898
-1774
-1392
-1172
-1263
-1510
-1675
-1521
-1117
-884
-815
-1051
-907
-893
-961
-603
-204
124
-44
-318
-459
-142
382
998
912
289
-164
102
893
1314
1317
791
75
88
830
1527
1386
537
-38
-88
458
998
912
127
-614
-644
-12
377
101
-492
-1001
-972
-590
-195
-231
-744
-1149
-1113
-734
-313
-339
-620
-836
-858
-444
-79
133
-46
-298
-162
163
503
744
722
518
444
619
1122
1183
1103
1093
1222
1596
1396
1185
1235
1527
2113
2112
1567
1039
1057
1681
2245
2112
1631
989
745
1140
1647
2009
1422
343
-157
216
991
1047
237
-550
-890
-711
-415
-389
-620
-1180
-1680
-1693
-1344
-1028
-1180
-1663
-2000
-1922
-1573
-1371
-1489
-1644
-1746
-1786
-1709
-1552
-1233
-1131
-1341
-1478
-1467
-1101
-829
-778
-775
-891
-916
-772
-551
-276
147
52
-258
-406
-155
529
956
955
462
-53
102
885
1510
1371
628
173
287
773
1365
1389
677
-102
-148
511
1020
839
168
-545
-619
-107
362
221
-496
-1051
-970
-524
-260
-306
-697
-1117
-1193
-804
-317
-312
-660
-995
-882
-516
-170
-61
-180
-244
-256
81
345
527
575
605
626
586
749
879
1259
1322
1346
1473
1093
1040
1279
1896
2373
1935
1342
1022
1262
1897
2425
2208
1501
818
895
1469
1798
1880
1213
347
3
385
1036
905
53
-636
-870
-558
-298
-429
-880
-1448
-1651
-1504
-1274
-1164
-1400
-1852
-2020
-1839
-1570
-1469
-1566
-1656
-1764
-1781
-1586
-1426
-1320
-1311
-1266
-1296
-1381
-1168
-868
-675
-739
-833
-608
-640
-515
-270
203
324
38
-117
-168
383
912
1268
809
140
53
714
1374
1394
1079
522
206
417
1166
1619
1018
114
-180
215
811
911
451
-396
-798
-419
220
217
-383
-955
-1163
-882
-495
-272
-545
-1165
-1413
-1055
-550
-383
-674
-994
-1014
-835
-489
-221
-200
-341
-447
-230
61
331
462
523
510
431
544
820
1173
1260
1376
1495
1107
926
1247
1998
2451
2034
1422
1116
1420
1998
2509
2365
1696
1069
1112
1630
2014
2102
1481
619
191
586
1238
1136
286
-440
-665
-420
-203
-289
-673
-1279
-1609
-1548
-1252
-1065
-1327
-1789
-2027
-1907
-1645
-1517
-1575
-1764
-1897
-1936
-1778
-1609
-1447
-1350
-1461
-1564
-1524
-1253
-992
-909
-821
-858
-815
-685
-548
-232
-248
-20
372
232
-1
-95
377
1049
1286
885
246
115
740
1447
1538
1133
502
366
573
1123
1596
1115
238
-250
141
831
856
264
-491
-753
-376
32
-42
-554
-1022
-1152
-944
-633
-440
-723
-1264
-1440
-1098
-598
-537
-816
-1044
-980
-751
-487
-276
-243
-212
-245
-141
74
334
647
688
591
471
560
995
1381
1491
1600
1250
928
1188
1701
2502
2476
1806
1220
1239
1937
2587
2651
2131
1406
1062
1481
1974
2254
1863
963
323
367
986
1281
701
-180
-740
-671
-289
-245
-554
-1132
-1602
-1679
-1506
-1316
-1344
-1668
-2074
-2205
-1998
-1731
-1710
-1841
-1946
-2124
-2098
-1821
-1562
-1455
-1570
-1631
-1615
-1471
-1143
-861
-839
-921
-946
-740
-292
-294
-203
-92
87
395
260
245
343
693
1169
1159
778
514
651
1214
1509
1307
1065
724
614
909
1269
1347
711
145
159
433
695
446
-61
-447
-524
-249
-109
-430
-811
-987
-1014
-900
-755
-727
-953
-1331
-1299
-931
-734
-689
-936
-940
-828
-736
-494
-361
-204
-217
-232
-141
110
383
619
627
494
491
617
1172
1486
1464
1521
1108
1066
1381
2003
2641
2179
1542
1246
1535
2219
2653
2502
1867
1185
1253
1771
2094
2136
1537
723
296
540
1208
1185
331
-435
-740
-475
-247
-365
-754
-1328
-1654
-1642
-1469
-1295
-1413
-1860
-2215
-2228
-1911
-1642
-1691
-1892
-2131
-2225
-2012
-1690
-1463
-1476
-1669
-1787
-1708
-1317
-896
-819
-1025
-1079
-966
-428
-189
-137
-107
-208
151
345
534
543
635
822
978
887
887
1004
1190
1315
1082
1125
1161
1089
1017
1028
1065
885
573
531
540
490
308
11
-186
-198
-173
-267
-595
-830
-763
-772
-912
-1016
-976
-971
-1122
-1202
-1078
-966
-972
-1024
-923
-838
-806
-792
-598
-370
-275
-231
-273
-75
77
418
615
526
425
496
1039
1379
1498
1490
1135
1065
1415
2054
2574
2233
1595
1347
1698
2313
2757
2516
1918
1395
1497
2023
2203
2120
1524
882
641
815
1208
1076
337
-324
-566
-367
-229
-440
-881
-1358
-1573
-1541
-1490
-1479
-1612
-1908
-2113
-2151
-2035
-1898
-1881
-1921
-2070
-2224
-2160
-1932
-1627
-1514
-1662
-1797
-1787
-1491
-1053
-852
-924
-1060
-946
-597
-277
-113
-53
-59
115
454
495
524
563
880
1162
1113
1003
870
1077
1299
1428
1365
1187
989
951
1105
1211
1163
801
440
380
492
558
292
-94
-304
-334
-278
-458
-665
-781
-833
-956
-1074
-1012
-947
-1015
-1178
-1216
-1155
-1040
-952
-851
-823
-910
-920
-735
-429
-220
-232
-277
-232
7
355
579
578
415
404
703
1259
1477
1569
1144
797
1132
1846
2591
2374
1641
1161
1471
2212
2813
2683
2019
1437
1378
1919
2302
2266
1772
1003
624
843
1265
1251
520
-148
-435
-348
-223
-356
-722
-1172
-1433
-1548
-1508
-1535
-1581
-1738
-2017
-2156
-2166
-2038
-1941
-1932
-1941
-2141
-2300
-2175
-1814
-1483
-1517
-1769
-1950
-1757
-1315
-917
-834
-1006
-1115
-1075
-596
-230
200
175
-204
-93
118
640
1002
1085
938
658
609
1050
1479
1618
1405
1039
993
1041
1386
1621
1275
914
718
746
857
823
741
316
-169
-169
117
123
-290
-793
-818
-694
-667
-715
-942
-1114
-1183
-1055
-910
-977
-1081
-1143
-1075
-845
-766
-728
-841
-730
-512
-302
-194
-209
-163
-45
336
421
455
343
495
854
1138
1455
1299
801
790
1431
2261
2506
1862
1283
1210
1785
2638
2924
2317
1518
1303
1804
2292
2483
2184
1328
651
718
1372
1614
936
20
-407
-347
-83
-113
-487
-1081
-1459
-1489
-1451
-1398
-1516
-1763
-2059
-2175
-2083
-1944
-1928
-1987
-2072
-2156
-2192
-2151
-1967
-1731
-1623
-1759
-1968
-1859
-1453
-1145
-1032
-1076
-1108
-1032
-731
-404
-231
-139
7
210
208
219
453
825
1186
1150
887
716
905
1432
1714
1567
1257
1058
1010
1214
1524
1589
1050
460
451
763
915
636
99
-300
-374
-103
25
-360
-843
-1030
-895
-792
-764
-832
-1060
-1319
-1256
-923
-758
-881
-1057
-976
-828
-731
-642
-552
-371
-357
-341
-236
-28
229
342
392
378
419
489
974
1304
1465
1357
846
914
1342
2159
2588
2072
1369
1146
1664
2458
2832
2518
1841
1288
1489
2094
2459
2325
1566
790
606
1033
1532
1235
339
-344
-521
-271
-163
-385
-854
-1404
-1652
-1612
-1521
-1527
-1724
-2039
-2317
-2311
-2113
-2025
-2056
-2144
-2270
-2379
-2332
-2082
-1775
-1693
-1854
-2029
-1956
-1621
-1239
-1047
-1112
-1195
-1076
-847
-499
-259
-36
160
-130
90
413
591
934
1036
1114
938
876
1177
1529
1559
1468
1353
1317
1220
1278
1694
1462
979
795
834
1018
848
637
296
-119
-33
163
91
-374
-775
-783
-651
-642
-688
-822
-1111
-1246
-1083
-830
-792
-1014
-1092
-1026
-849
-676
-715
-651
-566
-470
-402
-245
-61
-38
70
267
390
370
393
476
843
1108
1351
1429
771
622
1228
2188
2505
1833
1190
1082
1527
2343
2846
2341
1574
1062
1376
2051
2378
2330
1408
476
486
1201
1699
1099
125
-322
-360
-214
-113
-295
-812
-1332
-1625
-1478
-1282
-1303
-1581
-2094
-2226
-2131
-1982
-1832
-1932
-2071
-2239
-2391
-2216
-1911
-1645
-1609
-1928
-2129
-1887
-1412
-1085
-1091
-1236
-1193
-1131
-797
-421
-183
-8
-186
-156
31
302
756
996
981
848
602
807
1274
1552
1569
1224
1024
987
1128
1546
1612
1208
723
486
811
1036
923
579
-11
-236
15
254
124
-417
-777
-755
-644
-478
-508
-711
-1043
-1190
-927
-625
-616
-787
-932
-900
-738
-601
-360
-345
-334
-395
-326
-116
114
337
352
356
289
457
530
719
1025
1187
1286
1096
738
881
1472
2082
2208
1628
1065
1024
1619
2365
2593
2013
1280
974
1432
2042
2196
1923
1056
360
512
1167
1459
826
-126
-521
-467
-265
-195
-477
-998
-1489
-1693
-1474
-1324
-1322
-1542
-2102
-2287
-2129
-1818
-1635
-1827
-2036
-2226
-2296
-1997
-1638
-1466
-1595
-1972
-2002
-1654
-1227
-920
-1056
-1268
-1203
-996
-653
-348
-195
25
-266
-283
90
467
886
796
754
609
633
1035
1445
1446
1242
982
986
1191
1313
1569
1372
833
588
784
1156
983
543
264
23
69
223
238
-143
-638
-773
-439
-274
-459
-726
-915
-885
-842
-617
-532
-718
-815
-777
-593
-470
-493
-425
-293
-250
-202
-104
6
140
250
419
521
399
422
509
705
993
1023
1167
1153
670
740
1217
1780
2020
1471
1018
888
1275
2000
2288
1884
1248
866
1197
1671
1907
1858
1108
374
309
848
1243
803
22
-417
-543
-396
-257
-373
-747
-1315
-1624
-1476
-1256
-1091
-1352
-1896
-2118
-2009
-1604
-1463
-1687
-1911
-2101
-2092
-1838
-1523
-1346
-1510
-1888
-1928
-1583
-1107
-883
-1089
-1243
-1147
-973
-625
-413
-239
-101
-177
-144
-7
291
604
785
858
719
494
652
1041
1417
1448
1043
769
770
1089
1519
1528
1019
475
456
844
1017
870
523
44
-174
9
328
289
-258
-667
-624
-390
-238
-306
-518
-806
-949
-725
-402
-340
-555
-790
-790
-545
-308
-157
-179
-345
-340
-181
103
302
297
347
302
302
410
532
744
901
901
1017
1029
671
718
1126
1756
1923
1325
878
817
1340
1962
2149
1785
1111
785
1141
1669
1947
1743
905
222
287
930
1297
715
-106
-539
-604
-339
-169
-310
-820
-1476
-1654
-1354
-1047
-1021
-1495
-2048
-2124
-1812
-1437
-1471
-1796
-1993
-2102
-2024
-1711
-1474
-1444
-1655
-1865
-1758
-1419
-1041
-910
-1070
-1126
-996
-840
-607
-355
-39
6
-297
-46
182
400
700
739
843
647
604
859
1115
1260
1296
1013
766
790
1192
1532
1140
784
629
625
763
759
709
390
-13
-34
71
133
-51
-353
-516
-503
-427
-348
-462
-599
-640
-741
-595
-430
-388
-477
-680
-558
-325
-209
-134
-175
-235
-127
39
170
307
252
391
379
339
469
452
690
902
959
1059
746
477
863
1339
1828
1671
1046
734
848
1546
2111
1957
1425
843
757
1336
1812
1926
1391
535
198
531
1103
1182
478
-288
-644
-567
-181
-123
-484
-1072
-1625
-1623
-1181
-909
-1079
-1681
-2162
-2046
-1601
-1299
-1480
-1919
-2096
-2102
-1891
-1491
-1356
-1474
-1820
-1965
-1585
-1162
-934
-995
-1247
-1180
-1004
-705
-397
-363
-344
-300
-37
276
363
349
418
559
891
1036
943
841
811
1058
1238
1208
1140
1054
1003
1044
1172
1198
906
659
667
658
612
508
317
106
-144
-129
-76
-231
-418
-524
-519
-529
-550
-549
-620
-754
-667
-523
-445
-537
-677
-577
-390
-265
-216
-234
-221
-76
-81
192
344
307
331
280
417
449
474
793
989
895
1018
715
680
943
1400
2000
1587
923
748
1134
1747
2090
1886
1443
843
889
1554
1896
1922
1304
515
307
651
1250
1168
297
-361
-577
-407
-164
-239
-585
-1143
-1657
-1549
-1170
-996
-1183
-1851
-2249
-2079
-1670
-1422
-1673
-2056
-2234
-2281
-1963
-1567
-1474
-1638
-1983
-2054
-1662
-1227
-932
-1081
-1377
-1316
-1081
-639
-369
-318
-325
-324
-153
220
394
435
578
768
963
848
815
952
1200
1381
1288
1136
1082
1086
1218
1365
1291
1045
723
632
767
814
734
425
31
-39
25
102
-28
-374
-496
-494
-490
-427
-474
-578
-774
-856
-581
-454
-518
-670
-761
-566
-376
-358
-267
-288
-260
-95
-32
251
250
313
387
327
403
451
686
1073
1087
1068
935
597
981
1444
2036
1973
1224
848
1054
1700
2272
2196
1588
1025
837
1464
1986
2032
1552
701
289
551
1097
1286
622
-265
-605
-509
-215
-176
-556
-1099
-1603
-1726
-1379
-1178
-1277
-1754
-2307
-2333
-1966
-1624
-1671
-2069
-2318
-2309
-2190
-1862
-1613
-1577
-1836
-2104
-1916
-1443
-1079
-995
-1214
-1320
-1188
-849
-452
-221
-131
-211
-122
-35
249
579
835
904
803
728
722
1073
1390
1543
1346
1003
960
1227
1521
1542
1327
972
733
774
1020
1078
726
320
45
110
298
213
-58
-441
-675
-541
-343
-342
-603
-877
-917
-823
-606
-479
-611
-820
-859
-682
-374
-291
-379
-393
-292
-110
-50
116
242
363
373
326
375
420
727
1084
1173
1084
766
558
1005
1521
2061
1945
1170
731
1005
1866
2430
2188
1509
996
960
1590
2047
2054
1512
688
377
665
1215
1274
553
-255
-578
-401
-121
-202
-630
-1170
-1581
-1610
-1383
-1257
-1386
-1799
-2195
-2319
-2042
-1710
-1753
-2052
-2328
-2380
-2217
-1942
-1722
-1642
-1804
-1989
-1963
-1621
-1161
-973
-1043
-1182
-1186
-926
-560
-184
10
-51
-83
-153
114
565
990
1157
947
647
582
958
1481
1801
1486
960
732
1124
1569
1619
1434
930
537
586
1007
1274
818
126
-141
16
337
369
-9
-525
-885
-664
-205
-237
-562
-928
-1044
-879
-597
-337
-470
-816
-947
-700
-317
-148
-313
-445
-360
-188
89
166
275
275
214
316
426
518
754
1021
1147
1169
548
563
1083
1721
2193
1778
1110
684
1113
2063
2607
2165
1393
809
1027
1773
2229
2196
1295
353
341
890
1447
1211
265
-433
-673
-317
59
-143
-726
-1343
-1676
-1494
-1243
-1185
-1455
-2013
-2277
-2199
-1920
-1709
-1830
-2104
-2311
-2394
-2159
-1883
-1760
-1772
-1944
-2004
-1842
-1582
-1237
-1081
-1133
-1152
-1074
-792
-369
-255
-100
160
-128
25
265
721
1071
1009
936
712
803
1158
1625
1619
1240
876
1137
1368
1384
1514
1202
753
541
839
1176
849
358
-17
-86
120
273
205
-320
-795
-756
-361
-289
-500
-703
-903
-975
-763
-466
-473
-684
-837
-745
-527
-357
-330
-415
-385
-233
-120
40
139
227
291
286
442
503
564
972
1202
1331
874
492
921
1416
2105
2117
1459
736
850
1734
2447
2319
1705
1143
811
1349
2047
2376
1736
577
257
709
1339
1394
669
-181
-647
-384
26
15
-465
-1099
-1543
-1561
-1206
-1066
-1326
-1886
-2197
-2072
-1813
-1725
-1936
-2095
-2094
-2125
-2128
-2022
-1865
-1789
-1840
-1863
-1723
-1595
-1528
-1383
-1106
-1032
-1027
-1064
-637
-407
-198
130
-338
-187
20
570
933
814
606
463
713
1129
1583
1408
1030
707
1091
1510
1572
1529
1025
592
677
1147
1393
892
340
25
24
311
512
323
-291
-788
-678
-176
-128
-443
-758
-954
-952
-676
-427
-528
-876
-907
-715
-503
-301
-462
-551
-497
-236
-19
61
94
71
179
282
514
582
587
849
1060
1388
1083
668
921
1282
2047
2189
1641
857
849
1709
2404
2393
1771
1249
945
1344
1967
2360
1936
778
202
568
1354
1574
809
-166
-695
-422
45
80
-362
-1027
-1617
-1711
-1214
-897
-1124
-1878
-2444
-2304
-1730
-1457
-1766
-2233
-2396
-2220
-1968
-1789
-1841
-1951
-2017
-1970
-1698
-1451
-1423
-1476
-1466
-1219
-969
-889
-765
-445
-46
0
-314
-362
93
693
1050
893
537
240
542
1248
1693
1572
931
494
725
1479
1939
1685
866
243
458
1097
1494
1145
354
-239
-277
273
685
467
-223
-898
-941
-389
22
-117
-735
-1215
-1154
-723
-357
-390
-721
-1012
-1034
-672
-183
-140
-370
-659
-538
-103
222
389
248
56
31
360
623
913
1149
1049
1206
883
807
1189
1633
2224
2075
1431
861
1140
1931
2596
2386
1719
1156
1025
1674
2197
2393
1820
762
315
688
1450
1621
779
-263
-672
-405
26
79
-379
-1012
-1697
-1795
-1321
-1007
-1085
-1797
-2510
-2497
-2025
-1520
-1620
-2163
-2423
-2532
-2237
-1753
-1641
-1790
-2167
-2240
-1882
-1472
-1276
-1304
-1568
-1451
-1239
-830
-424
-520
-85
-509
-485
-18
439
944
693
439
377
627
1037
1567
1372
1137
707
791
1316
1537
1826
1256
564
574
945
1362
1096
607
366
94
118
354
417
121
-370
-660
-405
-311
-339
-474
-800
-874
-877
-725
-659
-719
-760
-791
-789
-677
-497
-475
-365
-404
-354
-185
-76
145
253
286
232
285
344
818
1267
1337
1346
671
681
1169
1940
2616
2043
1177
742
1349
2358
2911
2452
1587
993
1187
2049
2571
2541
1549
515
447
1121
1893
1542
404
-417
-501
-52
176
-39
-609
-1266
-1679
-1500
-1149
-1147
-1491
-2086
-2375
-2253
-1973
-1818
-2020
-2245
-2339
-2420
-2275
-2108
-1928
-1870
-2133
-2176
-2021
-1771
-1494
-1468
-1414
-1456
-1272
-1072
-467
-156
-541
-581
-490
356
731
755
358
212
510
990
1565
1348
1053
781
925
1172
1625
1852
1260
602
592
1204
1432
1009
592
236
258
335
487
389
-177
-457
-407
-252
-325
-483
-665
-890
-1007
-721
-640
-808
-978
-1012
-799
-717
-593
-556
-555
-648
-489
-222
78
57
-127
45
281
493
517
470
836
1155
1350
1454
983
1020
1200
2052
2631
2221
1418
1079
1606
2442
3021
2596
1903
1128
1461
2236
2761
2673
1599
695
514
1302
2012
1606
418
-522
-402
80
291
-4
-732
-1400
-1767
-1476
-1111
-1113
-1679
-2453
-2652
-2229
-1818
-1958
-2406
-2721
-2619
-2400
-2231
-2163
-2224
-2355
-2356
-2158
-1846
-1728
-1783
-1805
-1655
-1441
-1060
-891
-856
-522
-576
-419
-243
223
649
543
351
344
736
1126
1342
1297
1207
1015
1061
1374
1670
1695
1344
937
888
1154
1383
1215
738
373
243
420
551
343
-10
-396
-521
-324
-261
-397
-784
-1038
-982
-795
-778
-899
-985
-1063
-1003
-1017
-678
-601
-717
-790
-745
-339
-154
-51
-86
11
5
304
469
611
1109
1074
1432
1009
699
1288
1837
2647
2372
1616
1205
1458
2345
3091
2884
2197
1574
1424
2137
2681
2927
2328
1187
792
1173
1945
2059
1113
200
-213
-45
380
274
-241
-876
-1484
-1470
-1220
-1110
-1323
-2045
-2456
-2395
-2107
-1917
-2171
-2485
-2568
-2639
-2503
-2226
-2117
-2227
-2532
-2501
-2103
-1807
-1710
-1837
-1811
-1715
-1432
-1170
-940
-509
-574
-573
-756
-443
254
702
805
353
129
247
980
1565
1647
1117
618
689
1157
1875
1943
1342
586
407
1018
1519
1448
775
122
-80
105
595
712
108
-678
-875
-565
-89
-160
-647
-1069
-1352
-1054
-672
-571
-740
-1116
-1230
-956
-753
-420
-399
-705
-672
-618
-59
246
186
118
-13
264
469
1012
1347
1597
1178
491
877
1650
2799
2759
2019
1100
1069
2083
3057
3380
2508
1720
1359
1824
2562
3080
2890
1654
691
881
1851
2326
1571
428
-205
-61
254
404
19
-671
-1340
-1637
-1299
-1030
-1046
-1767
-2571
-2614
-2113
-1742
-1991
-2507
-2680
-2624
-2523
-2271
-2122
-2099
-2388
-2671
-2362
-1845
-1548
-1718
-2022
-1834
-1518
-1119
-1093
-775
-511
-732
-638
-523
148
424
501
402
304
447
820
1220
1265
1215
918
973
939
1394
1876
1443
855
516
966
1309
1059
852
503
146
-25
200
425
187
-487
-789
-604
-503
-408
-676
-948
-1122
-1157
-927
-931
-1033
-1045
-1096
-1036
-922
-923
-693
-666
-609
-398
-242
-55
-40
75
212
501
427
866
1260
1572
1551
713
1101
1719
2604
2970
2334
1625
1421
2066
3137
3547
2809
2132
1613
2020
2694
3069
3069
1876
916
1100
1877
2427
1709
555
-47
-31
399
553
36
-689
-1338
-1603
-1205
-1034
-1127
-1826
-2642
-2638
-2191
-1780
-2023
-2643
-2877
-2796
-2543
-2240
-2229
-2375
-2548
-2627
-2281
-1904
-1761
-1772
-2000
-1824
-1560
-1081
-813
-904
-788
-904
-594
-214
203
355
248
109
216
554
952
1214
956
867
686
860
1189
1447
1467
929
596
686
1000
1145
882
620
278
56
131
395
382
-81
-583
-736
-480
-367
-375
-744
-1098
-1217
-1118
-875
-786
-981
-1292
-1398
-1098
-692
-577
-728
-997
-888
-513
-24
218
171
-74
-61
249
666
1465
1617
1628
1054
669
1492
2429
3220
2911
2083
1472
1831
2813
3724
3656
2659
1938
1774
2587
3235
3353
2782
1540
964
1402
2211
2377
1433
313
-143
-6
384
522
-56
-863
-1649
-1802
-1270
-998
-1149
-2036
-2854
-2865
-2359
-1917
-2038
-2581
-3033
-3140
-2840
-2240
-2013
-2309
-2759
-2963
-2439
-1725
-1415
-1635
-2055
-2097
-1558
-1108
-475
-255
-810
-1031
-983
38
792
777
253
-155
13
656
1412
1509
1127
521
470
699
1331
1961
1553
585
86
630
1371
1254
761
323
66
-144
-5
387
345
-325
-963
-953
-671
-399
-495
-951
-1343
-1355
-1177
-1037
-1040
-1070
-1183
-1473
-1404
-1055
-582
-587
-1048
-1063
-642
-97
167
172
20
128
125
774
1566
2004
1973
730
854
1895
3149
3735
2825
1854
1585
2369
3636
4246
3525
2578
1837
2219
3152
3659
3724
2405
1133
1186
2061
2780
2179
980
170
-74
234
555
388
-333
-1282
-1934
-1661
-1261
-1078
-1538
-2655
-3093
-2831
-2303
-2121
-2507
-2888
-3191
-3318
-2857
-2351
-2149
-2454
-3072
-2945
-2347
-1728
-1495
-1736
-1937
-1852
-1418
-789
-392
-441
-614
-759
-294
326
633
656
310
275
499
812
1173
1202
1111
920
672
800
1189
1439
1273
808
501
633
688
742
734
479
146
-381
-366
-38
102
-154
-759
-1140
-1104
-791
-662
-808
-1242
-1560
-1510
-1345
-1061
-1046
-1250
-1449
-1534
-1154
-741
-650
-820
-929
-658
-195
64
100
202
172
490
1180
1593
2046
1345
950
1604
2628
3760
3312
2319
1775
2364
3547
4291
3912
3082
2418
2352
3190
3754
3908
3025
1670
1409
2102
2850
2525
1209
338
238
506
571
257
-282
-898
-1595
-1724
-1363
-1246
-1575
-2509
-2996
-2743
-2421
-2452
-2814
-3069
-3005
-3086
-3125
-2854
-2634
-2509
-2808
-2940
-2536
-2105
-1777
-1792
-1884
-1600
-1377
-1015
-730
-609
-296
-321
-283
62
459
708
696
538
714
815
940
1152
1193
1313
911
703
920
1142
1315
1063
687
522
462
528
564
452
270
-178
-520
-466
-308
-224
-509
-1055
-1232
-1170
-1029
-1005
-1186
-1327
-1537
-1593
-1461
-1383
-1270
-1328
-1439
-1337
-1241
-1064
-914
-763
-653
-465
-340
-150
46
194
456
1033
1381
1711
1495
1034
1648
2410
3514
3495
2644
2052
2383
3449
4352
4287
3469
2800
2565
3391
4030
4181
3509
2212
1710
2248
2989
2998
1843
743
467
661
864
554
-48
-671
-1291
-1550
-1358
-1402
-1604
-2266
-2921
-2892
-2663
-2526
-2812
-3177
-3240
-3249
-3210
-3027
-2873
-2791
-2944
-3062
-2729
-2309
-2077
-2004
-1915
-1765
-1478
-1146
-879
-322
-479
-496
-388
13
736
754
691
411
565
832
1273
1352
1206
974
816
945
1051
1347
1155
712
455
538
795
597
230
10
-66
-104
-288
-340
-540
-805
-920
-879
-871
-1038
-1324
-1441
-1419
-1327
-1301
-1463
-1499
-1627
-1531
-1434
-1323
-1118
-1201
-1229
-1260
-910
-532
-372
-328
-428
-144
65
568
1075
1255
1657
1186
1081
1633
2643
3615
3378
2524
2036
2696
3692
4608
4308
3572
2917
2829
3709
4279
4505
3708
2433
1948
2530
3388
3238
2054
902
683
943
1075
748
69
-531
-1164
-1362
-1244
-1280
-1519
-2213
-2869
-2890
-2660
-2588
-2863
-3287
-3316
-3339
-3394
-3261
-3113
-2932
-3122
-3359
-3079
-2572
-2198
-2171
-2259
-2111
-1479
-1211
-1098
-857
-637
-166
-92
93
262
448
757
961
1051
952
923
1178
1411
1344
1315
1106
924
912
1096
1285
915
483
329
365
378
190
107
-146
-549
-708
-587
-578
-825
-1119
-1251
-1196
-1287
-1345
-1418
-1488
-1558
-1540
-1479
-1519
-1549
-1628
-1479
-1280
-1117
-1191
-1281
-1102
-805
-474
-363
-410
-455
-153
676
1168
1448
1000
542
1147
2106
3335
3415
2591
1731
2120
3525
4529
4523
3663
2972
2977
3732
4413
4735
4088
2914
2294
2793
3738
3748
2678
1415
1014
1464
1799
1430
563
-256
-740
-757
-602
-728
-1250
-2069
-2669
-2620
-2113
-2170
-2784
-3408
-3553
-3223
-3057
-3060
-3222
-3351
-3419
-3363
-3085
-2709
-2535
-2578
-2590
-2502
-1982
-1610
-955
-939
-1231
-874
-681
130
475
503
432
277
530
1082
1348
1292
1151
1136
1254
962
1333
1697
1213
731
613
873
957
543
414
223
-138
-332
-288
-113
-360
-900
-1089
-1201
-1218
-935
-1023
-1435
-1866
-1793
-1521
-1412
-1473
-1597
-1794
-1843
-1717
-1455
-999
-1166
-1387
-1525
-1160
-521
-337
-503
-664
-588
195
899
1299
1363
187
362
1548
3013
3621
2657
1697
1686
2737
4317
4913
3906
2943
2547
3546
4536
4826
4623
3381
2386
2643
3788
4363
3381
1918
1342
1537
1956
2057
1379
382
-415
-627
-282
-279
-600
-1352
-2251
-2580
-2246
-1848
-2119
-2881
-3386
-3362
-3272
-3061
-2886
-3024
-3399
-3712
-3519
-2975
-2566
-2508
-2643
-2871
-2651
-2092
-1586
-747
-1115
-1260
-1193
-884
253
523
688
333
132
351
961
1465
1631
1243
895
847
931
1732
1861
1292
597
301
802
997
878
518
-53
-351
-562
-181
77
-279
-982
-1433
-1455
-1053
-750
-1041
-1631
-2089
-1894
-1573
-1347
-1399
-1657
-1921
-1957
-1718
-1278
-968
-1182
-1488
-1529
-1060
-457
-402
-530
-767
-375
398
848
1407
629
186
749
2076
3358
3141
2041
1284
2052
3423
4803
4359
3222
2518
2739
4011
4751
5007
4041
2520
2241
3305
4461
4192
2642
1432
1468
1993
2354
2013
979
161
-435
-266
35
-76
-607
-1651
-2366
-2176
-1693
-1668
-2252
-3045
-3182
-3135
-3012
-2815
-2849
-3041
-3469
-3596
-3197
-2682
-2559
-2626
-2817
-2704
-2248
-1854
-1377
-1472
-1291
-1154
-914
-336
-91
109
126
271
599
784
756
957
1153
1316
1072
877
1170
1291
1309
1171
846
686
614
667
721
429
71
-266
-455
-315
-207
-367
-831
-1441
-1437
-1045
-954
-1218
-1645
-1894
-1870
-1728
-1495
-1404
-1580
-1897
-1972
-1637
-1116
-1076
-1282
-1477
-1353
-813
-658
-488
-620
-560
48
470
1145
774
116
552
1528
2777
2952
2147
1395
1714
2834
4165
4345
3469
2651
2533
3521
4437
4934
4292
2926
2261
3003
4165
4276
3161
1881
1554
1974
2446
2319
1511
547
-131
-87
293
303
-237
-1196
-1912
-1916
-1478
-1491
-1901
-2500
-2915
-2959
-2885
-2589
-2529
-2890
-3321
-3467
-3110
-2663
-2563
-2663
-2778
-2779
-2428
-2043
-1516
-1303
-1488
-1532
-1406
-599
17
118
-85
-303
-10
589
954
1081
952
837
835
734
1144
1604
1461
862
398
618
1044
905
603
279
-35
-265
-279
89
-51
-672
-1072
-1144
-973
-858
-1013
-1349
-1687
-1793
-1555
-1450
-1616
-1732
-1776
-1728
-1763
-1629
-1306
-1340
-1530
-1501
-1139
-818
-792
-978
-802
-641
-45
467
735
924
-4
218
1171
2526
3105
2246
1270
1311
2537
3798
4435
3575
2736
2335
3059
4271
4733
4514
3272
2268
2625
3740
4421
3625
2148
1495
1826
2368
2429
1862
1029
239
-174
225
556
311
-537
-1572
-1867
-1378
-1093
-1353
-2054
-2636
-2656
-2661
-2506
-2322
-2431
-2798
-3315
-3270
-2599
-2289
-2415
-2642
-2845
-2509
-2082
-1584
-1503
-1778
-1593
-1404
-888
-366
-266
-419
-545
-277
468
710
473
406
607
844
763
936
1082
888
727
828
851
719
511
409
410
272
143
-102
-348
-351
-363
-389
-802
-1209
-1056
-937
-1056
-1298
-1488
-1605
-1604
-1528
-1412
-1483
-1625
-1756
-1761
-1396
-1115
-1223
-1434
-1455
-1136
-687
-660
-704
-819
-527
204
624
1172
332
-143
609
1674
2951
2837
1792
962
1566
3074
4505
4118
2933
2174
2425
3702
4445
4778
3876
2364
2021
3078
4244
4173
2772
1530
1383
1974
2590
2348
1412
444
-205
80
573
591
43
-999
-1811
-1661
-1034
-920
-1399
-2259
-2590
-2536
-2329
-2099
-2203
-2463
-2903
-3130
-2764
-2279
-2195
-2471
-2639
-2550
-2058
-1775
-1734
-1658
-1545
-1250
-1169
-733
-532
-495
-373
-250
132
284
323
372
528
718
741
724
659
699
841
935
750
461
453
368
358
293
232
-50
-453
-484
-314
-220
-571
-1010
-1164
-1001
-984
-1017
-1181
-1462
-1604
-1615
-1448
-1359
-1336
-1491
-1699
-1682
-1335
-1133
-1177
-1224
-1192
-971
-963
-903
-725
-390
184
263
626
206
-119
619
1533
2559
2414
1541
930
1586
2846
4086
3855
2804
2135
2260
3459
4250
4469
3696
2388
1979
2869
3994
4073
2798
1504
1267
1898
2551
2419
1506
541
-102
128
703
811
293
-819
-1542
-1359
-757
-632
-1154
-1920
-2261
-2202
-1972
-1706
-1880
-2307
-2687
-2723
-2339
-2044
-2071
-2278
-2452
-2336
-1949
-1703
-1326
-1537
-1632
-1428
-1328
-549
-234
-353
-608
-731
-248
470
536
362
192
277
472
401
814
992
617
226
148
564
784
372
37
-101
-134
-115
-205
-216
-456
-817
-802
-878
-890
-844
-1014
-1223
-1408
-1380
-1186
-1210
-1417
-1498
-1448
-1273
-1390
-1367
-1152
-1205
-1290
-1252
-958
-642
-782
-987
-914
-549
237
433
745
168
-524
255
1515
2653
2367
1295
611
1367
2598
3862
3800
2680
1879
1899
3225
4103
4267
3511
2233
1821
2657
3723
3832
2739
1511
1242
1701
2271
2355
1597
705
-58
16
670
834
458
-509
-1303
-1242
-724
-492
-789
-1497
-1927
-2023
-1846
-1463
-1417
-1750
-2325
-2592
-2179
-1610
-1542
-1939
-2281
-2221
-1775
-1350
-1052
-1421
-1604
-1409
-1113
-395
-259
-500
-827
-774
-170
477
376
-37
-213
82
392
385
642
440
40
11
284
492
278
-113
-258
-205
-156
-163
-356
-580
-742
-661
-493
-817
-1099
-984
-915
-1011
-1127
-1191
-1215
-1278
-1341
-1197
-1123
-1143
-1259
-1326
-1074
-1017
-992
-880
-881
-740
-726
-723
-495
-456
89
330
696
592
-271
215
1144
2207
2349
1654
862
1065
2044
3269
3747
2806
1984
1717
2622
3515
3906
3618
2458
1595
2028
3229
3632
2790
1581
1134
1435
1832
2069
1659
867
21
-249
353
758
573
-208
-1066
-1332
-815
-422
-542
-1139
-1712
-1803
-1741
-1393
-1209
-1404
-1905
-2351
-2131
-1451
-1157
-1535
-1925
-2145
-1584
-1175
-915
-921
-1447
-1285
-1227
-583
6
-159
-583
-924
-626
215
512
218
-123
-301
-2
50
341
579
141
-243
-324
-8
330
46
-294
-463
-540
-441
-380
-429
-594
-909
-874
-789
-959
-829
-808
-1054
-1179
-1194
-966
-902
-1140
-1180
-1111
-967
-903
-1038
-858
-797
-926
-737
-624
-341
-310
-617
-534
-380
249
646
716
784
-48
-12
958
2048
2488
1768
709
747
1709
2804
3518
2709
1828
1335
1983
3094
3461
3344
2323
1343
1522
2614
3256
2751
1460
799
1118
1545
1891
1602
892
144
-329
169
687
634
70
-867
-1316
-865
-355
-317
-837
-1494
-1617
-1535
-1247
-962
-1085
-1535
-2005
-1939
-1346
-1033
-1211
-1582
-1727
-1511
-1129
-846
-591
-1041
-1095
-940
-773
-76
-142
-181
-519
-647
-220
292
359
-7
-234
3
65
-101
268
296
-43
-377
-388
40
17
-371
-493
-503
-491
-668
-627
-542
-746
-936
-885
-977
-1023
-834
-926
-1013
-1206
-1206
-1003
-983
-1006
-1086
-1012
-908
-986
-838
-671
-703
-712
-668
-401
-212
-330
-462
-295
-58
556
656
1052
626
-233
458
1431
2508
2288
1269
583
1107
2110
3259
3230
2200
1504
1383
2445
3142
3376
2940
1673
1046
1766
2814
3040
2001
918
774
1067
1518
1649
1153
461
-335
-369
234
513
304
-424
-1206
-1230
-685
-424
-529
-1165
-1478
-1471
-1464
-1076
-999
-1197
-1596
-1929
-1532
-976
-993
-1240
-1615
-1420
-920
-894
-907
-689
-679
-693
-636
-582
-116
-97
-36
-176
-188
-80
81
320
90
75
193
71
-226
77
400
160
-302
-450
-120
-137
-435
-500
-491
-624
-974
-860
-641
-837
-1076
-1139
-1204
-1144
-931
-1017
-1227
-1371
-1198
-1028
-1028
-1040
-1001
-963
-929
-892
-676
-568
-690
-544
-479
-293
-175
-148
-107
-66
-79
588
838
1138
1068
9
558
1232
2323
2577
1594
940
1030
1939
2998
3197
2500
1834
1363
2062
2878
3257
3102
1864
1039
1472
2393
2939
2104
1002
585
772
1327
1511
1047
206
-478
-475
184
307
30
-576
-1273
-1269
-901
-508
-633
-1321
-1597
-1534
-1399
-1143
-1207
-1332
-1596
-1765
-1460
-1167
-1197
-1232
-1376
-1199
-1136
-870
-847
-643
-447
-702
-468
-542
-16
-15
92
-35
-11
15
39
373
337
451
79
40
-47
183
455
226
-135
-335
-169
-136
-274
-377
-485
-588
-898
-849
-748
-792
-979
-1252
-1222
-1158
-1057
-1102
-1342
-1336
-1152
-1198
-1196
-1195
-1027
-958
-1090
-998
-734
-666
-634
-643
-521
-276
-249
-52
-49
21
109
194
854
1061
1428
911
182
841
1690
2712
2573
1583
968
1337
2236
3289
3232
2443
1744
1389
2322
3073
3410
2845
1439
928
1646
2583
2738
1647
630
501
823
1265
1125
455
-105
-585
-477
-70
-93
-323
-1055
-1532
-1330
-873
-718
-1164
-1591
-1663
-1524
-1418
-1342
-1384
-1426
-1530
-1744
-1668
-1339
-1022
-993
-1283
-1333
-1100
-856
-650
-533
-240
-548
-649
-167
13
196
137
173
229
76
246
602
600
416
228
271
221
238
602
399
-94
-274
-106
-68
-296
-359
-351
-690
-1055
-912
-668
-773
-1214
-1349
-1175
-1188
-1186
-1242
-1300
-1389
-1431
-1243
-1103
-997
-1063
-1284
-1129
-879
-505
-596
-856
-723
-626
-177
-11
-11
21
-141
75
322
776
1250
1391
1306
426
601
1511
2563
2893
2289
1330
946
1804
2889
3799
3024
1937
1371
1843
2813
3335
3247
2134
1018
1064
2074
2759
2329
1219
413
323
733
1127
1035
297
-527
-900
-610
-232
-204
-670
-1400
-1793
-1471
-1018
-1057
-1467
-1853
-1922
-1894
-1684
-1351
-1334
-1795
-2240
-2006
-1318
-945
-1270
-1579
-1587
-1215
-878
-600
-501
-776
-451
-499
-300
78
96
344
199
156
334
406
442
574
691
630
224
136
504
623
582
362
-29
-162
-143
68
204
-115
-534
-936
-929
-622
-421
-576
-1135
-1522
-1344
-978
-908
-1038
-1257
-1487
-1454
-1163
-970
-998
-1139
-1209
-1017
-824
-722
-722
-713
-562
-422
-196
-119
-7
182
122
164
299
1016
1241
1377
1384
631
958
1592
2569
2967
2180
1268
1285
2041
3051
3509
2818
1986
1385
1990
2830
3127
3015
2041
1046
1114
1968
2732
2207
821
63
270
909
1175
655
-149
-870
-1073
-518
-270
-467
-1031
-1809
-1994
-1486
-1060
-1157
-1870
-2308
-2041
-1793
-1573
-1737
-1925
-1887
-1966
-1710
-1444
-1403
-1439
-1489
-1433
-1101
-689
-702
-790
-1051
-291
172
-50
6
-500
108
515
688
738
225
146
486
866
881
660
379
409
307
657
980
380
-169
-287
189
544
94
-379
-833
-729
-407
-226
-378
-1036
-1405
-1235
-831
-770
-831
-1122
-1588
-1609
-1221
-775
-782
-1190
-1407
-1335
-927
-641
-620
-724
-837
-652
-213
19
38
45
-20
157
287
1054
1325
1290
1343
583
999
1742
2444
2803
2172
1355
1396
2017
2940
3464
2776
2044
1411
1995
2917
3064
2959
2123
1215
1309
1962
2552
2097
878
315
465
799
880
361
-274
-773
-1016
-517
-473
-981
-1376
-1794
-1824
-1559
-1453
-1518
-2013
-2290
-2039
-1886
-1823
-1920
-1965
-1923
-2007
-1883
-1418
-1367
-1589
-1576
-1373
-901
-900
-842
-867
-745
-281
-163
200
57
-166
-90
250
767
1051
731
273
223
507
1094
1015
787
583
406
528
643
878
779
254
-64
20
256
236
-118
-459
-465
-563
-622
-687
-975
-960
-1021
-1004
-1098
-1313
-1413
-1399
-1232
-1095
-1186
-1444
-1362
-1281
-939
-842
-981
-936
-909
-587
-195
-162
-226
-232
-88
270
400
850
1106
981
1425
1191
1029
1412
1837
2877
2757
1844
1445
1812
2597
3314
3260
2632
1900
1679
2566
3141
3291
2730
1540
1228
1618
2372
2541
1427
463
249
569
704
426
-44
-535
-957
-989
-802
-1115
-1334
-1679
-2011
-1785
-1787
-1928
-2223
-2454
-2062
-1906
-2174
-2354
-2382
-2005
-1856
-1929
-1743
-1804
-1795
-1582
-1388
-1083
-1012
-1009
-1030
-561
-130
-62
-181
-337
26
516
833
614
561
451
641
970
1086
1083
852
721
758
1058
1260
1026
546
406
631
831
657
172
-67
-98
-143
-96
-312
-541
-847
-950
-828
-818
-898
-1231
-1506
-1492
-1319
-1200
-1244
-1512
-1680
-1452
-1278
-1113
-1108
-1197
-1046
-953
-679
-503
-397
-301
-250
-124
125
172
610
1054
1150
1543
780
804
1450
2194
3058
2587
1741
1379
1908
2930
3749
3309
2478
1758
2062
3028
3334
3364
2612
1602
1397
1793
2630
2556
1324
369
178
632
792
453
-168
-703
-1155
-1090
-905
-1116
-1372
-1899
-2272
-2089
-1978
-1988
-2274
-2607
-2326
-2296
-2374
-2426
-2426
-2046
-2052
-2127
-1925
-1863
-1748
-1596
-1432
-1134
-1047
-1019
-1038
-613
155
82
-307
-422
-32
772
1198
866
566
294
502
1294
1614
1499
890
626
792
1182
1759
1578
787
331
524
962
1006
653
249
-135
-371
-160
99
-108
-781
-1234
-970
-776
-906
-1095
-1461
-1653
-1533
-1425
-1353
-1481
-1612
-1603
-1579
-1407
-1265
-1189
-1177
-1194
-951
-621
-517
-454
-414
-328
-14
241
811
871
1131
1106
569
1186
1882
2645
2726
2062
1584
1873
2499
3397
3597
2887
2283
2001
2757
3236
3326
3182
2328
1604
1733
2354
2712
1965
900
510
534
697
625
185
-411
-1043
-1229
-945
-1012
-1339
-1797
-2227
-2355
-2125
-1983
-2189
-2683
-2823
-2540
-2418
-2396
-2505
-2436
-2315
-2310
-2141
-1875
-1725
-1697
-1669
-1472
-1078
-707
-642
-856
-692
-171
369
640
322
37
192
846
1563
1640
1073
509
646
1371
1960
1950
1297
688
710
1283
1818
1708
990
172
92
691
1119
744
-120
-734
-723
-320
-109
-320
-1009
-1572
-1498
-1195
-946
-1260
-1794
-1994
-2023
-1598
-1394
-1524
-1710
-2018
-1735
-1462
-1247
-1067
-1142
-1088
-872
-668
-483
-359
-301
61
625
824
1055
981
652
1228
1695
2596
2862
2288
1713
1663
2681
3708
3959
3109
2270
2126
3068
3709
3707
3294
2314
1775
1926
2585
2969
2135
894
244
544
1116
1018
184
-841
-1310
-1118
-614
-806
-1447
-2183
-2681
-2470
-2010
-1842
-2304
-3131
-3367
-2869
-2274
-2188
-2697
-2981
-2797
-2457
-2087
-1861
-1792
-1886
-1886
-1701
-1063
-767
-707
-124
-733
-472
-182
354
1211
827
582
350
714
1295
2006
1704
1176
819
1184
1683
1653
2135
1694
790
669
1204
1907
1410
481
312
282
340
311
338
-115
-833
-1005
-565
-574
-975
-1106
-1417
-1690
-1592
-1481
-1547
-1843
-2101
-1836
-1859
-1853
-1816
-1787
-1596
-1728
-1497
-1181
-1114
-1012
-789
-774
-560
-345
136
554
696
1147
521
634
1478
2096
2804
2605
2027
1807
2125
3017
4039
3863
2971
2236
2535
3433
3736
3926
3338
2143
1766
2242
2992
2987
1881
882
396
580
1024
920
234
-806
-1503
-1257
-971
-1045
-1298
-2110
-2878
-2902
-2355
-1915
-2258
-3032
-3371
-3246
-2729
-2337
-2460
-2723
-3017
-2860
-2245
-1821
-1675
-1730
-2018
-1697
-1355
-246
-7
-862
-736
-452
674
1228
982
381
285
759
1804
2213
1656
1003
971
1723
1720
2032
2191
1479
699
973
1915
2051
1080
297
439
747
694
425
145
-291
-787
-529
-244
-689
-1125
-1321
-1506
-1525
-1383
-1451
-1786
-2196
-2148
-1841
-1718
-1796
-2147
-2039
-1745
-1749
-1564
-1586
-1332
-1186
-1171
-1074
-634
-469
-232
103
535
1129
266
620
1297
1966
2771
2517
2008
1685
2150
3324
4089
3566
2998
2537
2923
3528
3747
4035
3273
2186
2160
2607
3085
2719
1686
1006
743
1007
1014
481
-20
-538
-1042
-1027
-1163
-1265
-1430
-2189
-2545
-2410
-2337
-2429
-2784
-2880
-2840
-2945
-2801
-2898
-2829
-2516
-2575
-2559
-2512
-2246
-1761
-1515
-1583
-1520
-1295
-919
-492
-238
291
0
-132
397
784
1412
1446
1086
976
1124
1530
2050
2048
1658
1184
1156
1714
1871
1861
1541
869
859
944
1137
1173
648
199
-157
-95
-11
-91
-330
-753
-1162
-1135
-980
-1157
-1236
-1593
-1835
-1769
-1731
-1779
-1913
-1944
-1946
-1958
-1958
-1796
-1821
-1669
-1569
-1524
-1201
-1297
-1164
-870
-698
-20
96
350
413
99
868
1324
1992
2446
2082
1617
1854
2591
3471
3771
3146
2807
2530
3204
3806
3841
3594
2740
2379
2518
2900
3140
2592
1515
889
1137
1467
1202
406
-255
-575
-711
-659
-949
-1328
-1749
-2171
-2172
-2094
-2192
-2520
-2870
-2944
-2813
-2632
-2696
-2980
-3033
-2803
-2586
-2506
-2415
-2307
-2125
-1895
-1467
-1212
-1269
-1269
-986
-26
497
192
-73
-22
571
1460
1744
1468
946
857
1497
1958
2337
2151
1439
1036
1161
1956
2445
1762
876
678
869
1185
1141
879
412
-280
-288
20
166
-128
-906
-1201
-1031
-934
-1012
-1257
-1604
-1764
-1759
-1725
-1550
-1778
-1954
-2084
-2127
-1648
-1707
-1790
-1854
-1890
-1505
-1321
-1291
-1193
-1190
-735
-102
-82
487
147
19
567
1197
2451
2466
1632
1097
1711
2847
3771
3528
2903
2311
2321
3267
3900
4080
3445
2260
1835
2416
3280
3449
2263
1042
721
1257
1605
1259
434
-295
-681
-637
-462
-660
-1040
-1617
-2165
-2170
-1880
-1824
-2124
-2695
-2801
-2691
-2555
-2502
-2581
-2569
-2654
-2716
-2547
-2105
-1883
-1685
-1894
-1918
-1426
-1019
-613
-464
-212
-380
-351
129
689
1215
1081
821
771
833
1348
1985
2011
1446
940
1121
1616
1821
1822
1460
743
546
966
1486
1221
319
-136
-17
306
325
84
-321
-870
-1030
-639
-431
-676
-1264
-1645
-1528
-1350
-1241
-1325
-1538
-1814
-1887
-1786
-1481
-1334
-1546
-1639
-1692
-1573
-1281
-1155
-906
-1085
-935
-421
-181
427
-36
-61
451
941
1823
2013
1496
1076
1452
2260
3350
3171
2656
2195
2155
3070
3398
3612
3160
2216
2049
2424
2990
3033
2022
1183
1139
1465
1616
1066
416
-28
-426
-254
-168
-570
-1020
-1585
-1798
-1600
-1548
-1708
-2098
-2600
-2523
-2260
-2174
-2230
-2588
-2539
-2478
-2390
-2023
-1950
-1921
-2021
-1883
-1555
-1187
-965
-950
-855
-663
-190
125
388
316
247
630
939
1243
1285
998
959
1175
1534
1713
1352
1074
1097
1234
1409
1233
975
777
520
705
817
528
98
-176
-27
24
-114
-397
-737
-891
-811
-648
-657
-1074
-1476
-1412
-1197
-1067
-1195
-1430
-1607
-1713
-1560
-1241
-1126
-1289
-1531
-1611
-1275
-1008
-797
-964
-849
-548
-342
432
40
-206
-35
676
1875
2023
1312
648
1044
2014
3120
3200
2548
1661
1599
2646
3469
3743
3050
1841
1433
2070
3041
3243
2149
920
704
1267
1722
1482
748
61
-579
-450
-67
-48
-418
-1248
-1897
-1771
-1256
-1136
-1512
-2180
-2393
-2270
-2061
-1875
-1989
-2150
-2347
-2502
-2160
-1795
-1711
-1386
-1554
-1853
-1494
-1203
-674
-411
-459
-466
-564
-225
334
679
652
487
496
794
819
1106
1479
1135
868
763
1086
1328
1095
1025
781
538
584
689
706
458
64
2
-25
-139
22
-90
-373
-704
-872
-564
-535
-739
-807
-1155
-1222
-1026
-1012
-844
-998
-1224
-1236
-1247
-1001
-788
-888
-898
-1097
-1176
-793
-719
-471
-232
-473
150
45
-336
33
427
1532
1599
1005
621
755
1517
2524
2710
2264
1685
1284
2136
2721
3123
3025
1928
1429
1587
2427
3005
2109
1169
798
1037
1487
1371
825
296
-223
-376
-142
-143
-281
-804
-1391
-1490
-1359
-1138
-1301
-1841
-1892
-1878
-1935
-1850
-1933
-1779
-1850
-2055
-2012
-1920
-1631
-1470
-1306
-1272
-1530
-1356
-1087
-758
-269
-179
-379
-608
-397
269
883
796
515
390
469
754
1217
1628
1218
551
425
931
1423
1371
909
446
262
337
713
845
439
-177
-448
-236
-2
98
-162
-618
-1016
-949
-562
-410
-661
-1096
-1299
-1148
-871
-810
-847
-1007
-1196
-1185
-930
-638
-656
-842
-973
-904
-690
-608
-523
-103
-161
24
88
-221
-9
280
1270
1709
1150
388
431
1252
2272
2634
2092
1515
1196
1700
2455
2959
2874
1993
1158
1240
2159
2898
2338
1087
498
809
1300
1459
993
402
-145
-410
-164
-35
-33
-468
-1146
-1443
-1263
-939
-945
-1396
-1797
-1752
-1643
-1655
-1618
-1560
-1604
-1807
-2010
-1773
-1502
-1226
-936
-1358
-1631
-1536
-1075
-117
-48
-600
-953
-925
-169
649
813
266
-251
-140
577
1090
1330
1081
316
137
478
1316
1597
795
179
146
512
809
710
375
-75
-340
-126
166
64
-150
-552
-715
-605
-518
-384
-603
-947
-989
-889
-738
-679
-898
-939
-981
-944
-670
-697
-725
-760
-763
-547
-471
-519
-622
-641
-145
171
335
447
-241
-264
129
1069
1978
1464
503
77
787
2013
2648
2239
1505
955
1364
2185
2668
2772
2054
1228
1079
1706
2636
2415
1262
408
561
1296
1404
847
238
-20
-135
-28
-62
-209
-525
-954
-1066
-942
-775
-1108
-1585
-1624
-1423
-1310
-1500
-1762
-1698
-1485
-1481
-1596
-1710
-1577
-1452
-1231
-1135
-1069
-1193
-1397
-1049
-471
66
-272
-706
-800
-222
490
726
517
-8
-128
270
989
1250
997
537
149
297
953
1450
1137
234
-155
182
725
744
376
-66
-453
-501
-142
263
51
-580
-1040
-952
-503
-272
-507
-923
-1269
-1079
-785
-565
-624
-981
-987
-945
-663
-476
-530
-487
-680
-702
-495
-253
-125
-363
-142
98
608
515
11
93
356
1363
1763
1456
526
291
1106
2158
2637
2039
1439
1067
1430
2092
2682
2775
1826
853
833
1784
2554
2047
958
171
446
1032
1181
842
148
-346
-519
-228
-43
-109
-536
-1162
-1354
-1053
-715
-871
-1377
-1643
-1539
-1386
-1369
-1410
-1331
-1357
-1594
-1749
-1515
-1175
-1041
-1090
-1396
-865
-956
-1211
-925
-567
198
-137
-547
-716
-342
229
710
665
166
-264
-88
714
941
1089
733
-40
-245
369
1349
1329
238
-384
-242
393
698
615
172
-596
-871
-275
403
270
-458
-1105
-990
-471
-104
-253
-842
-1133
-977
-675
-463
-548
-735
-867
-807
-578
-373
-369
-419
-537
-463
-324
-107
-88
-240
35
339
895
390
-50
114
712
1759
1861
1258
341
421
1311
2426
2546
1895
1169
875
1393
2052
2852
2605
1318
385
650
1960
2503
1699
403
-209
329
928
1100
578
-144
-690
-673
-289
-20
-77
-787
-1467
-1430
-792
-506
-959
-1461
-1604
-1432
-1232
-1242
-1204
-1273
-1425
-1511
-1445
-1191
-1016
-1106
-1080
-1235
-560
-445
-1141
-847
-598
206
255
-220
-442
-339
58
678
867
409
16
-139
469
713
1026
1014
-41
-474
165
1083
1138
91
-422
-305
51
359
479
100
-704
-1073
-473
327
85
-565
-1060
-1132
-640
-211
-313
-729
-1169
-1089
-732
-548
-403
-562
-869
-901
-783
-340
-150
-295
-351
-482
-427
-47
56
128
364
353
872
415
192
607
930
1860
1918
1300
616
662
1549
2543
2452
1942
1361
1063
1461
1981
2819
2662
1278
406
700
1828
2359
1507
374
-185
186
768
863
453
-203
-795
-807
-447
-117
-101
-873
-1603
-1473
-850
-591
-985
-1518
-1594
-1444
-1272
-1127
-1134
-1131
-1383
-1615
-1410
-1028
-831
-892
-1333
-829
-573
-925
-929
-868
102
316
-279
-677
-561
-90
615
775
376
-127
-387
150
534
975
920
-2
-610
-338
703
1237
403
-515
-709
-273
312
505
180
-527
-1139
-778
-38
224
-36
-901
-1278
-901
-267
0
-466
-994
-972
-747
-571
-347
-302
-406
-712
-803
-345
-24
-37
-86
-246
-199
-108
156
233
318
635
578
981
676
458
754
1158
1957
2053
1373
726
852
1539
2530
2476
2000
1270
826
1460
2073
2641
2294
1086
416
652
1597
2173
1304
131
-244
106
661
589
108
-340
-891
-980
-610
-317
-393
-1127
-1689
-1414
-1052
-875
-1131
-1625
-1554
-1488
-1307
-1119
-1211
-1206
-1351
-1464
-1231
-1030
-739
-831
-1025
-615
-699
-737
-715
-469
119
194
-250
-396
-244
90
546
453
382
114
25
89
268
888
837
16
-481
-106
632
703
131
-262
-366
-397
-59
212
59
-551
-1044
-608
-256
-138
-332
-741
-1028
-955
-410
-281
-509
-848
-872
-665
-646
-445
-313
-331
-537
-692
-355
-89
84
116
-44
-120
-70
255
373
588
718
686
1012
740
625
840
1351
2066
2010
1322
719
1025
1784
2505
2448
1908
1207
982
1478
2068
2513
2125
1020
255
572
1585
2023
1120
40
-312
92
503
476
163
-329
-928
-1083
-712
-404
-441
-1049
-1578
-1550
-1223
-935
-1087
-1444
-1484
-1502
-1436
-1311
-1206
-1009
-1219
-1498
-1422
-1024
-696
-727
-1035
-879
-219
-563
-775
-640
-181
450
232
-98
-325
-380
127
869
996
391
-392
-163
314
690
1165
559
-499
-751
-16
1079
758
-360
-831
-702
-198
96
163
-291
-1160
-1300
-495
-5
-255
-814
-1296
-1078
-649
-439
-324
-784
-1004
-945
-666
-117
-272
-533
-527
-513
-145
-9
-3
245
8
-85
67
392
498
512
686
931
1265
802
756
789
1343
2204
2251
1615
673
876
1781
2655
2654
2029
1263
961
1339
2140
2869
2355
961
90
530
1853
2241
1263
-56
-511
120
518
582
226
-417
-1087
-1306
-861
-352
-353
-1070
-1802
-1792
-1295
-953
-1123
-1521
-1694
-1610
-1415
-1455
-1287
-1126
-1286
-1449
-1469
-1095
-572
-665
-948
-1150
-894
-402
-132
12
-310
-506
-475
111
506
496
173
-22
160
267
569
664
495
174
27
210
406
394
198
41
-167
-225
-81
-95
-122
-426
-577
-601
-632
-540
-587
-755
-876
-932
-829
-719
-841
-861
-838
-842
-733
-778
-698
-529
-590
-465
-547
-392
-203
-187
-40
5
102
201
123
344
457
634
1001
936
1435
1052
744
1027
1519
2450
2391
1599
1042
1246
1981
2802
2727
2283
1511
1168
1690
2302
2864
2353
1027
399
817
1817
1995
1032
57
-242
152
439
385
-11
-510
-1048
-1136
-955
-705
-687
-1293
-1782
-1880
-1402
-1142
-1422
-1699
-1799
-1681
-1529
-1534
-1468
-1374
-1462
-1558
-1580
-1272
-958
-958
-1094
-669
-709
-819
-814
-533
263
297
-29
-437
-430
-96
814
1083
592
-159
-292
464
808
1166
902
16
-522
-196
977
1215
191
-640
-736
-211
148
225
-81
-861
-1393
-832
-119
-157
-735
-1366
-1293
-889
-579
-479
-826
-1243
-1183
-899
-421
-345
-685
-672
-775
-455
-13
1
77
-142
-195
93
328
603
474
594
858
1166
1430
1077
981
1084
1826
2528
2477
1615
1068
1472
2370
3116
2794
2193
1506
1365
1914
2739
3121
2159
740
369
1270
2277
1990
645
-377
-281
321
582
292
-340
-942
-1293
-1201
-852
-580
-997
-1784
-2152
-1800
-1302
-1360
-1770
-2073
-1978
-1774
-1659
-1640
-1587
-1580
-1623
-1647
-1546
-1296
-990
-1095
-1018
-737
-809
-804
-858
-200
313
266
-165
-419
-97
475
1046
902
444
-54
212
746
1032
1191
700
-26
-254
403
1233
931
-43
-570
-387
67
326
163
-380
-1051
-1085
-416
-215
-515
-998
-1259
-1165
-970
-688
-725
-1071
-1267
-1104
-863
-775
-773
-726
-692
-709
-584
-377
-331
-218
12
55
-47
-22
244
475
933
977
1191
1108
731
1059
1513
2295
2528
2011
1340
1330
1964
2885
3092
2709
2111
1520
1811
2444
3126
2981
1802
775
838
1758
2390
1792
468
-280
-33
616
690
125
-449
-963
-1210
-1081
-762
-616
-1214
-1949
-2082
-1602
-1347
-1624
-1970
-2086
-1916
-1866
-1842
-1845
-1759
-1659
-1753
-1865
-1709
-1444
-1169
-1236
-1239
-642
-864
-1110
-916
-356
494
421
-245
-525
-313
365
1278
1194
497
-182
16
892
1183
1418
994
-110
-416
277
1431
1408
71
-804
-597
129
530
346
-343
-1141
-1334
-461
93
-308
-1049
-1614
-1387
-795
-547
-724
-1279
-1652
-1330
-853
-584
-674
-1069
-1144
-896
-441
-103
-292
-335
-316
-169
47
365
327
449
661
1103
1563
854
826
1128
1950
2674
2497
1892
1354
1551
2471
3375
3206
2609
1886
1727
2176
2899
3563
2911
1411
743
1363
2486
2493
1349
220
-119
295
713
610
72
-671
-1205
-1172
-905
-625
-915
-1720
-2202
-1959
-1547
-1589
-1959
-2235
-2195
-2124
-1973
-1922
-1956
-1952
-2017
-1944
-1819
-1741
-1491
-1380
-1478
-835
-1034
-1274
-1198
-773
373
279
-228
-574
-345
266
1045
1168
725
124
10
788
1185
1520
1225
189
-166
286
1304
1488
445
-315
-467
-90
413
541
61
-844
-1420
-789
-128
-227
-737
-1438
-1526
-1185
-784
-661
-1096
-1471
-1415
-1174
-974
-855
-857
-936
-1032
-926
-534
-453
-367
-247
-169
-78
-46
65
322
797
1083
1432
923
573
937
1733
2790
2748
2043
1257
1507
2484
3435
3430
2738
2257
2011
2297
2849
3510
3369
2100
1108
1273
2307
2739
1941
694
52
321
737
833
297
-349
-961
-1191
-1004
-704
-652
-1383
-2203
-2234
-1649
-1466
-1840
-2290
-2349
-2206
-2198
-2144
-2019
-1886
-2073
-2266
-2154
-1845
-1657
-1453
-1548
-1364
-790
-1298
-1366
-1041
-258
420
-6
-525
-588
-84
532
1064
859
376
58
358
855
1081
1389
977
-52
-212
630
1444
1085
-51
-440
-202
43
279
302
-228
-1037
-1298
-522
-88
-427
-993
-1472
-1445
-989
-660
-848
-1286
-1592
-1291
-971
-881
-801
-918
-942
-901
-689
-316
-314
-252
-80
-244
-71
234
403
732
786
1295
1246
671
945
1509
2525
2824
2186
1557
1567
2248
3267
3507
2849
2413
2204
2447
2748
3194
3441
2507
1514
1402
1981
2625
2143
1152
461
328
597
769
490
-37
-619
-1008
-987
-877
-702
-1065
-1881
-2165
-1817
-1601
-1810
-2224
-2273
-2150
-2267
-2305
-2222
-1978
-1953
-2189
-2181
-2103
-1833
-1539
-1407
-1436
-1426
-1304
-1211
-846
-486
-222
-469
-669
-336
243
659
390
105
119
538
833
862
768
472
477
573
735
897
648
278
128
313
426
198
-31
-135
-286
-396
-469
-456
-493
-820
-996
-1002
-904
-907
-983
-1168
-1342
-1253
-993
-891
-1124
-1249
-1111
-863
-718
-623
-659
-606
-543
-282
85
38
-21
-111
402
853
1292
1481
683
534
995
2194
3097
2668
1548
1136
1891
3106
3830
3153
2366
2039
2394
2978
3238
3396
2797
1786
1532
2050
2739
2481
1416
707
663
880
971
700
166
-276
-686
-679
-690
-778
-900
-1478
-1888
-1785
-1539
-1601
-2033
-2306
-2121
-2099
-2237
-2320
-2129
-1896
-2171
-2378
-2338
-1967
-1533
-1485
-1667
-1771
-1560
-1139
-880
-777
-599
-688
-762
-510
-87
352
186
-139
-49
272
673
713
534
353
300
524
732
619
438
305
204
317
259
186
-10
-214
-119
-192
-361
-536
-611
-523
-621
-892
-997
-1000
-888
-893
-1107
-1179
-1115
-1001
-976
-1027
-903
-757
-800
-698
-561
-442
-319
-272
-20
7
19
72
502
854
1159
1393
789
722
1025
2156
2997
2534
1591
1201
1930
3040
3681
3205
2374
1915
2364
3081
3421
3312
2565
1744
1651
2194
2798
2382
1317
641
644
1076
1104
671
7
-485
-600
-470
-546
-777
-1067
-1536
-1761
-1718
-1480
-1556
-2113
-2267
-2104
-1957
-2079
-2401
-2182
-1949
-1871
-1981
-2412
-2154
-1767
-1407
-1230
-1580
-1720
-1446
-1175
-724
-352
-629
-739
-793
-335
207
274
279
-148
-235
268
775
942
423
-42
195
603
692
638
401
63
-18
60
362
218
-152
-299
-486
-378
-317
-372
-457
-900
-1049
-878
-797
-763
-927
-1115
-1232
-1089
-859
-722
-941
-1125
-897
-673
-396
-482
-613
-507
-313
-37
123
-47
192
454
676
1337
1040
824
761
1238
2363
2737
2094
1317
1403
2133
3283
3487
2937
2040
1745
2546
3277
3661
3136
1930
1408
1914
2788
2983
1957
796
627
1037
1313
1143
544
22
-488
-477
-181
-306
-585
-1134
-1616
-1512
-1316
-1293
-1579
-2054
-2023
-1896
-1946
-1994
-2076
-1946
-1931
-2022
-2005
-1646
-1714
-1864
-1736
-1628
-1141
-989
-1077
-1373
-1258
-862
-256
-19
-487
-776
-496
96
247
223
134
-92
-160
208
571
563
142
-232
-2
396
386
216
-80
-256
-306
-121
15
-313
-583
-681
-723
-612
-553
-733
-859
-1116
-1133
-872
-755
-882
-1251
-1190
-816
-788
-907
-1082
-829
-379
-422
-508
-501
-297
-122
90
175
133
386
683
1276
1071
649
839
1328
2124
2401
2208
1614
1463
1909
2914
3483
2989
2321
1974
2403
2998
3489
3447
2538
1616
1627
2501
3057
2523
1351
667
946
1276
1315
955
297
-216
-478
-362
-255
-344
-756
-1418
-1647
-1485
-1292
-1306
-1695
-1983
-2025
-2005
-1936
-1934
-1822
-1971
-2020
-1890
-1953
-1795
-1819
-1650
-1421
-1219
-1379
-1521
-1275
-955
-496
-631
-673
-628
-456
-259
-132
268
126
-202
-221
101
607
578
213
-50
38
279
397
359
163
-57
-316
-174
-25
31
-187
-745
-792
-573
-409
-538
-908
-1062
-1054
-960
-901
-947
-1097
-1158
-1220
-1105
-807
-820
-966
-1177
-989
-468
-259
-433
-657
-489
-135
67
148
172
474
552
1080
1221
770
866
1036
2014
2626
2370
1636
1323
1816
2922
3558
3078
2397
1901
2353
2871
3365
3616
2672
1620
1449
2279
3191
2673
1405
680
826
1261
1336
983
458
-160
-552
-372
-244
-134
-507
-1324
-1601
-1443
-1043
-1074
-1582
-1837
-1867
-1803
-1793
-1818
-1667
-1744
-1970
-2034
-1788
-1623
-1535
-1085
-1532
-1677
-1671
-1397
-509
-294
-669
-1371
-1355
-688
394
474
-227
-706
-574
-84
128
664
630
-253
-719
-315
560
747
85
-485
-543
-220
-69
79
-117
-650
-951
-757
-467
-510
-604
-958
-1251
-1105
-903
-762
-950
-1283
-1366
-1252
-970
-949
-970
-941
-1072
-1055
-870
-508
-234
-311
-584
-563
-92
273
225
183
551
615
1194
1400
901
926
1125
2219
2883
2437
1646
1428
2023
3039
3560
3292
2484
1827
2434
3198
3686
3592
2526
1716
1758
2483
3205
2574
1360
699
826
1350
1410
869
322
-289
-561
-296
-245
-310
-774
-1407
-1553
-1383
-1257
-1370
-1726
-1880
-1841
-1954
-1938
-1864
-1731
-1708
-1954
-2064
-1802
-1789
-1337
-1135
-1590
-1551
-1757
-1131
-454
-337
-698
-1314
-1256
-320
524
321
-257
-622
-255
60
375
782
436
-259
-472
58
758
565
-66
-413
-415
-138
179
32
-461
-869
-787
-437
-579
-748
-867
-1081
-1160
-1177
-1062
-962
-1307
-1432
-1238
-1222
-1201
-1252
-1159
-952
-990
-1041
-995
-769
-407
-389
-398
-388
-311
-108
127
229
645
704
849
1286
858
1002
1226
1964
2629
2445
1927
1558
1964
2790
3536
3377
2603
2018
2412
3108
3483
3439
2860
2092
1766
2228
2967
2837
1826
860
798
1263
1411
1127
519
-58
-461
-348
-214
-279
-530
-1064
-1489
-1486
-1306
-1249
-1417
-1765
-1869
-1906
-1955
-1858
-1753
-1524
-1687
-2090
-1931
-1810
-1424
-1203
-1314
-1454
-1577
-1389
-906
-422
-530
-829
-1097
-655
-124
196
109
-346
-362
-198
100
336
366
177
-169
-365
-65
376
326
-105
-500
-460
-149
-216
-307
-520
-752
-754
-817
-742
-783
-954
-1087
-1234
-1165
-1051
-1097
-1272
-1358
-1344
-1176
-1009
-1124
-1154
-1181
-1080
-819
-714
-598
-543
-511
-375
-177
53
178
152
307
819
931
1432
1322
997
1192
1421
2551
2980
2447
1607
1591
2399
3447
3697
3006
2388
2136
2698
3241
3524
3382
2455
1704
1763
2495
3077
2385
1190
601
909
1334
1283
752
162
-341
-547
-388
-396
-431
-855
-1375
-1614
-1511
-1255
-1325
-1703
-1871
-1879
-1887
-1883
-1851
-1601
-1630
-1942
-1983
-1901
-1509
-1407
-942
-748
-1744
-1810
-1455
-323
335
-221
-1080
-1411
-878
236
1082
500
-430
-1013
-303
436
885
1107
33
-995
-804
408
1234
479
-658
-1045
-551
-82
124
-98
-764
-1289
-1176
-463
-527
-839
-1143
-1472
-1350
-1133
-967
-1192
-1549
-1569
-1352
-1119
-1205
-1276
-1326
-1137
-924
-749
-717
-893
-603
-374
-202
-169
-103
-35
228
738
934
1197
957
911
1115
1531
2434
2792
2330
1540
1612
2528
3480
3508
2916
2411
2249
2763
3322
3637
3334
2353
1800
1968
2733
3157
2398
1166
620
1023
1534
1487
768
62
-418
-459
-148
-93
-369
-1082
-1573
-1488
-1226
-1123
-1438
-1890
-2004
-1814
-1702
-1827
-1910
-1815
-1700
-1773
-1863
-1767
-1674
-1515
-1371
-667
-896
-1689
-1697
-1023
204
395
-341
-1200
-1151
-319
829
1152
197
-799
-714
164
754
1100
695
-468
-1090
-373
934
1121
-67
-1095
-1018
-331
39
56
-409
-1186
-1555
-1046
-445
-540
-1056
-1586
-1715
-1445
-990
-1039
-1377
-1693
-1756
-1399
-1181
-1111
-1291
-1322
-1138
-943
-780
-849
-659
-401
-286
-321
-195
-19
129
657
1002
1325
802
637
1199
1702
2577
2669
2184
1604
1665
2588
3638
3571
2814
2379
2347
2877
3381
3730
3455
2353
1898
2159
2863
3248
2357
1316
819
1099
1618
1586
930
172
-355
-408
-51
33
-214
-975
-1627
-1436
-1141
-1034
-1354
-1907
-2023
-1941
-1774
-1726
-1846
-1859
-1847
-1832
-1820
-1736
-1686
-1459
-1532
-993
-681
-1434
-1601
-1345
-164
423
-132
-872
-1094
-595
417
1114
561
-384
-840
-107
696
970
884
-71
-922
-572
527
1174
314
-837
-997
-551
-147
32
-299
-1026
-1531
-1311
-633
-649
-1075
-1551
-1786
-1598
-1248
-1097
-1409
-1849
-1897
-1437
-1231
-1247
-1360
-1484
-1207
-958
-690
-769
-963
-622
-264
-59
-53
-184
-111
429
998
1617
1190
418
767
1571
2710
2996
2272
1530
1521
2377
3699
3932
3087
2393
2227
2908
3548
3865
3655
2464
1777
2182
2990
3386
2476
1359
899
1064
1557
1712
1120
258
-379
-468
-23
120
-103
-836
-1663
-1600
-1079
-825
-1197
-1931
-2145
-1960
-1781
-1633
-1744
-1944
-2022
-2020
-1841
-1663
-1664
-1563
-1671
-1189
-908
-1266
-1512
-1441
-464
195
-65
-755
-1024
-698
294
923
635
-188
-701
-260
472
987
878
16
-806
-592
428
1075
454
-605
-939
-584
-179
133
-115
-828
-1428
-1335
-660
-495
-856
-1388
-1676
-1553
-1229
-994
-1228
-1664
-1850
-1457
-1149
-1262
-1331
-1410
-1196
-1006
-858
-828
-916
-673
-364
-144
-159
-221
-171
389
805
1320
1183
405
554
1272
2436
2922
2241
1308
1342
2181
3419
3793
2985
2249
2068
2639
3403
3766
3531
2544
1722
2089
2952
3357
2627
1405
897
1207
1590
1713
1158
331
-176
-338
-20
80
-75
-659
-1469
-1574
-1085
-794
-1146
-1814
-2049
-1782
-1604
-1655
-1730
-1850
-1838
-1819
-1735
-1417
-1642
-1513
-1473
-1288
-870
-1013
-1077
-1105
-798
-356
-69
-302
-542
-530
-28
382
337
206
-62
-74
169
507
624
233
-230
-188
209
392
155
-147
-390
-477
-401
-239
-287
-634
-1030
-1101
-854
-759
-951
-1300
-1459
-1491
-1388
-1205
-1354
-1578
-1760
-1581
-1254
-1266
-1413
-1511
-1272
-1000
-875
-870
-909
-866
-576
-158
-118
-218
-358
188
676
1113
1266
541
501
884
2035
2974
2487
1408
1132
1906
3194
3802
3187
2375
1948
2438
3250
3682
3587
2661
1780
1958
2683
3287
2751
1558
980
1196
1588
1646
1190
469
5
-239
-50
70
-54
-509
-1206
-1422
-1113
-774
-1021
-1618
-1872
-1696
-1477
-1580
-1705
-1657
-1676
-1714
-1730
-1643
-1558
-1452
-1391
-803
-1018
-1506
-1475
-1127
-69
160
-349
-1102
-1087
-400
669
969
219
-592
-631
92
657
1134
703
-424
-940
-275
961
1099
-56
-894
-817
-279
-50
-22
-323
-987
-1444
-1084
-507
-571
-924
-1546
-1682
-1366
-1143
-986
-1297
-1734
-1805
-1523
-1173
-1153
-1415
-1531
-1400
-1101
-851
-851
-868
-779
-646
-395
-131
-203
-117
208
505
1155
932
587
609
945
2184
2788
2299
1251
1096
2059
3389
3720
2949
2127
1919
2548
3330
3907
3532
2253
1486
1962
3026
3503
2551
1185
767
1241
1760
1803
1186
362
-208
-242
157
281
15
-717
-1403
-1307
-837
-673
-1051
-1736
-1872
-1565
-1379
-1484
-1696
-1698
-1662
-1642
-1526
-1557
-1534
-1560
-1097
-591
-1195
-1569
-1604
-700
189
51
-680
-1177
-1020
-186
853
703
-12
-829
-567
83
738
1246
363
-835
-955
134
1167
746
-422
-832
-597
-296
9
78
-419
-1197
-1342
-675
-426
-672
-1047
-1444
-1445
-1252
-1124
-1034
-1312
-1623
-1598
-1459
-1174
-1151
-1268
-1354
-1339
-923
-766
-860
-853
-781
-510
-309
-280
-423
35
379
828
858
310
560
712
1559
2313
2342
1581
931
1391
2635
3606
3214
2379
1818
2109
2831
3587
3823
2891
1666
1471
2449
3412
3132
1791
807
972
1478
1788
1533
793
71
-329
-48
300
327
-230
-1102
-1417
-1019
-600
-695
-1323
-1877
-1668
-1354
-1318
-1432
-1589
-1679
-1705
-1641
-1136
-1165
-1518
-1655
-1458
-684
-632
-904
-1155
-1017
-550
-71
-6
-309
-590
-442
138
435
530
117
-307
-282
271
840
566
-153
-496
-257
167
288
100
-305
-752
-790
-398
-170
-414
-938
-1221
-1088
-905
-782
-922
-1249
-1420
-1465
-1324
-1142
-1140
-1324
-1631
-1555
-1234
-957
-1049
-1335
-1229
-928
-701
-697
-746
-631
-414
-280
-404
-125
379
702
932
328
264
734
1398
2153
2129
1575
1126
1340
2129
3101
3093
2545
1917
1873
2543
3103
3420
3072
2061
1573
1994
2819
3098
2198
1209
963
1303
1547
1452
1053
564
61
-116
118
194
61
-463
-1030
-1056
-921
-745
-861
-1334
-1524
-1504
-1391
-1321
-1337
-1341
-1529
-1614
-1525
-1170
-1267
-961
-964
-1334
-1121
-1307
-573
-156
-211
-603
-958
-730
-44
590
310
-206
-424
-85
34
334
663
295
-326
-624
-12
644
279
-338
-612
-432
-326
-271
-279
-600
-989
-1001
-711
-698
-813
-1093
-1307
-1335
-1179
-1023
-1084
-1422
-1599
-1442
-1287
-1246
-1330
-1232
-1238
-1356
-1277
-1049
-698
-607
-818
-939
-712
-291
-221
-14
47
475
711
283
397
623
1521
2108
1938
1293
1095
1625
2432
3098
2814
2398
2011
2080
2571
3294
3615
2853
1838
1580
2364
3164
2919
1899
1074
1180
1537
1738
1479
780
292
68
205
323
261
-217
-869
-1006
-638
-456
-758
-1272
-1540
-1309
-1160
-1304
-1398
-1442
-1505
-1535
-1468
-1404
-1247
-1355
-1052
-757
-1181
-1202
-1247
-703
-31
-52
-518
-892
-843
-176
722
559
-55
-380
-148
123
417
903
515
-406
-669
14
751
383
-400
-658
-485
-529
-384
-96
-510
-1212
-1416
-808
-505
-806
-1165
-1529
-1538
-1277
-1090
-1020
-1407
-1818
-1648
-1358
-1216
-1187
-1312
-1378
-1437
-1261
-918
-824
-762
-803
-884
-548
-449
-275
134
167
708
382
224
602
959
1857
2070
1711
1168
1192
1898
3009
3087
2483
1969
2001
2648
2890
3298
3253
2373
1796
1877
2693
3188
2424
1467
1043
1333
1698
1648
1157
545
71
58
304
305
167
-473
-1142
-1123
-601
-419
-853
-1524
-1704
-1291
-1135
-1291
-1450
-1383
-1401
-1533
-1437
-1174
-1132
-1137
-1162
-1136
-823
-771
-774
-691
-562
-322
-146
-143
-245
-160
231
323
261
305
191
241
297
380
408
150
26
136
130
14
-172
-204
-255
-495
-514
-396
-550
-924
-1093
-1022
-833
-941
-1209
-1419
-1457
-1335
-1304
-1303
-1422
-1588
-1618
-1598
-1430
-1243
-1347
-1437
-1503
-1295
-1027
-1012
-973
-899
-737
-488
-597
-668
-2
266
846
696
83
368
665
1758
2424
2056
1186
810
1515
2962
3512
2826
1950
1522
2297
3046
3439
3396
2377
1562
1686
2556
3340
2683
1379
846
1167
1758
1845
1206
548
69
-2
315
295
141
-325
-992
-1073
-786
-504
-633
-1294
-1568
-1397
-1248
-1239
-1283
-1253
-1307
-1479
-1475
-1204
-1171
-603
-794
-1265
-1206
-1181
-217
145
-197
-660
-908
-495
345
766
469
-204
-420
46
384
779
894
204
-465
-470
317
986
349
-522
-759
-492
-212
-182
-340
-784
-1296
-1202
-810
-788
-1020
-1361
-1477
-1353
-1340
-1370
-1446
-1540
-1497
-1425
-1497
-1674
-1645
-1337
-1144
-1253
-1403
-1444
-1134
-857
-743
-608
-689
-571
-677
-246
308
546
854
257
250
580
1329
2207
2259
1585
1058
1385
2177
3263
3211
2591
1852
1794
2613
3329
3685
3064
1935
1480
2073
3036
3224
2165
949
777
1252
1699
1659
889
112
-345
-131
234
207
-161
-843
-1269
-1121
-779
-769
-1013
-1543
-1646
-1439
-1459
-1402
-1371
-1407
-1437
-1615
-1488
-1374
-1045
-587
-1065
-1196
-1143
-674
-91
-69
-290
-368
-398
-130
518
653
538
138
246
350
513
969
911
441
-81
81
701
742
202
-163
-100
-181
-310
-277
-312
-568
-965
-1018
-988
-921
-1050
-1276
-1364
-1390
-1414
-1522
-1593
-1642
-1513
-1505
-1685
-1854
-1732
-1400
-1233
-1339
-1625
-1517
-1152
-1003
-942
-819
-692
-677
-833
-265
188
602
675
35
161
575
1563
2353
2043
1080
943
1612
2675
3305
2861
2353
1787
2096
2871
3447
3570
2696
1728
1701
2427
3084
2863
1772
1022
1068
1305
1596
1419
801
111
-376
-40
263
119
-392
-1016
-1265
-1007
-786
-875
-1256
-1704
-1587
-1384
-1404
-1429
-1518
-1404
-1469
-1457
-943
-1211
-1248
-1169
-955
-337
-387
-629
-713
-579
-150
449
435
114
-168
124
559
778
1041
600
140
195
580
1097
841
180
-28
38
236
384
260
-163
-731
-784
-368
-271
-515
-1065
-1444
-1312
-1033
-957
-1181
-1625
-1846
-1600
-1403
-1394
-1536
-1771
-1876
-1808
-1474
-1275
-1402
-1628
-1655
-1338
-998
-941
-975
-860
-708
-588
-611
-123
217
614
611
76
348
790
1513
2103
1985
1358
1185
1420
2399
3277
2980
2389
1741
1899
2671
3285
3490
2721
1655
1543
2125
2891
2793
1747
988
912
1135
1457
1283
731
161
-297
-177
-36
10
-251
-888
-1241
-1076
-891
-815
-1167
-1557
-1440
-1409
-1455
-1357
-1323
-1165
-1322
-1418
-1191
-1185
-835
-812
-804
-612
-569
-530
-317
-200
113
305
92
176
163
461
633
780
825
466
307
486
866
940
603
192
175
293
288
338
125
-215
-567
-632
-384
-384
-626
-1131
-1395
-1285
-1085
-1051
-1307
-1745
-1913
-1679
-1508
-1492
-1712
-1907
-2013
-1958
-1619
-1370
-1441
-1757
-1902
-1468
-1047
-1066
-1054
-1087
-886
-732
-704
-141
60
545
481
-4
344
798
1666
2135
1749
1185
1318
1703
2661
3228
2868
2412
1931
2264
2871
3398
3587
2746
1787
1778
2460
3143
2852
1738
1110
1185
1353
1617
1303
755
233
-187
-26
7
12
-263
-995
-1262
-1079
-898
-883
-1394
-1678
-1472
-1465
-1472
-1489
-1459
-1316
-1444
-1554
-1166
-944
-872
-1163
-1273
-607
-180
-117
-365
-649
-400
140
577
727
240
0
233
632
931
921
694
321
155
527
984
739
245
-106
-45
236
133
-38
-337
-785
-800
-576
-519
-839
-1256
-1378
-1285
-1181
-1232
-1521
-1737
-1741
-1704
-1583
-1582
-1786
-1928
-1867
-1649
-1421
-1479
-1652
-1566
-1295
-1117
-1093
-1024
-861
-795
-671
-268
-122
520
499
86
171
507
1725
2205
1745
941
1056
1826
2696
3120
2776
2312
1900
2241
2878
3502
3515
2520
1725
1791
2616
3261
2626
1554
1080
1351
1603
1508
1137
630
180
-68
75
107
-88
-622
-1088
-1062
-870
-859
-1203
-1580
-1607
-1404
-1351
-1522
-1637
-1522
-1456
-1397
-1334
-1186
-1131
-1167
-1097
-914
-580
-417
-421
-486
-344
-116
167
376
412
388
251
393
742
969
831
508
505
645
772
787
602
429
263
228
306
238
29
-266
-473
-494
-460
-593
-853
-1118
-1146
-1114
-1247
-1348
-1460
-1520
-1608
-1703
-1720
-1637
-1687
-1806
-1867
-1783
-1601
-1582
-1572
-1581
-1445
-1282
-1261
-1159
-930
-793
-845
-560
-411
322
618
-20
-78
142
1338
2138
1872
1097
821
1365
2324
3134
2982
2418
1784
1915
2535
3290
3784
2975
1793
1464
2218
3269
3089
1914
1036
1110
1537
1680
1419
880
294
-25
53
152
164
-264
-973
-1221
-913
-720
-931
-1458
-1678
-1389
-1269
-1453
-1618
-1585
-1399
-1410
-1316
-707
-1029
-1480
-1482
-1061
116
359
-405
-1107
-1038
-143
1008
1213
396
-321
-283
391
1106
1645
1268
92
-356
276
1456
1696
577
-304
-252
312
648
573
109
-567
-882
-571
-165
-203
-763
-1423
-1545
-1111
-876
-1066
-1535
-1910
-1780
-1555
-1542
-1672
-1848
-1919
-1934
-1879
-1633
-1589
-1613
-1657
-1636
-1381
-1203
-1239
-1238
-1025
-574
-377
36
30
-398
-295
136
1368
2040
1474
459
454
1424
2697
3085
2448
1844
1608
2174
2813
3401
3474
2537
1573
1724
2721
3516
2839
1457
1039
1476
1967
1902
1290
713
345
211
398
450
244
-339
-1031
-1061
-601
-401
-817
-1685
-1736
-1251
-937
-1086
-1813
-1810
-1574
-1266
-996
-1064
-1260
-1425
-1395
-930
-250
-207
-532
-908
-645
19
436
574
252
-59
137
603
1052
1012
649
441
509
802
945
920
691
369
292
503
573
393
89
-159
-178
-212
-268
-417
-679
-835
-910
-915
-1002
-1267
-1456
-1460
-1400
-1443
-1570
-1731
-1821
-1725
-1604
-1591
-1698
-1786
-1663
-1505
-1394
-1358
-1279
-1193
-1191
-1168
-884
-544
-147
212
-292
-564
-349
589
1674
1662
913
356
656
1671
2688
2755
2205
1415
1454
2151
2880
3394
2930
1937
1414
1878
2919
3198
2271
1255
1059
1516
1811
1639
1192
731
268
152
245
410
405
-312
-953
-995
-589
-392
-833
-1416
-1489
-1086
-1088
-1363
-1488
-1369
-1139
-1204
-1293
-1248
-1137
-1037
-946
-766
-461
-410
-646
-681
-355
234
479
95
-165
85
504
804
765
625
485
452
692
925
912
603
346
454
586
524
352
122
21
-27
-95
-164
-329
-585
-759
-816
-781
-831
-1083
-1327
-1442
-1422
-1341
-1386
-1550
-1689
-1798
-1775
-1651
-1520
-1506
-1667
-1763
-1660
-1335
-1090
-1178
-1365
-1355
-897
-615
-80
12
-498
-612
-490
661
1635
1435
579
179
711
1873
2654
2391
1795
1390
1681
2273
2820
3158
2734
1864
1496
2010
2977
3031
1959
1185
1305
1650
1798
1473
1039
777
380
265
290
328
254
-374
-847
-814
-600
-400
-918
-1371
-1200
-1151
-1159
-1367
-1431
-1150
-1167
-1364
-1373
-1236
-950
-741
-967
-976
-746
-504
-264
-379
-200
-70
-61
134
336
581
505
364
526
771
833
834
786
665
621
706
910
845
499
336
285
351
333
185
-23
-258
-402
-439
-471
-656
-816
-946
-1124
-1224
-1229
-1331
-1530
-1651
-1587
-1577
-1663
-1783
-1795
-1720
-1665
-1616
-1586
-1579
-1578
-1428
-1277
-1241
-1035
-946
-759
-263
-305
-324
-487
-263
694
1262
1016
457
348
863
1911
2312
2080
1595
1362
1673
2153
2767
2952
2357
1574
1419
2186
3047
2702
1620
1152
1295
1704
1831
1382
970
528
382
509
479
470
88
-472
-670
-589
-318
-357
-1096
-1267
-956
-1066
-1045
-1287
-1182
-903
-1223
-1359
-1234
-982
-697
-692
-940
-1002
-732
-226
-133
-322
-230
-200
-37
130
350
661
482
217
338
683
889
873
692
473
431
641
917
779
408
212
177
324
293
100
-11
-251
-400
-464
-542
-584
-709
-854
-1120
-1267
-1194
-1158
-1326
-1523
-1586
-1559
-1511
-1587
-1626
-1585
-1573
-1563
-1556
-1443
-1318
-1287
-1409
-1293
-986
-614
-209
-627
-804
-695
-248
686
1054
700
124
59
702
1852
2228
1797
1219
1086
1588
2138
2605
2709
2133
1460
1405
2090
2886
2645
1563
1018
1320
1778
1890
1367
839
572
582
694
585
413
83
-330
-407
-395
-246
-224
-843
-1094
-1051
-903
-839
-1004
-1031
-1018
-1219
-1263
-1023
-788
-631
-925
-1015
-877
-642
-333
-287
-369
-386
-300
-70
161
261
316
213
235
435
602
654
565
518
612
644
587
589
631
638
507
284
241
287
340
249
9
-174
-293
-353
-408
-433
-549
-790
-1045
-1185
-1089
-1014
-1099
-1357
-1594
-1605
-1516
-1360
-1374
-1484
-1579
-1622
-1573
-1345
-1065
-1142
-1320
-1348
-1071
-217
-118
-637
-882
-792
202
999
915
294
-109
156
1112
1871
1907
1443
885
1024
1535
2290
2748
2215
1299
990
1577
2531
2655
1765
1011
962
1400
1713
1556
1142
586
340
463
614
714
368
-309
-624
-409
-56
24
-597
-1197
-1164
-831
-539
-724
-996
-1133
-1210
-1077
-819
-660
-707
-957
-1103
-750
-381
-278
-378
-537
-371
-142
131
289
172
138
160
371
666
728
609
469
493
707
871
776
546
478
657
776
567
358
263
283
319
178
80
-85
-306
-451
-476
-378
-448
-791
-1094
-1160
-1019
-920
-1032
-1355
-1516
-1516
-1475
-1295
-1329
-1396
-1515
-1630
-1515
-1275
-1123
-1228
-1272
-1306
-955
-306
-464
-700
-907
-695
301
779
635
114
-190
192
1139
1747
1688
1136
783
1027
1511
2234
2471
1959
1233
956
1570
2450
2412
1601
952
934
1348
1609
1483
1075
571
401
428
559
699
339
-162
-470
-439
-37
141
-473
-1050
-1070
-748
-393
-576
-861
-1062
-1163
-1011
-697
-437
-560
-972
-1098
-759
-346
-117
-303
-597
-550
-236
190
269
152
49
60
303
495
659
601
394
338
565
811
750
576
472
550
591
487
369
288
316
238
119
17
-120
-164
-264
-381
-405
-475
-630
-865
-1020
-969
-868
-939
-1212
-1366
-1410
-1298
-1203
-1274
-1236
-1354
-1506
-1431
-1226
-969
-994
-1240
-1245
-1119
-453
-148
-484
-748
-922
-189
702
881
405
-44
-81
622
1535
1738
1396
822
745
1143
1788
2354
2156
1418
884
1096
2027
2467
1867
1123
856
1014
1392
1492
1200
755
334
338
506
560
440
-26
-395
-370
-186
-4
-315
-919
-1032
-766
-541
-561
-807
-1082
-1130
-1019
-739
-512
-624
-897
-1088
-833
-393
-204
-289
-519
-603
-342
36
269
299
61
-60
156
511
725
643
456
367
447
688
834
763
646
504
435
505
576
591
491
208
77
130
143
28
-187
-271
-383
-546
-597
-647
-710
-845
-1011
-1035
-1100
-1239
-1254
-1237
-1260
-1308
-1339
-1385
-1414
-1375
-1303
-1177
-1191
-1233
-1218
-1100
-1033
-557
-145
-501
-808
-962
-276
758
986
471
-183
-263
520
1599
1964
1463
740
639
1062
1844
2522
2354
1408
638
971
2090
2712
2056
950
634
1015
1523
1698
1310
674
292
384
565
747
540
13
-389
-382
-42
125
-220
-964
-1016
-638
-346
-486
-960
-1084
-1000
-794
-632
-621
-753
-984
-1053
-737
-306
-192
-475
-799
-722
-262
198
274
-72
-314
-164
279
614
582
370
199
222
466
752
769
575
316
279
476
568
592
454
182
38
71
210
132
-114
-313
-331
-274
-414
-596
-688
-668
-751
-894
-1020
-1087
-1059
-1066
-1115
-1147
-1227
-1311
-1295
-1263
-1129
-1121
-1166
-1201
-1222
-1087
-1012
-842
-826
-509
-127
-479
-638
-661
0
926
958
387
-41
103
834
1758
1859
1423
890
904
1425
1973
2387
2225
1603
1030
1183
2044
2511
1951
1043
713
1019
1433
1493
1126
576
157
202
424
499
304
-189
-539
-545
-406
-269
-523
-915
-939
-839
-826
-1057
-1136
-754
-541
-739
-1099
-1342
-1039
-484
-230
-304
-738
-1135
-910
-234
422
434
-176
-638
-485
295
913
902
369
-183
-37
629
1138
1085
549
159
221
509
878
976
580
60
-99
249
624
477
0
-353
-348
-177
-166
-286
-493
-731
-824
-842
-859
-835
-911
-1136
-1272
-1282
-1225
-1169
-1295
-1351
-1315
-1292
-1294
-1407
-1254
-1102
-1090
-1045
-1087
-1042
-811
-827
-369
108
-217
-408
-662
-23
1131
1377
846
155
47
1015
2132
2256
1712
961
1030
1625
2187
2698
2453
1572
955
1186
2251
2788
1909
806
567
1051
1600
1463
829
314
54
277
414
298
70
-415
-769
-760
-484
-201
-504
-1232
-1364
-1000
-627
-662
-1008
-1098
-1084
-1047
-880
-734
-631
-667
-885
-881
-628
-284
-107
-289
-489
-381
-5
257
199
124
210
290
305
370
506
636
578
321
345
588
722
630
363
300
410
446
337
143
89
122
-13
-214
-296
-252
-226
-411
-705
-824
-763
-717
-821
-948
-1011
-1168
-1319
-1284
-1133
-1025
-1191
-1481
-1451
-1238
-1081
-1060
-1230
-1217
-1086
-963
-847
-852
-700
-585
-484
-509
-8
484
237
11
-199
555
1560
1650
1076
568
617
1467
2382
2414
1869
1249
1351
1806
2295
2677
2388
1601
1005
1212
2129
2495
1663
672
481
880
1303
1170
560
25
-204
-8
54
10
-176
-679
-994
-975
-748
-440
-808
-1451
-1403
-1085
-857
-969
-1200
-1209
-1095
-1110
-1008
-826
-698
-671
-873
-841
-594
-283
-96
-247
-381
-192
62
202
222
266
362
398
342
387
600
698
630
484
452
513
557
571
512
433
344
176
110
136
133
133
-39
-341
-512
-426
-255
-263
-611
-981
-989
-835
-795
-933
-1138
-1237
-1308
-1286
-1158
-1153
-1162
-1356
-1424
-1220
-1019
-909
-1039
-1213
-1120
-777
-602
-531
-589
-589
-329
-232
326
781
452
207
77
769
1832
1900
1292
793
807
1628
2468
2414
1987
1460
1430
1801
2164
2644
2455
1535
905
1073
1999
2414
1438
497
371
743
1128
869
363
-10
-326
-301
-179
-76
-143
-774
-1252
-1155
-837
-489
-764
-1509
-1531
-1282
-1050
-846
-952
-1008
-1216
-1380
-1120
-576
-291
-558
-1032
-953
-521
-160
57
-129
-290
-253
-79
252
460
372
199
174
320
537
645
512
338
317
487
515
374
262
220
333
295
85
-31
-109
-134
-118
-165
-310
-549
-697
-641
-512
-537
-807
-1097
-1135
-1016
-886
-912
-1131
-1316
-1399
-1340
-1129
-972
-1033
-1216
-1328
-1120
-832
-703
-729
-788
-603
-455
-318
-215
-123
60
180
263
502
959
1026
878
727
968
1713
2036
1845
1424
1248
1582
2094
2459
2274
1765
1544
1544
1856
2252
2271
1781
1025
759
1264
1835
1547
726
188
209
509
567
382
11
-476
-658
-542
-334
-291
-676
-1167
-1350
-1094
-795
-687
-1092
-1467
-1411
-1236
-924
-867
-902
-1114
-1270
-1112
-722
-391
-501
-782
-820
-537
-250
-75
-131
-209
-176
-86
116
201
188
201
179
211
264
282
304
299
244
248
169
73
127
158
176
51
-105
-148
-168
-212
-271
-313
-367
-480
-663
-704
-649
-642
-683
-840
-951
-967
-1048
-999
-912
-908
-980
-1093
-1118
-1034
-813
-668
-635
-748
-800
-635
-409
-210
-167
-126
-60
-26
187
474
577
636
506
647
1175
1364
1273
951
865
1395
1989
1995
1635
1169
1178
1721
2098
2226
1790
1294
1168
1300
1721
1986
1652
956
481
646
1286
1469
843
93
-182
136
513
426
-20
-579
-752
-549
-343
-272
-611
-1114
-1291
-1025
-541
-498
-911
-1443
-1429
-874
-489
-531
-970
-1293
-1193
-643
-265
-325
-656
-987
-861
-347
65
-18
-448
-726
-549
-48
277
106
-215
-435
-377
3
292
187
-112
-337
-285
-42
99
51
-181
-332
-316
-210
-91
-188
-396
-460
-471
-430
-395
-502
-618
-723
-712
-588
-602
-695
-827
-908
-769
-678
-691
-708
-799
-795
-662
-537
-370
-314
-413
-398
-229
43
205
125
97
216
471
672
642
659
704
846
1011
1055
1282
1335
1250
1095
1092
1435
1777
1760
1373
1151
1135
1540
1792
1681
1377
1100
1111
1188
1292
1360
1244
841
502
526
892
962
489
7
-60
173
315
31
-318
-476
-509
-393
-425
-496
-625
-894
-1011
-802
-553
-508
-915
-1239
-981
-650
-502
-722
-983
-942
-789
-681
-537
-525
-640
-794
-852
-556
-243
-220
-540
-831
-643
-253
-77
-234
-525
-583
-429
-251
-173
-187
-309
-443
-463
-326
-153
-139
-333
-522
-458
-314
-270
-379
-476
-453
-425
-443
-475
-494
-504
-479
-503
-468
-455
-488
-470
-488
-420
-298
-265
-331
-406
-322
-80
18
19
-65
-76
113
276
384
369
279
324
499
631
738
695
626
697
733
900
1014
974
1118
968
1023
1061
996
1242
1285
1287
1188
995
927
1206
1284
1339
1178
891
879
856
1084
1191
976
716
450
455
707
743
578
247
-29
31
200
150
45
-197
-267
-295
-409
-306
-385
-448
-495
-660
-610
-604
-657
-595
-623
-668
-730
-810
-829
-754
-687
-666
-815
-950
-911
-813
-629
-691
-907
-955
-915
-765
-671
-746
-796
-827
-802
-742
-660
-592
-649
-734
-739
-673
-564
-508
-572
-605
-555
-518
-460
-410
-414
-375
-398
-416
-394
-312
-199
-214
-271
-290
-242
-118
-22
-17
-7
-19
-43
67
211
263
235
130
139
253
400
458
388
351
405
515
628
640
631
639
597
681
815
910
844
718
709
912
1020
1149
1024
785
875
863
1126
1193
1047
887
774
802
1020
1145
1002
868
692
771
805
872
960
720
499
436
518
721
600
342
214
157
185
203
123
10
-142
-252
-280
-289
-250
-336
-509
-635
-667
-667
-604
-611
-659
-787
-976
-937
-770
-681
-791
-1002
-1085
-1010
-915
-866
-900
-994
-1065
-1106
-1052
-894
-869
-980
-1095
-1054
-891
-770
-782
-840
-855
-842
-732
-615
-566
-623
-687
-629
-532
-397
-306
-332
-371
-332
-216
-102
-57
-22
44
62
55
118
224
301
302
271
278
282
319
349
386
394
341
309
300
355
431
401
317
294
353
442
482
449
427
480
499
586
602
631
631
622
639
675
725
697
721
681
891
880
702
601
629
950
1078
884
631
612
765
1023
1029
881
707
652
766
878
979
942
690
477
540
741
861
619
282
183
262
339
287
92
-102
-228
-259
-237
-285
-348
-535
-733
-744
-675
-653
-814
-1035
-1055
-955
-960
-1063
-1181
-1186
-1134
-1141
-1158
-1210
-1232
-1211
-1237
-1192
-1139
-1160
-1192
-1230
-1135
-1007
-991
-1004
-1034
-978
-870
-817
-717
-668
-694
-644
-554
-429
-293
-262
-235
-176
-101
9
98
173
226
217
251
305
418
482
412
377
410
496
518
466
415
413
438
424
418
384
390
371
329
349
360
414
393
346
363
422
485
473
449
482
560
632
604
580
604
688
756
697
683
659
721
765
751
772
807
783
740
740
765
888
877
809
721
666
753
839
876
804
666
614
593
626
695
640
485
316
225
294
355
253
103
-102
-180
-173
-189
-234
-371
-552
-668
-703
-662
-645
-794
-959
-1018
-1003
-980
-1058
-1137
-1161
-1216
-1225
-1259
-1252
-1211
-1251
-1305
-1342
-1292
-1187
-1180
-1221
-1207
-1162
-1090
-1029
-968
-871
-850
-859
-752
-582
-461
-445
-476
-365
-187
-79
-21
-26
58
156
190
269
352
403
400
358
403
536
585
510
422
432
521
567
506
421
388
417
399
349
358
348
331
252
182
259
335
290
200
187
273
328
308
288
332
427
447
434
472
561
621
650
653
709
787
796
785
786
917
977
928
831
822
952
1009
966
861
831
808
781
751
739
787
672
498
377
430
523
440
282
116
99
67
41
-12
-95
-190
-361
-434
-452
-416
-466
-665
-821
-845
-749
-748
-907
-1033
-1037
-983
-997
-1039
-1089
-1101
-1111
-1138
-1105
-1075
-1088
-1137
-1150
-1071
-983
-976
-1039
-1037
-929
-804
-765
-778
-744
-676
-562
-468
-407
-346
-325
-283
-173
-55
27
25
5
62
191
284
284
265
286
337
349
406
429
427
418
342
369
426
432
409
341
307
326
323
308
253
245
246
202
194
187
169
140
136
160
234
228
163
176
235
354
426
399
376
396
524
649
685
685
630
655
774
866
893
850
754
750
816
862
882
785
673
600
595
640
615
523
390
282
285
299
241
159
77
7
-23
-82
-114
-91
-169
-279
-358
-339
-298
-361
-458
-523
-524
-501
-528
-574
-583
-623
-632
-615
-598
-580
-608
-662
-676
-627
-569
-573
-629
-676
-647
-571
-538
-564
-586
-594
-584
-495
-453
-460
-480
-489
-437
-379
-332
-303
-311
-316
-289
-222
-149
-130
-147
-165
-140
-69
-29
-48
-59
-49
-32
-21
-16
27
34
-10
-27
3
51
65
17
-16
-5
36
58
20
-2
-9
14
40
53
62
74
81
104
168
222
250
256
275
359
455
504
508
526
600
679
725
749
782
802
807
821
863
901
890
818
779
785
800
801
732
655
597
557
559
551
490
397
296
252
256
239
186
81
-33
-78
-79
-68
-136
-253
-316
-352
-352
-346
-393
-471
-539
-550
-510
-511
-559
-607
-626
-616
-594
-566
-551
-591
-605
-588
-532
-480
-496
-513
-502
-465
-430
-405
-414
-392
-388
-370
-323
-329
-313
-311
-280
-222
-210
-227
-221
-191
-139
-98
-107
-111
-112
-88
-41
-27
-18
-48
-62
-51
-20
19
2
-35
-64
-18
4
-2
-27
-48
-28
-32
-33
-42
-48
-43
-39
-18
-11
-23
-16
19
66
98
104
109
135
188
261
301
308
307
350
425
481
514
517
534
562
609
650
660
633
621
660
677
665
625
574
548
549
548
513
444
350
302
297
283
249
159
72
10
1
17
-31
-114
-188
-218
-207
-213
-260
-305
-330
-352
-362
-356
-352
-361
-397
-416
-389
-349
-343
-369
-385
-363
-312
-275
-283
-301
-281
-256
-230
-225
-213
-184
-182
-196
-225
-190
-132
-126
-158
-208
-195
-155
-133
-127
-155
-168
-180
-167
-141
-118
-112
-140
-134
-125
-85
-64
-83
-75
-61
-44
-27
-25
-35
-36
-37
-12
27
15
-12
-30
-9
39
33
10
8
22
36
25
27
40
38
32
45
80
114
98
61
83
142
197
212
191
186
202
245
298
324
318
319
328
346
375
381
392
392
381
382
382
377
358
337
344
331
289
243
222
237
214
142
75
62
50
23
-21
-83
-121
-160
-176
-175
-204
-241
-284
-296
-290
-290
-282
-287
-317
-324
-291
-263
-247
-262
-259
-227
-215
-201
-187
-166
-148
-143
-123
-95
-81
-89
-99
-83
-36
-18
-30
-54
-82
-58
-13
11
-9
-58
-91
-83
-48
-17
-26
-75
-126
-121
-64
-28
-42
-86
-117
-122
-88
-40
-9
-24
-82
-110
-68
16
55
18
-41
-69
-30
25
55
59
21
-22
-21
27
80
104
58
12
19
67
118
99
77
88
116
145
118
96
138
171
192
205
197
196
180
194
250
302
298
228
180
206
268
302
276
193
162
197
215
209
177
133
99
74
69
77
60
7
-59
-76
-41
-39
-76
-139
-185
-162
-136
-144
-160
-194
-211
-214
-206
-174
-169
-199
-228
-233
-199
-172
-177
-178
-187
-197
-196
-174
-132
-127
-149
-159
-146
-105
-78
-82
-73
-48
-53
-62
-51
-24
5
-3
-29
-46
-42
-22
-16
-16
-31
-47
-52
-59
-37
-7
-1
-17
-46
-26
22
45
24
0
23
53
44
36
47
58
63
47
49
65
79
83
72
76
82
85
98
99
94
90
83
95
113
109
96
79
74
73
84
102
100
93
65
64
111
137
120
68
53
110
146
119
82
88
123
112
85
104
114
91
45
41
86
95
48
2
12
30
23
-4
-20
-25
-29
-46
-51
-40
-54
-77
-77
-57
-53
-70
-91
-102
-85
-65
-61
-59
-82
-105
-112
-106
-79
-69
-85
-125
-155
-145
-117
-103
-116
-140
-153
-153
-150
-143
-122
-124
-141
-149
-140
-113
-105
-106
-91
-88
-111
-106
-83
-66
-72
-83
-61
-45
-57
-69
-42
8
7
-22
-20
7
34
44
55
89
99
86
92
113
148
166
162
156
150
149
169
177
170
161
146
145
140
128
125
109
98
94
75
77
60
40
37
37
40
19
11
15
13
7
4
16
27
16
7
15
25
40
54
54
38
18
38
62
71
55
18
6
13
35
55
33
-18
-38
-31
-14
1
-22
-41
-71
-96
-63
-20
-16
-61
-106
-85
-43
-33
-42
-60
-69
-75
-66
-25
-6
-23
-57
-70
-45
-11
-7
-25
-51
-70
-57
-33
-25
-38
-57
-67
-80
-76
-60
-56
-77
-106
-115
-111
-101
-98
-82
-95
-130
-150
-129
-77
-68
-83
-92
-89
-61
-36
-15
5
18
21
26
40
64
99
104
95
110
141
162
155
151
176
188
163
143
154
176
165
143
138
126
113
104
109
108
73
42
33
37
21
6
3
-11
-37
-56
-41
-25
-43
-65
-65
-49
-49
-61
-66
-53
-28
-26
-40
-58
-60
-28
-2
-1
-24
-44
-43
-31
5
35
33
-17
-56
-33
14
38
19
-13
-38
-45
-21
10
8
-37
-72
-64
-43
-29
-32
-46
-56
-76
-76
-50
-32
-44
-71
-65
-34
-15
-7
-12
-15
-11
-8
4
17
15
7
6
24
33
30
12
3
8
19
33
3
-25
-30
-6
25
15
-10
-34
-31
-2
23
33
22
-4
-21
0
38
69
55
18
9
32
61
66
67
62
58
55
68
88
94
86
75
91
93
79
81
81
83
82
78
72
41
21
29
33
21
-8
-18
-29
-57
-63
-65
-62
-70
-96
-111
-116
-117
-102
-84
-91
-116
-139
-123
-91
-76
-72
-90
-102
-93
-69
-30
-4
-11
-25
-29
-19
20
41
30
16
7
22
34
39
49
42
34
19
17
28
15
0
1
11
5
-21
-39
-30
-11
-22
-39
-44
-38
-34
-28
-21
-12
-12
-23
-21
-10
3
0
-5
-3
-6
6
7
6
7
11
30
33
15
-2
7
34
52
46
36
38
50
66
76
80
83
78
79
93
105
106
85
77
96
113
113
90
70
73
91
110
113
83
59
60
76
95
82
52
21
1
6
19
21
-8
-55
-81
-77
-67
-68
-94
-129
-146
-157
-154
-141
-138
-148
-159
-160
-146
-137
-130
-123
-119
-117
-115
-104
-80
-67
-64
-49
-39
-41
-42
-29
1
16
15
12
18
29
32
44
67
70
58
44
47
69
82
73
53
40
27
21
29
34
28
3
-29
-34
-19
-5
-16
-38
-46
-52
-57
-55
-44
-36
-46
-65
-65
-49
-35
-36
-39
-33
-28
-19
-9
5
5
3
16
33
43
37
28
36
53
70
85
92
92
90
92
104
117
122
122
121
127
128
135
136
135
139
139
140
131
122
120
131
137
120
98
82
72
72
60
50
37
7
-17
-26
-24
-30
-48
-72
-89
-108
-123
-123
-130
-144
-163
-175
-186
-191
-193
-195
-188
-186
-197
-209
-193
-172
-161
-152
-142
-135
-133
-116
-84
-63
-58
-48
-25
-2
11
25
51
63
65
71
84
98
95
95
100
102
95
86
91
89
79
72
70
57
37
23
17
10
-5
-18
-27
-32
-39
-52
-65
-69
-72
-71
-75
-81
-80
-77
-72
-62
-53
-49
-43
-36
-22
-3
7
12
18
34
51
52
65
88
91
88
96
116
124
116
111
121
135
133
131
135
142
139
135
146
153
143
131
129
136
129
111
97
91
89
77
71
59
35
10
-2
-5
-12
-29
-59
-81
-93
-98
-110
-133
-143
-161
-172
-180
-191
-192
-201
-206
-210
-213
-203
-201
-200
-193
-187
-181
-169
-153
-133
-120
-111
-97
-83
-56
-33
-18
-1
17
45
63
74
90
105
118
129
145
161
165
160
164
177
186
175
164
163
162
152
130
119
111
87
62
47
39
12
-22
-41
-52
-56
-79
-102
-106
-116
-128
-141
-150
-148
-150
-148
-141
-137
-131
-132
-123
-105
-85
-71
-70
-58
-38
-11
12
20
31
40
53
81
117
137
139
134
134
150
174
190
193
186
172
166
169
177
170
153
142
130
118
104
93
84
66
46
27
13
-4
-23
-35
-44
-54
-70
-89
-113
-130
-132
-123
-121
-138
-167
-185
-183
-181
-174
-168
-174
-189
-204
-194
-167
-147
-142
-145
-143
-127
-115
-97
-74
-59
-47
-35
-16
0
17
36
56
76
93
109
126
136
144
155
169
185
181
175
180
186
186
182
179
173
153
137
135
131
113
83
59
41
15
1
-11
-26
-55
-96
-111
-107
-103
-119
-146
-161
-173
-184
-177
-164
-165
-171
-178
-173
-162
-142
-118
-102
-93
-91
-77
-47
-11
14
20
32
52
69
93
117
134
148
149
156
178
193
201
196
192
201
205
198
180
170
163
148
132
125
111
86
57
37
29
21
1
-27
-54
-67
-78
-89
-92
-109
-131
-149
-155
-154
-160
-167
-178
-185
-186
-182
-176
-173
-187
-193
-187
-168
-154
-151
-143
-138
-124
-113
-98
-82
-76
-75
-63
-41
-20
1
7
19
34
49
68
77
81
91
108
126
134
140
151
157
160
168
180
179
161
155
162
174
173
149
133
121
118
107
92
80
63
46
30
22
17
4
-16
-34
-50
-66
-79
-86
-93
-107
-115
-112
-104
-106
-115
-115
-98
-91
-96
-93
-76
-58
-60
-54
-30
-14
-8
-1
22
52
66
68
76
97
121
132
134
140
142
139
138
142
143
133
118
111
105
95
80
72
63
45
22
5
-10
-26
-47
-66
-78
-96
-117
-138
-153
-159
-168
-187
-199
-201
-204
-212
-218
-213
-213
-215
-213
-208
-199
-191
-189
-181
-165
-151
-138
-122
-105
-90
-79
-61
-38
-16
4
20
30
44
66
96
116
122
125
135
152
169
183
192
197
193
197
212
220
216
206
201
207
203
192
180
165
155
138
126
118
99
74
55
46
41
17
-6
-20
-34
-37
-44
-54
-65
-79
-83
-75
-76
-80
-92
-93
-89
-91
-76
-74
-71
-69
-73
-50
-33
-35
-35
-28
-12
-2
5
18
17
17
27
38
52
46
38
47
51
49
53
56
52
47
35
30
33
27
13
6
0
-6
-12
-22
-30
-36
-45
-59
-68
-72
-78
-84
-93
-99
-107
-114
-109
-107
-111
-116
-125
-124
-117
-116
-117
-114
-111
-107
-103
-101
-95
-84
-80
-79
-71
-63
-60
-53
-40
-26
-19
-22
-15
8
27
29
24
36
50
62
75
81
90
91
92
104
119
126
118
118
118
121
126
133
124
113
109
113
115
108
103
99
90
86
88
88
79
66
66
63
53
42
37
33
27
22
21
25
20
16
10
9
18
16
8
4
3
1
-2
-1
1
-1
-3
-3
3
1
-8
-12
-3
-3
-10
-15
-15
-16
-18
-21
-15
-11
-24
-30
-31
-30
-29
-35
-50
-57
-59
-65
-65
-67
-70
-73
-75
-78
-76
-74
-82
-88
-86
-89
-90
-91
-90
-90
-99
-99
-93
-90
-93
-99
-96
-87
-87
-88
-83
-81
-87
-83
-76
-73
-67
-68
-69
-63
-49
-44
-47
-45
-36
-21
-16
-7
6
16
22
34
47
53
55
66
74
90
99
100
104
104
113
119
122
122
124
128
131
134
135
137
137
132
132
135
132
129
124
123
126
121
109
102
102
100
95
87
83
81
78
68
66
57
42
35
34
31
21
4
-5
-7
-13
-23
-29
-27
-33
-43
-47
-49
-54
-63
-68
-68
-73
-77
-76
-78
-86
-85
-79
-75
-77
-79
-76
-80
-83
-83
-78
-76
-77
-81
-88
-86
-84
-85
-82
-72
-71
-72
-78
-75
-69
-77
-78
-72
-69
-68
-70
-69
-64
-68
-71
-75
-70
-62
-63
-66
-73
-71
-66
-63
-58
-48
-45
-45
-38
-33
-21
-13
-15
-12
-9
2
13
16
23
35
44
50
49
61
69
75
90
93
97
99
103
110
118
123
127
126
127
135
140
145
147
145
143
144
143
138
135
132
125
117
114
115
116
107
96
91
84
74
72
69
53
43
38
31
23
18
8
1
-11
-17
-14
-26
-40
-46
-46
-47
-50
-54
-63
-66
-71
-78
-78
-72
-77
-87
-87
-77
-72
-87
-98
-92
-91
-97
-96
-88
-84
-87
-91
-79
-72
-77
-86
-85
-76
-76
-79
-81
-84
-91
-99
-94
-85
-85
-89
-89
-87
-80
-76
-75
-77
-81
-78
-80
-78
-77
-78
-79
-74
-61
-50
-45
-39
-29
-19
-12
-5
4
13
16
23
36
40
39
44
46
51
64
74
77
80
88
101
110
115
113
114
117
117
122
129
135
139
138
139
143
143
144
145
147
147
141
141
140
137
134
126
116
110
108
103
89
76
75
68
59
50
40
40
30
21
12
5
0
-14
-22
-28
-37
-47
-54
-58
-65
-74
-78
-80
-85
-89
-96
-92
-95
-108
-111
-107
-107
-113
-115
-113
-111
-109
-108
-106
-105
-103
-96
-89
-86
-83
-87
-82
-80
-83
-79
-74
-71
-74
-80
-74
-70
-73
-72
-70
-66
-68
-75
-75
-67
-65
-65
-62
-54
-50
-48
-41
-37
-32
-29
-24
-10
-5
-10
-7
1
6
2
8
19
26
34
36
46
55
60
63
65
76
80
89
92
91
95
99
106
111
112
121
121
130
135
133
139
137
126
120
118
122
120
116
113
111
109
104
103
98
97
89
87
84
72
67
62
55
48
40
36
27
21
20
16
14
3
-7
-8
-14
-26
-26
-28
-40
-49
-54
-49
-52
-60
-63
-65
-68
-71
-73
-75
-77
-81
-84
-86
-90
-91
-91
-91
-92
-91
-87
-87
-88
-93
-95
-96
-105
-109
-107
-108
-114
-119
-118
-119
-121
-119
-116
-109
-107
-111
-114
-102
-98
-105
-100
-93
-90
-88
-81
-66
-55
-50
-46
-39
-23
-19
-6
10
19
23
26
37
46
53
59
65
75
85
94
102
109
120
125
130
135
137
144
145
140
140
148
151
146
148
150
151
148
144
145
138
130
121
120
117
104
96
89
86
81
72
65
59
54
51
41
29
26
20
8
1
2
-1
-8
-16
-19
-17
-24
-22
-28
-32
-34
-41
-41
-40
-41
-48
-52
-48
-53
-56
-51
-53
-53
-53
-50
-50
-54
-49
-49
-52
-59
-61
-66
-70
-75
-77
-73
-81
-85
-83
-84
-87
-87
-92
-95
-93
-102
-102
-103
-106
-110
-116
-110
-104
-104
-101
-100
-102
-103
-98
-90
-92
-98
-97
-88
-83
-87
-83
-73
-71
-70
-63
-46
-34
-32
-28
-11
0
7
25
34
38
51
58
74
84
84
92
99
107
112
121
131
139
144
150
157
159
161
160
161
167
168
171
168
167
172
171
170
165
160
154
148
146
143
137
133
116
107
96
85
77
67
55
45
38
29
22
13
3
-4
-14
-29
-33
-39
-45
-48
-61
-66
-71
-77
-80
-80
-79
-82
-82
-83
-85
-84
-84
-90
-95
-98
-94
-91
-95
-94
-95
-95
-94
-98
-93
-88
-94
-95
-95
-94
-91
-90
-92
-92
-89
-87
-82
-81
-78
-76
-85
-88
-84
-78
-84
-94
-96
-94
-92
-90
-84
-79
-78
-83
-78
-64
-54
-54
-52
-44
-32
-24
-18
-5
6
7
10
26
38
35
37
45
53
61
61
71
76
74
78
85
95
103
109
115
123
131
134
142
143
145
146
149
148
147
151
145
142
137
134
127
118
116
111
103
95
89
88
81
71
61
56
48
40
36
33
31
25
15
7
7
1
-12
-20
-24
-28
-36
-45
-49
-48
-50
-55
-56
-52
-48
-52
-57
-53
-46
-40
-40
-37
-31
-35
-42
-38
-36
-36
-36
-38
-38
-45
-53
-49
-50
-48
-57
-62
-61
-66
-71
-77
-74
-74
-84
-85
-86
-88
-97
-106
-105
-106
-114
-119
-122
-125
-129
-130
-126
-125
-123
-123
-120
-112
-111
-104
-97
-93
-82
-74
-63
-57
-46
-25
-11
2
11
25
44
51
55
68
79
90
95
99
106
109
109
121
132
138
144
149
160
166
161
164
169
165
163
159
158
149
137
137
135
130
115
107
102
91
81
70
61
54
46
39
38
33
25
26
25
26
18
7
9
10
5
-1
-8
-17
-18
-17
-19
-21
-31
-34
-32
-33
-30
-34
-35
-38
-46
-47
-48
-53
-52
-53
-50
-48
-58
-60
-60
-58
-60
-67
-67
-73
-78
-78
-82
-85
-91
-98
-97
-98
-106
-105
-102
-103
-106
-99
-89
-92
-98
-96
-89
-88
-85
-86
-82
-78
-73
-65
-57
-48
-43
-33
-28
-23
-20
-18
-12
-8
-7
-4
4
5
5
14
23
28
35
41
51
61
60
66
73
70
72
76
81
83
78
82
96
96
95
98
107
109
110
109
112
113
103
101
105
101
86
77
71
68
64
57
55
49
42
41
39
40
43
41
39
41
39
40
34
27
31
29
22
16
15
5
0
-1
-2
-2
-9
-17
-19
-18
-25
-28
-31
-33
-37
-45
-44
-46
-52
-56
-57
-61
-60
-66
-68
-73
-74
-69
-75
-72
-77
-74
-74
-77
-75
-72
-73
-79
-79
-80
-82
-85
-83
-80
-81
-82
-90
-86
-76
-71
-71
-67
-63
-61
-51
-43
-34
-33
-31
-23
-10
-11
-10
-2
4
12
16
24
30
29
30
38
39
40
42
43
48
47
49
55
62
61
67
71
71
77
80
81
82
77
74
79
78
75
74
76
79
78
74
73
74
68
67
66
59
54
49
51
50
37
30
35
30
24
21
15
15
7
5
3
3
-9
-17
-7
-7
-16
-22
-20
-21
-19
-21
-17
-16
-25
-21
-22
-19
-21
-24
-26
-30
-33
-40
-42
-43
-42
-41
-43
-44
-46
-48
-47
-43
-45
-50
-56
-59
-59
-59
-57
-56
-54
-50
-51
-48
-43
-43
-44
-43
-39
-39
-44
-46
-45
-42
-36
-30
-28
-30
-23
-22
-23
-17
-17
-18
-20
-20
-14
-7
-5
-5
5
17
20
22
23
26
30
30
30
32
29
30
37
42
43
44
46
45
47
53
52
46
42
44
46
45
43
48
51
54
57
54
52
56
52
49
50
53
45
38
37
37
36
33
38
36
28
24
24
22
15
11
12
12
3
0
1
3
-2
-8
-7
-7
-8
-15
-16
-13
-17
-19
-18
-18
-20
-26
-30
-31
-32
-32
-39
-42
-38
-40
-37
-37
-36
-32
-30
-34
-36
-36
-37
-37
-38
-33
-32
-35
-36
-33
-24
-25
-24
-26
-21
-24
-27
-28
-27
-27
-34
-27
-27
-25
-27
-26
-24
-25
-17
-20
-20
-19
-10
-6
-10
-5
-1
3
4
5
5
5
0
-3
4
1
-2
-4
-1
0
-3
2
5
9
10
17
24
28
31
31
37
39
38
39
48
51
47
48
51
55
54
53
56
56
56
53
56
57
52
48
50
47
40
38
38
36
32
31
27
24
22
22
23
19
20
22
21
11
8
7
3
0
-2
-3
-3
-6
-8
-8
-11
-16
-25
-28
-27
-31
-44
-50
-46
-45
-48
-45
-43
-38
-38
-40
-35
-36
-40
-42
-40
-39
-39
-39
-39
-37
-36
-36
-33
-36
-34
-33
-37
-42
-45
-45
-47
-47
-47
-46
-44
-39
-38
-38
-37
-35
-37
-39
-32
-33
-30
-29
-23
-19
-17
-6
-4
1
4
6
6
8
7
10
12
12
15
18
23
19
23
32
36
38
34
37
42
45
44
51
55
58
59
59
67
68
66
66
71
71
67
66
65
63
64
61
57
50
44
44
44
36
37
36
33
35
30
26
27
25
21
23
19
18
11
7
10
3
-4
-7
-7
-8
-14
-17
-15
-19
-24
-24
-25
-33
-38
-43
-43
-45
-47
-48
-46
-45
-47
-49
-47
-44
-47
-47
-45
-46
-46
-48
-45
-42
-45
-42
-42
-41
-35
-36
-39
-38
-38
-34
-33
-32
-28
-28
-27
-30
-28
-22
-20
-20
-20
-17
-16
-18
-16
-14
-13
-13
-17
-15
-11
-13
-12
-8
-9
-7
-7
-3
0
1
1
2
-1
4
12
17
18
20
24
25
29
34
36
37
39
38
37
39
41
44
45
46
45
44
48
47
47
47
48
45
42
45
45
43
37
41
45
45
45
47
51
43
35
33
35
38
32
29
27
26
21
17
21
21
9
0
2
1
-1
-4
-5
-4
-15
-19
-20
-22
-29
-33
-33
-34
-35
-33
-32
-33
-33
-33
-40
-41
-42
-38
-34
-38
-42
-42
-38
-37
