SAMPLES:	21037
BITSPERSAMPLE:	16
CHANNELS:	1
SAMPLERATE:	16000
NORMALIZED:	FALSE
0
0
0
0
0
0
0
1
-1
0
-1
0
0
-1
0
0
0
0
-1
0
0
0
0
0
1
0
0
0
0
0
0
0
-1
0
0
0
0
0
0
-1
0
0
0
0
0
0
-1
0
-1
0
-1
0
0
1
0
0
0
0
0
0
-1
0
0
0
0
0
1
0
0
0
0
1
0
0
0
1
0
0
0
0
0
0
0
-1
-1
0
0
0
1
0
-1
0
0
-1
0
0
0
-1
0
0
1
0
0
0
0
0
0
1
0
0
0
0
1
0
0
0
1
1
0
0
0
0
0
0
1
0
1
0
0
0
1
0
0
0
-1
1
1
0
-1
0
0
0
0
0
0
0
0
0
0
0
1
0
1
0
0
0
0
0
-1
0
1
0
0
-1
0
-1
0
0
-1
0
0
0
0
0
0
0
0
0
0
0
0
0
0
0
0
0
0
0
0
0
0
0
0
0
0
0
0
0
0
0
0
0
-1
0
0
0
0
0
0
0
-1
0
0
0
0
0
0
0
0
0
0
0
0
0
0
0
0
0
0
0
0
0
0
1
-1
0
0
0
0
0
0
0
1
0
0
0
0
0
-1
0
0
0
0
0
0
0
0
0
0
-1
-1
-1
-1
0
-1
0
0
0
0
0
0
-1
-1
0
-1
0
0
0
-1
0
0
0
0
0
0
0
1
0
0
0
0
0
0
0
0
0
0
1
1
0
0
0
0
0
0
0
0
0
0
0
1
0
0
0
0
0
1
1
0
0
0
0
0
-1
0
0
0
0
0
0
1
0
0
1
0
0
0
1
0
0
0
0
1
1
0
0
0
-1
0
0
0
0
0
0
1
0
1
1
-1
0
0
0
0
0
0
0
0
0
-1
0
1
0
0
1
0
0
0
1
0
1
0
0
0
1
1
0
0
0
0
0
0
0
1
1
1
1
0
0
0
1
0
0
0
0
0
0
0
0
-1
0
1
0
0
0
0
0
0
0
-1
0
1
0
-1
0
0
-1
0
-1
-1
0
0
0
0
0
0
-1
-1
0
-1
-1
-1
-1
0
0
-1
0
-1
0
0
0
1
1
1
1
1
1
1
1
1
1
1
1
1
0
1
1
1
1
1
2
1
2
1
1
1
0
1
0
0
-1
-2
-1
-2
-2
-2
-2
-2
-1
-1
0
0
1
2
3
3
2
2
1
1
0
0
-1
-1
-1
-1
-1
-2
-2
-1
-1
0
0
1
1
1
0
0
0
-1
-3
-3
-5
-4
-5
-5
-5
-4
-3
-2
-3
-2
-1
0
0
0
0
1
-1
-1
-1
-1
-2
-2
-1
0
1
1
2
2
4
5
5
4
5
5
5
4
3
3
4
4
6
11
15
18
18
20
23
26
26
23
21
15
6
-3
-9
-15
-22
-29
-36
-37
-37
-35
-34
-32
-28
-24
-24
-23
-20
-18
-19
-24
-29
-29
-30
-33
-34
-33
-30
-27
-24
-17
-6
8
19
26
33
42
51
56
57
59
63
62
58
52
50
52
51
47
44
47
49
45
41
38
38
36
26
15
7
5
-3
-16
-26
-27
-25
-30
-40
-38
-28
-20
-22
-25
-17
-7
-6
-15
-17
-14
-16
-29
-45
-52
-49
-53
-65
-73
-68
-59
-58
-61
-52
-36
-25
-27
-25
-13
0
3
-3
-3
2
8
4
1
7
17
23
22
25
36
50
56
52
55
61
63
54
44
40
36
25
10
-3
-7
-9
-16
-27
-27
-22
-18
-19
-11
8
28
36
36
47
65
81
81
76
74
67
51
28
15
13
2
-24
-44
-44
-35
-36
-43
-44
-36
-34
-48
-60
-61
-64
-84
-113
-131
-133
-138
-157
-170
-167
-154
-147
-144
-127
-93
-60
-41
-22
10
57
86
100
117
144
165
165
170
186
203
200
178
176
186
191
178
160
154
141
114
81
61
53
28
-15
-56
-76
-80
-97
-113
-122
-121
-118
-123
-117
-94
-65
-48
-46
-37
-13
6
14
13
14
17
9
-2
-7
-8
-8
-15
-30
-39
-33
-24
-20
-24
-25
-22
-26
-32
-36
-36
-38
-47
-63
-74
-75
-65
-60
-64
-65
-53
-37
-28
-18
-2
18
26
24
30
40
51
51
39
35
38
42
38
34
43
63
76
80
82
98
117
123
115
98
90
76
39
-10
-41
-51
-66
-99
-119
-105
-76
-59
-54
-30
8
31
26
10
15
21
-2
-44
-78
-89
-103
-139
-172
-173
-161
-161
-170
-160
-126
-94
-73
-54
-22
23
54
75
95
124
154
155
157
174
197
205
183
179
188
199
195
181
179
173
150
117
87
78
65
29
-15
-51
-64
-76
-102
-119
-124
-121
-129
-143
-133
-106
-82
-77
-77
-61
-38
-25
-21
-19
-13
-10
-24
-39
-38
-32
-34
-46
-55
-50
-35
-27
-28
-25
-20
-15
-17
-21
-17
-11
-13
-26
-39
-37
-29
-27
-33
-40
-33
-21
-17
-14
-6
11
24
27
29
39
58
69
62
52
55
77
93
94
94
100
122
127
123
115
111
100
55
-6
-46
-63
-87
-142
-183
-181
-161
-147
-141
-110
-61
-25
-18
-20
2
28
23
-16
-52
-51
-46
-70
-99
-92
-65
-61
-84
-80
-45
-17
-16
-24
-11
13
24
28
38
68
95
102
96
106
139
164
174
167
168
179
189
198
191
188
186
173
140
102
88
89
60
6
-36
-46
-43
-64
-95
-106
-98
-97
-120
-133
-111
-78
-73
-99
-104
-70
-44
-56
-77
-69
-51
-61
-89
-97
-74
-53
-60
-77
-68
-32
-9
-12
-19
-4
11
1
-20
-21
-5
-4
-26
-42
-40
-26
-16
-17
-14
-6
6
11
3
4
18
28
18
0
2
17
29
42
61
97
122
135
139
148
168
166
142
100
49
-8
-77
-137
-177
-209
-242
-265
-259
-224
-181
-137
-89
-34
11
37
58
73
79
61
23
-6
-28
-47
-67
-83
-80
-73
-61
-42
-18
13
28
35
39
50
61
56
45
47
57
63
57
67
112
159
189
188
199
243
277
295
283
283
287
252
194
147
141
136
74
-9
-59
-60
-58
-101
-141
-146
-129
-132
-173
-177
-135
-94
-102
-139
-132
-88
-70
-95
-120
-111
-102
-126
-155
-152
-114
-87
-95
-105
-76
-17
20
23
20
37
57
49
25
13
13
5
-27
-61
-71
-57
-40
-49
-67
-60
-30
-9
-11
-15
-1
15
7
-9
-18
23
71
81
72
74
144
202
205
184
177
202
162
64
-13
-33
-62
-170
-293
-320
-282
-266
-299
-304
-230
-140
-102
-99
-57
21
53
1
-45
-26
4
-28
-104
-120
-79
-64
-86
-86
-25
34
36
26
46
97
135
126
109
118
152
159
145
149
191
245
277
304
318
345
378
413
431
405
389
385
350
264
184
168
166
87
-29
-101
-101
-93
-150
-213
-220
-172
-160
-217
-246
-187
-116
-137
-206
-206
-133
-106
-166
-227
-216
-175
-189
-252
-276
-221
-160
-165
-202
-168
-71
-11
-21
-35
15
75
71
22
-4
16
25
-18
-74
-88
-50
-26
-53
-74
-49
10
36
19
27
65
102
94
59
114
201
258
237
180
228
290
321
261
176
160
104
-22
-164
-223
-221
-294
-428
-491
-453
-371
-348
-356
-309
-224
-149
-140
-132
-71
-21
-44
-110
-126
-79
-55
-91
-122
-85
-15
18
24
49
121
176
162
135
129
173
175
121
93
95
118
98
77
120
203
285
344
380
418
472
552
623
603
570
566
562
484
346
288
284
229
88
-41
-70
-37
-60
-154
-214
-175
-111
-148
-231
-222
-140
-128
-225
-320
-292
-238
-292
-400
-448
-393
-363
-412
-446
-393
-283
-221
-224
-204
-104
1
37
13
19
66
77
37
-26
-50
-50
-82
-133
-169
-150
-107
-88
-89
-83
-29
46
79
77
77
110
176
203
212
219
240
294
302
315
343
361
354
277
192
157
126
56
-76
-205
-260
-304
-352
-400
-415
-399
-385
-384
-380
-331
-265
-238
-267
-282
-252
-225
-237
-264
-256
-222
-192
-180
-136
-60
23
75
107
164
229
275
271
256
262
272
255
222
218
246
243
255
306
405
498
493
514
560
638
685
632
600
583
535
406
248
202
196
92
-66
-174
-163
-145
-213
-265
-243
-171
-167
-222
-223
-149
-76
-125
-213
-235
-197
-200
-293
-352
-341
-337
-390
-447
-413
-330
-276
-263
-245
-176
-87
-32
-11
0
26
34
-8
-47
-69
-84
-118
-168
-195
-211
-196
-148
-110
-95
-93
-32
64
107
105
120
231
314
306
279
280
369
394
356
317
309
339
272
129
56
75
70
-64
-229
-243
-199
-223
-312
-352
-289
-249
-273
-322
-299
-224
-212
-290
-356
-320
-260
-296
-380
-387
-311
-254
-271
-249
-170
-77
-21
-13
28
88
144
157
116
112
152
199
217
196
243
301
359
440
541
692
749
772
808
854
925
914
861
801
709
582
433
337
303
190
-8
-155
-202
-190
-257
-345
-344
-300
-291
-356
-381
-303
-230
-268
-374
-420
-373
-344
-406
-466
-438
-391
-401
-437
-389
-264
-178
-151
-125
-54
42
94
111
111
106
89
36
-19
-57
-96
-145
-208
-257
-279
-289
-252
-201
-190
-187
-149
-65
7
-1
44
144
226
244
177
226
330
400
380
291
301
321
248
117
40
61
19
-163
-300
-297
-241
-259
-344
-354
-273
-207
-209
-213
-158
-77
-87
-167
-188
-165
-148
-218
-289
-282
-248
-220
-214
-172
-97
-34
12
52
107
162
183
168
139
132
131
119
130
146
170
178
208
333
471
591
650
688
768
837
904
923
905
875
784
649
514
426
382
256
52
-108
-184
-197
-258
-334
-347
-317
-307
-352
-371
-298
-217
-241
-339
-390
-358
-352
-424
-492
-490
-479
-512
-541
-496
-377
-283
-240
-190
-111
7
90
135
171
178
165
107
56
28
-15
-88
-175
-239
-256
-262
-251
-202
-173
-159
-121
-47
71
161
215
267
270
285
296
314
365
327
227
110
34
12
-49
-128
-193
-266
-333
-388
-392
-338
-312
-324
-337
-298
-225
-185
-170
-155
-135
-153
-193
-198
-177
-174
-220
-255
-222
-166
-115
-87
-33
73
138
173
205
270
332
298
241
215
218
209
157
143
176
189
169
209
350
531
634
655
709
808
937
996
972
944
924
847
661
503
456
422
263
24
-134
-164
-159
-221
-316
-338
-285
-275
-335
-376
-306
-223
-271
-401
-486
-449
-423
-497
-595
-634
-605
-601
-624
-600
-502
-383
-312
-272
-194
-56
75
136
133
131
146
138
94
19
-51
-116
-188
-258
-312
-310
-265
-222
-221
-206
-133
2
154
231
290
314
365
437
437
438
405
350
256
101
-17
-68
-105
-191
-359
-468
-441
-392
-381
-428
-424
-344
-301
-290
-284
-233
-179
-205
-287
-312
-264
-229
-275
-348
-324
-236
-181
-155
-101
17
146
198
235
313
415
483
450
392
364
350
320
246
208
213
212
169
155
258
431
583
638
674
763
894
1019
1051
1021
986
928
801
630
511
464
369
166
-47
-155
-134
-113
-167
-229
-215
-158
-153
-209
-213
-137
-136
-258
-423
-495
-478
-520
-631
-750
-802
-772
-760
-757
-699
-577
-434
-374
-340
-217
-35
105
116
77
96
121
103
28
-64
-126
-191
-271
-339
-368
-325
-251
-228
-219
-175
-42
153
265
319
329
366
456
466
444
411
366
289
111
-43
-80
-96
-163
-333
-480
-472
-430
-416
-458
-469
-394
-358
-380
-390
-323
-236
-251
-369
-423
-347
-282
-312
-406
-404
-284
-212
-190
-149
-17
159
223
246
327
465
587
570
506
480
497
499
420
347
347
358
304
238
281
454
619
661
651
718
872
1011
1028
985
978
956
827
610
464
450
388
168
-90
-202
-156
-129
-200
-263
-210
-109
-90
-153
-149
-42
1
-101
-263
-349
-347
-388
-516
-645
-709
-711
-726
-741
-700
-603
-489
-420
-372
-273
-110
37
90
60
36
65
78
32
-65
-148
-202
-287
-390
-446
-422
-356
-341
-374
-330
-208
-40
110
201
305
357
403
453
477
488
426
319
179
9
-132
-223
-289
-391
-549
-640
-607
-543
-511
-510
-456
-375
-337
-324
-300
-247
-225
-271
-355
-383
-352
-333
-372
-420
-381
-277
-192
-141
-52
92
240
327
383
478
598
676
652
593
577
594
559
473
430
423
403
355
369
496
657
733
751
811
953
1100
1132
1092
1058
1025
906
700
527
438
335
113
-130
-262
-268
-275
-348
-388
-328
-220
-188
-196
-150
-35
11
-90
-220
-282
-295
-391
-560
-677
-726
-765
-822
-834
-752
-632
-533
-449
-353
-191
-20
101
159
166
191
182
138
81
3
-85
-202
-306
-374
-417
-432
-407
-390
-371
-332
-243
-72
80
181
206
224
310
372
387
339
280
207
62
-122
-234
-271
-331
-482
-646
-669
-613
-569
-573
-557
-472
-382
-347
-335
-268
-189
-167
-239
-305
-266
-221
-251
-329
-356
-283
-209
-171
-110
-7
131
237
307
410
519
614
651
631
616
595
587
558
518
492
462
433
429
476
583
726
801
817
852
965
1124
1162
1103
1049
1005
903
713
552
478
373
149
-99
-238
-245
-261
-333
-381
-359
-293
-271
-269
-214
-123
-95
-182
-295
-351
-366
-429
-550
-678
-772
-819
-845
-851
-810
-720
-612
-517
-435
-301
-124
45
146
155
160
190
212
173
69
-39
-116
-191
-298
-373
-371
-306
-278
-297
-265
-138
71
217
292
326
369
453
483
474
423
335
212
40
-148
-272
-343
-438
-593
-776
-825
-765
-707
-712
-725
-640
-524
-465
-441
-371
-267
-228
-300
-365
-324
-259
-261
-335
-374
-299
-204
-141
-77
29
176
294
355
438
549
675
729
674
626
622
641
617
552
531
528
488
458
507
654
802
840
830
871
990
1127
1161
1125
1076
1016
895
723
602
536
410
166
-72
-192
-218
-257
-346
-397
-378
-347
-350
-343
-265
-167
-168
-272
-360
-376
-395
-494
-617
-710
-783
-866
-922
-884
-797
-725
-667
-577
-422
-253
-93
49
157
219
224
226
237
221
141
9
-94
-173
-234
-294
-326
-294
-270
-248
-196
-81
67
170
232
293
354
408
414
378
346
280
175
25
-103
-168
-258
-404
-559
-636
-654
-686
-741
-751
-709
-671
-653
-640
-568
-479
-447
-451
-455
-413
-355
-343
-348
-326
-286
-239
-189
-105
14
111
205
299
404
509
586
665
705
701
682
657
662
658
637
601
555
539
589
675
783
860
887
925
982
1094
1170
1150
1110
1043
951
801
644
567
484
302
57
-113
-147
-156
-241
-340
-352
-308
-316
-373
-358
-253
-200
-298
-427
-458
-420
-460
-595
-692
-733
-771
-850
-894
-835
-745
-692
-672
-609
-464
-294
-163
-73
-1
67
111
138
147
132
101
37
-35
-106
-156
-164
-159
-152
-165
-157
-75
45
147
202
246
332
407
413
393
373
354
281
131
-6
-96
-167
-286
-457
-599
-657
-673
-713
-766
-789
-747
-707
-693
-677
-632
-541
-488
-508
-534
-502
-408
-360
-387
-394
-324
-206
-129
-86
16
158
283
353
428
554
670
723
711
701
736
773
772
743
713
696
714
762
855
932
949
974
1026
1121
1185
1179
1166
1140
1055
895
727
647
604
445
178
-45
-110
-119
-216
-349
-381
-322
-314
-400
-443
-348
-217
-229
-368
-468
-446
-414
-492
-625
-720
-753
-796
-876
-909
-857
-760
-704
-702
-652
-508
-311
-165
-108
-74
-13
70
118
114
84
58
21
-56
-133
-170
-139
-103
-128
-149
-110
23
159
210
247
327
425
466
431
412
414
358
213
52
-47
-109
-226
-377
-488
-544
-583
-639
-665
-640
-609
-616
-640
-629
-591
-567
-591
-615
-615
-612
-615
-609
-562
-505
-457
-411
-328
-203
-68
45
152
267
374
463
518
583
654
684
687
674
705
749
729
739
793
904
993
980
1015
1108
1233
1297
1245
1227
1247
1202
1059
877
780
721
548
293
90
14
-20
-139
-269
-307
-246
-205
-251
-282
-217
-97
-91
-194
-265
-249
-246
-377
-556
-649
-677
-747
-887
-986
-946
-873
-852
-858
-795
-630
-488
-401
-322
-213
-96
-47
-28
6
34
21
-28
-73
-107
-139
-155
-158
-152
-141
-101
-26
62
156
237
322
407
460
473
455
457
449
351
183
42
-45
-133
-286
-451
-520
-532
-578
-659
-687
-604
-532
-551
-588
-565
-489
-476
-545
-596
-592
-579
-613
-669
-661
-595
-527
-468
-408
-301
-149
-3
129
241
353
473
563
619
655
715
778
809
770
721
783
911
1028
1018
964
1031
1159
1264
1243
1192
1237
1256
1138
934
810
818
762
498
199
58
65
19
-170
-300
-271
-193
-224
-313
-268
-91
21
-46
-149
-140
-55
-56
-198
-347
-422
-477
-584
-738
-818
-809
-813
-850
-895
-845
-708
-588
-498
-435
-358
-265
-188
-112
-59
-65
-85
-104
-120
-139
-165
-145
-115
-121
-127
-87
32
150
202
238
297
383
427
409
389
376
334
224
86
-2
-64
-164
-303
-430
-476
-505
-560
-619
-636
-605
-602
-634
-640
-594
-552
-580
-629
-629
-584
-568
-596
-601
-557
-498
-475
-430
-320
-186
-82
-10
92
232
356
432
496
567
649
701
720
750
774
834
895
972
1043
1042
1076
1138
1229
1287
1250
1213
1188
1120
990
824
721
655
484
232
26
-38
-36
-136
-280
-336
-254
-172
-205
-234
-150
18
60
-31
-93
-41
23
-57
-217
-307
-323
-370
-491
-599
-603
-570
-588
-635
-645
-569
-477
-423
-385
-360
-319
-262
-216
-186
-195
-214
-210
-209
-225
-252
-240
-200
-181
-185
-158
-55
71
155
194
242
337
428
449
412
376
365
300
152
-9
-117
-185
-306
-475
-598
-647
-656
-685
-739
-749
-725
-701
-684
-691
-687
-675
-673
-674
-708
-729
-695
-641
-612
-607
-560
-426
-271
-174
-85
54
234
366
427
508
634
745
800
820
869
937
943
966
1039
1157
1240
1191
1169
1230
1337
1367
1270
1203
1183
1102
913
719
641
597
406
108
-93
-127
-136
-264
-430
-461
-381
-346
-395
-388
-254
-80
-47
-89
-70
30
118
65
-39
-101
-135
-203
-320
-416
-445
-459
-511
-563
-577
-526
-459
-418
-387
-374
-350
-312
-272
-256
-273
-312
-328
-331
-338
-330
-307
-258
-222
-203
-142
-27
112
207
248
309
402
484
487
440
419
402
322
168
18
-59
-131
-270
-448
-572
-605
-632
-700
-781
-804
-771
-771
-807
-836
-810
-772
-805
-866
-873
-828
-786
-783
-781
-721
-618
-517
-415
-300
-147
27
161
272
386
525
671
754
805
875
965
1040
1043
1079
1182
1321
1398
1355
1360
1444
1580
1600
1485
1394
1361
1292
1082
840
701
625
420
92
-157
-221
-210
-343
-543
-612
-521
-430
-484
-515
-388
-190
-142
-222
-225
-84
27
-48
-180
-218
-183
-213
-332
-421
-418
-399
-441
-494
-481
-401
-336
-319
-305
-281
-244
-219
-193
-190
-236
-301
-343
-337
-364
-410
-422
-375
-319
-312
-264
-107
100
232
279
362
529
680
701
638
611
603
513
310
110
7
-88
-275
-505
-642
-661
-691
-783
-866
-860
-794
-784
-834
-858
-821
-802
-855
-943
-970
-958
-975
-1014
-1023
-958
-867
-778
-675
-531
-341
-144
37
190
337
505
662
783
865
941
1040
1096
1109
1159
1258
1412
1491
1483
1514
1592
1744
1791
1717
1653
1604
1530
1328
1074
917
807
571
216
-91
-213
-249
-405
-620
-721
-662
-595
-633
-638
-489
-275
-211
-257
-243
-92
44
-13
-126
-180
-163
-199
-326
-410
-411
-406
-455
-510
-480
-388
-323
-292
-269
-234
-207
-205
-181
-183
-236
-335
-420
-444
-484
-534
-584
-571
-524
-505
-439
-294
-78
102
192
301
476
656
741
729
717
718
640
470
287
179
82
-109
-344
-503
-537
-574
-684
-777
-782
-731
-744
-799
-798
-748
-744
-834
-921
-927
-916
-949
-1039
-1074
-1025
-966
-913
-861
-727
-549
-381
-238
-92
106
313
476
583
699
838
973
1032
1055
1153
1288
1442
1471
1457
1541
1671
1823
1818
1754
1748
1749
1673
1459
1252
1142
1020
741
375
106
8
-93
-329
-577
-670
-606
-592
-675
-690
-534
-322
-277
-312
-255
-72
44
-33
-132
-147
-107
-161
-310
-392
-376
-366
-426
-491
-454
-351
-289
-260
-225
-161
-115
-119
-126
-143
-188
-284
-389
-474
-551
-607
-660
-679
-669
-637
-554
-425
-252
-92
31
173
338
499
577
581
595
589
527
396
253
159
48
-117
-283
-385
-413
-469
-556
-619
-605
-572
-598
-646
-648
-618
-638
-721
-798
-809
-816
-880
-971
-1006
-959
-915
-902
-875
-767
-596
-452
-340
-212
-26
162
297
399
531
681
790
835
875
1005
1162
1308
1346
1364
1460
1607
1766
1777
1747
1760
1769
1696
1492
1331
1257
1143
857
499
271
187
67
-188
-427
-496
-461
-503
-606
-609
-447
-289
-298
-342
-274
-89
2
-80
-168
-162
-113
-173
-307
-364
-329
-317
-392
-460
-412
-303
-236
-225
-201
-129
-77
-62
-78
-96
-129
-217
-310
-411
-497
-558
-624
-666
-696
-696
-624
-515
-392
-277
-162
-4
152
266
344
403
455
455
385
289
211
145
42
-104
-254
-337
-376
-431
-502
-563
-555
-519
-540
-571
-563
-519
-504
-575
-646
-661
-657
-694
-773
-820
-818
-796
-787
-764
-692
-581
-462
-369
-270
-137
20
166
280
387
503
617
692
801
928
1101
1218
1244
1325
1429
1603
1678
1655
1653
1640
1604
1471
1319
1228
1145
944
655
423
310
247
87
-126
-250
-263
-257
-332
-397
-336
-192
-170
-246
-282
-167
-19
-60
-170
-222
-171
-154
-245
-316
-299
-261
-289
-351
-348
-256
-181
-159
-153
-122
-57
-24
-32
-52
-85
-132
-213
-313
-408
-481
-536
-584
-633
-660
-625
-528
-423
-334
-252
-127
29
142
205
237
278
290
229
127
27
-32
-115
-249
-373
-454
-470
-490
-535
-569
-559
-512
-490
-507
-522
-497
-468
-505
-568
-597
-595
-606
-682
-732
-718
-676
-640
-617
-564
-461
-349
-248
-151
-48
65
160
231
307
400
484
522
592
711
873
1012
1033
1115
1240
1404
1538
1533
1559
1583
1566
1471
1310
1215
1158
1012
741
471
326
289
180
-24
-184
-206
-153
-198
-280
-269
-109
7
-49
-117
-78
78
104
-14
-118
-138
-107
-182
-290
-350
-345
-332
-370
-397
-364
-271
-185
-147
-132
-103
-26
27
12
-42
-96
-114
-153
-260
-367
-428
-441
-464
-538
-584
-542
-441
-349
-319
-275
-142
4
61
47
60
139
154
47
-81
-136
-159
-265
-423
-529
-554
-572
-633
-677
-676
-635
-592
-578
-560
-545
-505
-468
-469
-494
-519
-500
-494
-526
-569
-572
-506
-460
-438
-396
-313
-192
-109
-35
57
152
240
317
392
471
511
584
701
820
952
985
1057
1153
1266
1401
1412
1415
1407
1372
1302
1151
1048
998
893
677
420
275
256
197
37
-109
-146
-100
-111
-163
-152
-42
66
51
15
24
123
180
120
48
-28
-40
-68
-130
-183
-223
-228
-247
-276
-271
-221
-162
-130
-127
-115
-93
-82
-69
-91
-154
-239
-303
-330
-393
-484
-541
-519
-489
-509
-506
-402
-231
-140
-125
-53
96
214
214
151
150
156
63
-83
-218
-264
-333
-488
-614
-679
-665
-683
-744
-765
-739
-687
-682
-687
-667
-625
-603
-636
-654
-643
-603
-591
-613
-598
-557
-490
-433
-371
-276
-176
-90
-19
72
174
263
315
386
448
505
529
580
702
820
947
969
1022
1136
1266
1404
1402
1384
1388
1361
1289
1129
1000
938
828
599
344
191
168
122
-43
-193
-233
-166
-154
-193
-165
-36
99
102
76
118
228
292
210
122
74
60
5
-109
-168
-176
-200
-257
-294
-243
-151
-123
-124
-79
-20
10
-13
-31
-7
-45
-156
-262
-302
-331
-425
-542
-575
-534
-523
-535
-498
-366
-222
-157
-111
3
138
205
184
156
171
143
28
-115
-223
-293
-415
-576
-691
-737
-755
-823
-888
-887
-834
-794
-802
-789
-725
-662
-662
-675
-636
-577
-551
-576
-569
-499
-430
-377
-327
-246
-139
-46
33
130
218
311
395
449
503
553
603
670
740
824
957
1006
1044
1111
1211
1360
1359
1312
1287
1256
1195
1027
880
802
686
476
238
85
40
-19
-163
-288
-327
-276
-234
-245
-214
-100
42
97
92
127
244
344
300
228
193
195
161
60
13
12
-26
-97
-145
-103
-25
-11
-11
28
84
118
92
76
77
42
-56
-181
-272
-346
-420
-536
-620
-634
-614
-602
-596
-532
-386
-247
-171
-110
-20
105
151
124
104
81
36
-93
-229
-289
-379
-508
-647
-720
-736
-787
-861
-875
-833
-821
-842
-845
-794
-750
-753
-771
-745
-697
-682
-674
-655
-582
-504
-429
-334
-248
-126
-13
105
222
308
412
506
590
652
687
723
820
917
1036
1117
1106
1187
1264
1396
1466
1405
1387
1340
1262
1122
936
828
735
536
250
19
-87
-109
-217
-403
-498
-489
-427
-436
-448
-368
-196
-99
-94
-70
38
216
255
196
172
199
248
189
101
95
113
110
35
-5
55
119
138
119
108
174
194
179
141
85
58
-34
-136
-237
-332
-396
-476
-544
-579
-583
-548
-502
-437
-340
-236
-133
-51
11
84
124
143
124
67
5
-94
-175
-258
-376
-492
-588
-642
-693
-773
-837
-848
-831
-826
-856
-862
-819
-790
-793
-806
-779
-729
-691
-689
-666
-589
-494
-399
-342
-265
-139
-11
105
175
256
377
484
545
602
643
744
864
961
1100
1116
1154
1231
1320
1462
1439
1391
1356
1290
1193
1015
859
771
645
395
128
-75
-127
-161
-310
-473
-557
-506
-457
-474
-482
-369
-190
-150
-166
-143
20
179
143
80
70
139
163
90
61
97
107
71
20
49
138
186
203
196
208
237
241
253
215
153
87
0
-69
-172
-253
-317
-370
-411
-455
-456
-393
-317
-252
-204
-130
-15
64
95
96
105
134
82
-28
-137
-200
-242
-363
-503
-602
-635
-655
-722
-795
-827
-816
-804
-824
-852
-864
-851
-838
-858
-879
-858
-800
-747
-757
-742
-627
-472
-343
-291
-210
-46
110
222
273
360
497
585
628
654
690
782
887
978
1087
1111
1163
1260
1361
1490
1484
1458
1416
1344
1244
1074
914
770
606
350
73
-136
-237
-294
-445
-625
-715
-669
-602
-620
-627
-508
-320
-254
-267
-224
-49
113
78
0
-14
59
74
-4
-41
-20
11
-23
-66
-19
87
169
187
188
232
303
338
344
308
259
195
97
22
-78
-172
-260
-335
-366
-394
-374
-297
-204
-105
-53
42
180
305
354
315
302
305
232
85
-73
-176
-261
-436
-624
-746
-771
-790
-872
-945
-956
-912
-881
-883
-887
-879
-853
-851
-873
-879
-864
-816
-788
-794
-762
-669
-528
-388
-314
-215
-65
91
230
309
398
516
602
657
670
706
763
868
953
1032
1119
1145
1256
1320
1437
1538
1514
1487
1400
1325
1220
1039
863
702
507
236
-39
-228
-306
-409
-600
-750
-775
-688
-663
-678
-628
-452
-306
-274
-256
-162
19
74
-3
-67
-65
-23
-70
-170
-205
-173
-165
-213
-203
-110
27
80
79
145
248
320
322
302
307
281
187
74
-4
-60
-129
-241
-316
-339
-331
-270
-209
-94
17
111
232
348
448
505
504
471
397
268
126
-16
-162
-331
-526
-687
-790
-848
-907
-962
-994
-1000
-960
-945
-939
-922
-913
-881
-886
-905
-898
-870
-831
-824
-808
-740
-614
-476
-377
-278
-128
75
245
348
443
570
698
756
740
767
843
861
876
892
1009
1183
1188
1208
1273
1441
1616
1563
1485
1449
1434
1332
1082
850
732
593
290
-70
-323
-380
-438
-653
-867
-914
-785
-716
-761
-761
-559
-314
-251
-273
-234
-40
82
-7
-117
-153
-117
-151
-285
-355
-335
-316
-329
-332
-244
-90
-5
67
174
280
357
350
358
394
353
231
83
3
-42
-141
-284
-369
-348
-297
-267
-225
-110
84
228
293
372
492
623
640
522
426
344
220
43
-186
-356
-494
-660
-813
-940
-990
-1006
-1040
-1057
-1049
-1008
-971
-958
-932
-912
-907
-923
-919
-890
-876
-861
-833
-745
-646
-560
-450
-298
-113
62
201
331
486
610
706
727
762
839
869
858
772
809
930
1041
1142
1113
1190
1335
1501
1639
1617
1606
1606
1562
1398
1164
985
873
674
299
-59
-274
-330
-439
-659
-823
-811
-690
-663
-671
-588
-354
-142
-135
-167
-126
24
79
-56
-204
-277
-290
-382
-543
-622
-577
-523
-530
-548
-457
-261
-94
4
75
167
255
299
295
270
223
136
16
-116
-218
-280
-328
-363
-365
-334
-257
-140
-13
143
264
371
486
553
586
556
492
422
284
109
-78
-235
-368
-521
-691
-825
-902
-944
-965
-994
-1004
-1001
-973
-951
-939
-929
-926
-889
-878
-898
-903
-875
-792
-727
-700
-632
-490
-297
-137
-19
126
329
520
624
668
749
878
942
912
841
868
920
923
935
972
1154
1242
1251
1311
1437
1670
1708
1615
1557
1529
1462
1235
960
794
648
352
-17
-297
-381
-414
-583
-760
-801
-685
-578
-549
-492
-343
-129
-88
-126
-131
-73
-2
-127
-291
-411
-478
-551
-680
-731
-694
-653
-649
-633
-494
-295
-143
-65
31
154
215
200
174
191
156
15
-173
-272
-295
-345
-416
-463
-397
-280
-209
-103
45
259
435
506
557
614
655
622
518
371
226
60
-129
-300
-471
-611
-734
-837
-908
-959
-972
-969
-941
-920
-895
-882
-858
-814
-810
-817
-847
-848
-820
-809
-794
-773
-701
-576
-447
-314
-169
6
201
375
506
632
727
817
874
861
864
840
847
854
797
828
897
1049
1201
1211
1295
1420
1611
1748
1706
1651
1628
1569
1384
1094
864
744
547
198
-154
-329
-344
-414
-579
-678
-592
-428
-384
-386
-304
-86
60
1
-101
-129
-64
-103
-313
-500
-593
-631
-727
-860
-881
-796
-706
-669
-625
-490
-302
-159
-78
-24
44
83
62
7
-68
-145
-260
-389
-471
-539
-551
-561
-539
-442
-331
-158
12
197
377
487
597
666
716
717
623
482
309
135
-58
-267
-449
-598
-735
-855
-942
-955
-928
-917
-899
-861
-783
-720
-700
-681
-663
-644
-670
-714
-746
-753
-724
-698
-657
-603
-502
-350
-177
-34
109
291
482
635
700
761
847
897
876
813
802
829
823
756
770
870
1055
1219
1244
1343
1469
1684
1822
1782
1748
1706
1650
1438
1135
928
798
582
202
-131
-286
-320
-396
-540
-584
-507
-411
-365
-309
-204
-43
2
-63
-123
-185
-192
-303
-485
-634
-777
-863
-968
-1029
-999
-920
-853
-816
-710
-538
-353
-236
-166
-80
-29
-58
-127
-177
-198
-288
-472
-609
-643
-652
-639
-636
-536
-307
-160
27
203
416
673
786
864
860
822
750
601
396
149
-60
-259
-445
-642
-794
-841
-843
-843
-864
-847
-762
-654
-596
-576
-554
-527
-497
-533
-589
-620
-648
-653
-696
-734
-709
-631
-536
-446
-352
-221
-24
151
307
455
569
690
740
763
787
774
771
737
704
685
641
704
820
1002
1174
1235
1376
1542
1782
1939
1925
1893
1857
1790
1568
1248
1004
847
600
205
-155
-325
-332
-395
-538
-591
-484
-312
-243
-225
-146
33
106
4
-138
-225
-226
-355
-596
-800
-929
-978
-1069
-1145
-1121
-1028
-913
-833
-731
-573
-371
-211
-129
-99
-96
-85
-101
-178
-271
-391
-518
-609
-700
-733
-714
-681
-591
-517
-394
-212
2
246
407
522
598
651
700
677
596
469
285
95
-127
-316
-459
-582
-666
-768
-831
-818
-750
-634
-574
-526
-442
-352
-285
-295
-315
-310
-316
-385
-511
-598
-625
-613
-603
-608
-546
-410
-251
-97
62
262
486
648
741
811
873
924
894
814
743
693
650
591
559
550
641
786
970
1164
1251
1390
1570
1775
1908
1861
1792
1733
1604
1353
1038
797
628
360
-27
-339
-470
-451
-487
-606
-628
-519
-349
-273
-267
-199
-38
43
-77
-265
-374
-371
-453
-684
-902
-1030
-1067
-1127
-1187
-1163
-1065
-950
-856
-726
-591
-421
-267
-162
-98
-122
-139
-139
-161
-230
-371
-478
-533
-547
-558
-557
-520
-408
-251
-113
18
146
329
496
559
538
505
540
527
382
172
15
-65
-183
-352
-482
-504
-505
-546
-588
-554
-445
-370
-347
-344
-328
-301
-306
-339
-393
-455
-527
-604
-680
-724
-725
-695
-655
-615
-537
-392
-196
-9
139
301
471
620
717
772
844
899
903
837
761
764
795
820
770
787
930
1156
1333
1346
1434
1604
1829
1904
1794
1736
1706
1606
1312
969
767
644
415
25
-264
-367
-352
-408
-550
-569
-459
-313
-303
-333
-269
-111
-45
-206
-366
-445
-433
-522
-758
-909
-999
-1052
-1146
-1218
-1146
-1038
-956
-913
-842
-688
-512
-381
-300
-258
-221
-204
-219
-244
-298
-349
-435
-530
-567
-568
-519
-475
-423
-326
-221
-72
103
262
405
461
482
515
538
524
412
269
141
2
-145
-295
-370
-394
-443
-506
-542
-468
-353
-303
-306
-300
-262
-237
-281
-358
-413
-472
-555
-671
-751
-745
-709
-676
-674
-611
-446
-251
-73
63
221
423
591
699
764
827
921
960
940
896
880
944
959
948
981
1088
1318
1420
1416
1474
1612
1830
1852
1733
1639
1588
1488
1208
885
673
527
285
-70
-360
-474
-489
-563
-687
-709
-591
-454
-415
-416
-328
-154
-105
-196
-325
-356
-341
-477
-673
-835
-925
-990
-1112
-1164
-1121
-1031
-976
-949
-835
-685
-515
-402
-326
-239
-206
-212
-229
-254
-255
-320
-431
-516
-528
-474
-447
-438
-388
-256
-108
5
99
241
397
481
469
439
487
503
444
302
144
82
8
-65
-165
-250
-261
-301
-339
-380
-386
-328
-318
-384
-475
-525
-519
-562
-671
-766
-802
-828
-891
-925
-877
-779
-697
-644
-514
-321
-140
30
198
389
530
607
700
812
889
909
920
950
1013
1035
1047
1174
1326
1505
1592
1610
1741
1877
2017
2034
1934
1858
1767
1593
1319
1027
816
641
333
-33
-293
-386
-395
-510
-649
-676
-564
-447
-428
-406
-341
-193
-167
-271
-362
-407
-375
-469
-678
-823
-893
-910
-983
-1077
-1093
-1012
-929
-908
-883
-795
-631
-511
-467
-450
-417
-370
-341
-381
-440
-475
-521
-535
-566
-603
-570
-510
-423
-330
-241
-91
77
195
303
396
517
595
592
562
507
442
332
227
136
47
-55
-165
-207
-227
-252
-264
-285
-296
-316
-360
-391
-431
-506
-596
-704
-794
-853
-906
-955
-983
-974
-917
-831
-742
-587
-401
-210
-52
99
304
498
635
695
771
874
952
1013
1035
1101
1146
1228
1351
1505
1699
1740
1804
1880
2027
2147
2073
1966
1843
1720
1500
1176
887
696
482
113
-262
-495
-523
-568
-736
-855
-826
-664
-593
-593
-533
-339
-178
-219
-319
-349
-268
-264
-431
-605
-707
-738
-803
-895
-914
-876
-837
-839
-817
-718
-589
-512
-476
-437
-403
-384
-409
-420
-412
-440
-522
-615
-612
-560
-526
-537
-510
-383
-243
-141
-68
54
234
365
409
427
465
524
525
453
368
294
244
154
39
-45
-104
-141
-206
-276
-303
-313
-340
-389
-439
-472
-524
-599
-677
-753
-827
-909
-962
-983
-997
-998
-973
-889
-761
-630
-482
-298
-102
90
241
401
582
707
817
899
1001
1111
1161
1202
1323
1468
1654
1783
1812
1923
2025
2186
2280
2214
2125
2026
1888
1650
1322
1049
866
582
164
-224
-437
-484
-592
-801
-928
-893
-778
-724
-718
-645
-446
-314
-318
-372
-382
-284
-259
-366
-502
-600
-632
-671
-740
-784
-764
-735
-721
-693
-647
-537
-452
-393
-357
-367
-384
-412
-409
-426
-507
-637
-736
-743
-743
-751
-766
-704
-561
-448
-343
-205
4
232
368
423
489
575
637
637
542
429
336
240
161
27
-101
-168
-214
-231
-281
-309
-288
-269
-280
-349
-400
-423
-451
-538
-690
-820
-901
-954
-1028
-1102
-1125
-1058
-979
-916
-796
-614
-358
-160
-19
147
359
582
713
789
892
1013
1123
1134
1189
1354
1542
1749
1778
1820
1955
2128
2344
2342
2260
2187
2092
1959
1665
1367
1136
901
554
98
-254
-415
-496
-671
-917
-1037
-976
-868
-816
-805
-694
-470
-382
-370
-379
-312
-173
-230
-359
-488
-551
-550
-636
-712
-744
-722
-679
-659
-588
-482
-341
-250
-220
-186
-165
-152
-169
-254
-347
-469
-606
-694
-782
-828
-861
-887
-825
-740
-612
-453
-293
-101
67
217
343
457
532
549
529
465
387
297
181
69
-48
-145
-213
-296
-343
-370
-355
-323
-345
-357
-348
-321
-326
-402
-491
-568
-647
-756
-868
-940
-985
-1008
-1013
-997
-894
-762
-600
-409
-250
-51
144
330
516
640
785
906
996
1073
1101
1246
1373
1540
1675
1706
1837
1923
2117
2267
2260
2230
2129
2039
1884
1626
1391
1174
884
494
88
-175
-296
-472
-720
-919
-960
-911
-904
-887
-806
-591
-464
-475
-457
-377
-199
-160
-286
-381
-457
-476
-540
-636
-654
-661
-671
-684
-641
-522
-387
-290
-224
-164
-92
-67
-75
-100
-145
-211
-391
-572
-675
-724
-781
-913
-992
-937
-828
-720
-617
-440
-185
13
127
235
400
556
599
522
430
379
312
192
31
-115
-194
-262
-347
-427
-444
-402
-364
-368
-384
-344
-285
-273
-335
-411
-472
-530
-629
-735
-826
-894
-925
-954
-925
-857
-750
-587
-435
-259
-67
130
334
507
644
785
920
1021
1081
1188
1326
1523
1643
1630
1730
1842
2052
2176
2119
2102
2071
2016
1871
1619
1425
1273
1014
630
242
-17
-141
-317
-615
-861
-954
-916
-925
-979
-976
-801
-639
-605
-588
-523
-325
-211
-266
-337
-380
-348
-353
-416
-468
-477
-462
-473
-440
-386
-275
-175
-122
-49
5
51
63
51
13
-69
-203
-361
-499
-612
-713
-829
-918
-943
-913
-834
-723
-576
-372
-170
13
162
306
443
530
531
445
364
281
169
18
-156
-276
-361
-454
-522
-568
-559
-520
-512
-493
-461
-411
-374
-402
-446
-499
-528
-589
-686
-760
-811
-814
-840
-853
-796
-697
-560
-456
-335
-146
54
223
357
486
648
819
910
951
1081
1234
1433
1552
1520
1626
1746
1925
2046
1994
1994
1985
1921
1794
1587
1442
1344
1124
789
451
216
109
-40
-294
-544
-681
-694
-713
-772
-818
-714
-585
-554
-558
-535
-368
-240
-271
-320
-362
-339
-340
-378
-404
-435
-462
-495
-451
-385
-319
-253
-201
-115
-53
-12
31
52
56
-22
-145
-249
-333
-441
-559
-706
-795
-798
-804
-770
-741
-647
-469
-324
-179
-64
68
209
274
270
231
226
199
100
-57
-196
-268
-335
-441
-537
-575
-568
-557
-589
-600
-544
-481
-436
-462
-518
-508
-488
-478
-547
-616
-625
-605
-595
-627
-590
-499
-382
-297
-256
-135
44
207
341
424
532
700
827
903
1027
1146
1343
1505
1505
1584
1673
1865
2012
1944
1866
1825
1811
1696
1460
1258
1153
999
676
348
148
86
-18
-274
-488
-554
-536
-563
-634
-661
-553
-463
-475
-486
-463
-340
-267
-335
-378
-394
-371
-387
-440
-438
-413
-404
-434
-399
-319
-220
-160
-145
-59
17
72
67
47
73
59
-44
-186
-282
-341
-392
-526
-622
-637
-647
-618
-628
-554
-417
-325
-247
-202
-111
-12
47
51
3
-17
-50
-99
-186
-305
-377
-445
-516
-588
-654
-665
-661
-674
-667
-663
-634
-587
-573
-566
-581
-583
-545
-519
-535
-562
-561
-504
-441
-390
-340
-249
-129
-21
85
171
290
444
565
664
752
806
996
1159
1305
1486
1515
1673
1783
1897
2060
2040
2020
1953
1845
1713
1506
1303
1154
975
664
364
144
49
-23
-214
-402
-476
-459
-473
-513
-550
-458
-344
-400
-444
-456
-359
-240
-331
-417
-446
-422
-383
-446
-465
-414
-368
-369
-400
-353
-224
-102
-89
-140
-115
-19
37
1
-98
-110
-124
-224
-341
-436
-419
-451
-547
-616
-617
-529
-459
-396
-335
-256
-153
-80
-41
-14
25
58
43
-75
-165
-205
-231
-299
-461
-565
-599
-631
-690
-766
-798
-787
-808
-842
-846
-827
-804
-824
-853
-855
-829
-795
-766
-726
-690
-635
-548
-428
-281
-165
-52
83
244
406
510
614
742
902
999
1047
1179
1334
1600
1727
1722
1830
1938
2198
2295
2172
2104
2058
2022
1835
1534
1327
1211
980
578
212
25
-3
-113
-380
-594
-642
-586
-573
-634
-651
-508
-411
-428
-480
-470
-293
-202
-278
-382
-441
-380
-344
-385
-420
-412
-383
-381
-361
-313
-203
-94
-50
-25
-12
23
86
127
93
3
-115
-190
-213
-277
-382
-488
-529
-531
-549
-569
-515
-373
-269
-242
-225
-127
16
82
51
-8
-41
-80
-161
-290
-411
-503
-610
-745
-885
-974
-991
-1000
-1050
-1112
-1143
-1094
-1033
-1028
-1043
-1049
-1019
-970
-967
-966
-915
-836
-757
-709
-617
-453
-254
-97
27
172
349
571
740
877
1022
1158
1264
1412
1526
1710
1905
1918
2002
2033
2174
2357
2310
2244
2138
2050
1919
1686
1468
1309
1128
775
422
161
49
-32
-264
-477
-606
-639
-654
-698
-717
-618
-524
-531
-553
-553
-406
-251
-243
-278
-335
-300
-238
-232
-226
-242
-230
-252
-246
-223
-182
-95
-69
-29
-25
-29
19
37
59
12
-70
-164
-249
-285
-344
-430
-530
-574
-564
-547
-519
-472
-367
-237
-176
-141
-55
39
137
121
35
-13
-74
-110
-230
-383
-508
-635
-711
-827
-941
-1016
-1074
-1095
-1173
-1245
-1273
-1249
-1211
-1250
-1282
-1267
-1218
-1163
-1151
-1098
-985
-862
-746
-621
-449
-251
-52
125
299
482
661
838
1054
1162
1319
1541
1684
1939
1972
2049
2251
2296
2461
2432
2361
2356
2202
2075
1878
1656
1477
1257
983
660
387
208
76
-107
-349
-519
-579
-645
-714
-781
-789
-689
-711
-725
-686
-630
-462
-427
-396
-338
-314
-212
-167
-98
-61
-40
6
0
47
57
95
156
139
120
107
107
152
126
53
1
-80
-92
-139
-238
-293
-374
-379
-419
-468
-426
-376
-286
-275
-268
-181
-74
8
-18
-34
-11
-42
-92
-214
-294
-328
-454
-603
-747
-838
-883
-988
-1112
-1203
-1248
-1287
-1361
-1419
-1445
-1441
-1457
-1482
-1480
-1432
-1375
-1319
-1234
-1139
-1001
-854
-689
-508
-338
-155
53
291
523
696
895
1071
1308
1590
1721
1980
2130
2237
2406
2440
2637
2708
2629
2528
2366
2257
2075
1822
1590
1407
1150
793
500
311
231
84
-183
-402
-490
-552
-625
-729
-828
-761
-788
-878
-925
-926
-740
-655
-702
-709
-650
-468
-361
-291
-191
-68
48
33
95
186
289
342
275
265
267
294
267
227
207
150
80
-32
-86
-88
-110
-189
-272
-309
-277
-246
-253
-211
-163
-106
-80
-80
-32
13
41
8
-93
-156
-183
-200
-275
-406
-503
-575
-642
-738
-853
-912
-973
-1090
-1208
-1318
-1363
-1391
-1487
-1571
-1633
-1645
-1612
-1608
-1586
-1516
-1428
-1300
-1156
-1011
-819
-617
-407
-202
1
222
450
725
886
1093
1354
1561
1920
2039
2168
2370
2454
2707
2726
2665
2621
2500
2397
2168
1897
1676
1528
1281
914
604
396
341
198
-82
-272
-373
-420
-513
-669
-724
-670
-721
-807
-889
-910
-780
-766
-774
-739
-728
-623
-558
-450
-318
-212
-125
-80
36
116
240
310
346
399
389
399
364
356
336
287
190
68
21
-11
-46
-147
-191
-164
-142
-127
-146
-64
38
88
90
91
131
154
145
76
-16
-104
-180
-247
-330
-440
-528
-581
-663
-738
-821
-883
-922
-1039
-1152
-1229
-1317
-1392
-1504
-1609
-1660
-1713
-1767
-1764
-1747
-1673
-1569
-1493
-1338
-1169
-968
-759
-593
-389
-166
72
242
445
668
854
1190
1347
1623
1904
1997
2282
2368
2576
2773
2734
2737
2617
2524
2399
2161
1924
1702
1479
1143
813
551
398
277
38
-203
-346
-412
-482
-567
-690
-676
-665
-765
-810
-892
-797
-700
-777
-787
-825
-719
-609
-585
-505
-422
-286
-250
-192
-64
82
274
311
361
421
421
491
484
467
430
287
173
117
25
-20
-96
-174
-160
-187
-152
-83
18
135
186
224
247
340
402
363
298
162
122
45
-107
-213
-345
-397
-503
-685
-768
-791
-794
-848
-996
-1083
-1112
-1189
-1286
-1437
-1534
-1606
-1708
-1788
-1878
-1877
-1855
-1812
-1736
-1654
-1488
-1315
-1129
-936
-737
-498
-254
-45
163
383
582
909
1134
1404
1700
1826
2111
2256
2473
2736
2744
2770
2696
2627
2553
2330
2101
1886
1671
1340
1001
741
570
432
186
-54
-189
-271
-358
-449
-548
-541
-535
-628
-694
-768
-719
-632
-689
-725
-764
-716
-628
-611
-550
-464
-355
-330
-286
-172
-40
136
161
205
300
335
435
422
416
422
319
241
150
73
25
-82
-183
-201
-214
-173
-130
-68
80
173
262
310
372
463
481
455
337
245
167
37
-56
-252
-397
-471
-590
-667
-785
-849
-839
-872
-973
-1074
-1131
-1162
-1220
-1340
-1453
-1543
-1600
-1668
-1744
-1798
-1793
-1720
-1650
-1556
-1463
-1316
-1106
-922
-731
-526
-315
-93
136
288
520
816
1043
1392
1566
1721
1993
2180
2512
2664
2667
2691
2685
2660
2512
2304
2104
1966
1689
1279
966
744
616
406
75
-138
-232
-339
-451
-559
-616
-542
-606
-708
-745
-744
-587
-578
-665
-682
-681
-580
-578
-578
-500
-406
-323
-360
-281
-130
42
175
164
259
364
459
551
496
513
482
394
329
195
120
47
-85
-183
-271
-287
-251
-228
-153
-61
52
146
222
338
394
432
394
293
247
135
23
-140
-326
-437
-557
-680
-775
-841
-861
-894
-969
-1030
-1036
-1033
-1080
-1178
-1284
-1343
-1383
-1461
-1548
-1639
-1663
-1644
-1667
-1609
-1505
-1368
-1240
-1149
-984
-755
-524
-352
-186
73
249
482
732
980
1397
1535
1681
1935
2148
2525
2623
2627
2677
2639
2619
2456
2244
2095
1939
1646
1256
928
734
627
421
89
-150
-260
-345
-414
-564
-609
-546
-623
-695
-779
-737
-561
-572
-626
-664
-624
-516
-494
-453
-383
-282
-238
-232
-131
-15
148
254
288
386
452
540
623
609
611
529
422
355
242
160
47
-104
-176
-236
-257
-264
-240
-124
-50
19
64
141
286
322
299
232
171
165
42
-124
-268
-407
-501
-668
-825
-885
-927
-960
-1053
-1125
-1117
-1119
-1135
-1195
-1261
-1311
-1372
-1421
-1483
-1530
-1572
-1594
-1576
-1562
-1487
-1369
-1232
-1104
-970
-810
-635
-437
-281
-125
53
228
360
595
821
1094
1390
1481
1706
1909
2195
2523
2579
2620
2625
2639
2593
2426
2254
2104
1947
1560
1162
867
696
586
271
-64
-282
-374
-437
-544
-672
-667
-569
-622
-701
-729
-616
-449
-483
-547
-568
-531
-442
-429
-391
-337
-297
-254
-186
-69
79
226
328
407
457
534
600
641
617
530
442
281
169
79
-18
-112
-193
-174
-119
-61
-43
44
200
350
425
431
456
452
398
246
101
-36
-183
-340
-576
-703
-779
-860
-925
-1050
-1061
-1022
-1059
-1117
-1189
-1183
-1172
-1278
-1403
-1510
-1542
-1585
-1687
-1774
-1800
-1766
-1744
-1699
-1631
-1502
-1316
-1151
-997
-823
-611
-410
-222
-74
71
287
437
558
780
969
1288
1552
1639
1880
2069
2385
2701
2744
2792
2806
2791
2755
2538
2311
2167
1926
1535
1107
762
599
431
102
-226
-409
-445
-464
-569
-664
-554
-441
-473
-555
-597
-427
-285
-408
-537
-617
-577
-530
-613
-617
-548
-453
-374
-285
-116
90
291
455
584
684
766
847
882
841
733
576
440
327
181
29
-133
-256
-313
-343
-341
-299
-223
-105
15
88
164
235
286
292
193
74
-50
-178
-318
-522
-715
-889
-1013
-1119
-1226
-1281
-1327
-1310
-1290
-1308
-1315
-1318
-1267
-1247
-1324
-1403
-1453
-1469
-1501
-1578
-1619
-1615
-1608
-1611
-1560
-1416
-1215
-1025
-839
-630
-380
-135
110
333
496
647
782
867
1017
1210
1396
1646
1729
1823
2019
2253
2607
2741
2754
2785
2788
2778
2600
2385
2220
2029
1663
1160
753
507
356
53
-347
-627
-726
-722
-791
-880
-839
-672
-587
-643
-650
-520
-324
-315
-463
-518
-481
-415
-442
-486
-418
-323
-276
-246
-124
102
344
474
547
678
769
862
878
832
835
712
534
331
156
51
-102
-261
-392
-441
-449
-434
-356
-257
-131
-44
12
118
173
178
165
66
-22
-180
-377
-526
-696
-842
-1026
-1197
-1278
-1350
-1373
-1403
-1441
-1427
-1428
-1392
-1396
-1406
-1401
-1439
-1481
-1556
-1592
-1616
-1654
-1667
-1664
-1588
-1479
-1338
-1165
-955
-731
-510
-262
-14
244
477
681
886
1058
1141
1354
1588
1845
2046
2025
2200
2408
2649
2852
2798
2811
2821
2722
2556
2310
2143
2001
1691
1209
762
503
349
102
-271
-579
-680
-749
-888
-986
-986
-802
-701
-773
-767
-671
-451
-302
-352
-374
-343
-285
-238
-233
-199
-123
-87
-108
-55
52
214
381
430
491
548
610
711
730
702
627
474
332
230
98
-47
-191
-310
-360
-425
-481
-429
-321
-230
-194
-192
-102
25
72
64
18
-26
-103
-252
-388
-498
-625
-782
-964
-1125
-1216
-1264
-1321
-1369
-1428
-1462
-1451
-1460
-1470
-1487
-1523
-1562
-1626
-1674
-1667
-1640
-1644
-1654
-1612
-1500
-1327
-1166
-974
-761
-559
-335
-93
180
471
695
874
1049
1200
1480
1729
1985
2178
2196
2346
2483
2691
2858
2806
2762
2690
2553
2361
2130
1944
1779
1469
998
609
366
242
68
-268
-551
-691
-760
-838
-943
-970
-812
-724
-784
-813
-713
-438
-250
-300
-337
-271
-133
-32
-36
9
109
155
132
136
232
362
468
493
471
514
548
620
664
587
527
401
277
229
118
-4
-135
-264
-307
-367
-429
-428
-358
-248
-228
-246
-204
-58
58
7
-74
-125
-124
-171
-334
-471
-582
-685
-812
-994
-1118
-1173
-1245
-1339
-1449
-1536
-1563
-1577
-1626
-1696
-1762
-1803
-1804
-1813
-1843
-1833
-1790
-1739
-1656
-1552
-1379
-1173
-982
-793
-596
-342
-46
244
489
677
909
1112
1353
1610
1840
2177
2296
2364
2484
2634
2931
2968
2833
2737
2618
2505
2275
1992
1818
1635
1257
834
494
347
269
22
-307
-558
-648
-690
-752
-860
-837
-712
-729
-779
-790
-620
-352
-298
-355
-357
-248
-89
-21
-9
75
166
173
160
184
294
400
429
432
423
456
466
503
512
464
415
281
238
225
157
64
-90
-144
-147
-190
-250
-278
-217
-145
-156
-198
-177
-87
4
-48
-155
-203
-199
-198
-336
-491
-594
-655
-733
-944
-1109
-1178
-1226
-1328
-1533
-1655
-1667
-1663
-1711
-1843
-1892
-1885
-1861
-1833
-1866
-1820
-1733
-1652
-1538
-1437
-1246
-1024
-855
-651
-458
-235
46
279
536
742
924
1114
1367
1649
1886
2135
2225
2373
2515
2665
2886
2886
2798
2677
2514
2380
2147
1862
1671
1414
1035
671
353
228
128
-107
-349
-560
-632
-657
-698
-749
-731
-653
-676
-717
-719
-608
-405
-383
-423
-409
-339
-189
-116
-68
41
104
137
163
223
342
408
458
471
482
526
509
558
547
498
471
352
315
255
176
133
21
-32
-45
-74
-81
-93
-65
-20
-34
-68
-61
-9
20
-70
-177
-236
-254
-289
-431
-547
-636
-712
-812
-977
-1063
-1139
-1228
-1341
-1511
-1613
-1675
-1734
-1801
-1921
-2015
-2038
-2025
-2001
-2003
-1974
-1895
-1764
-1618
-1488
-1302
-1107
-886
-661
-476
-237
6
263
532
724
905
1190
1501
1849
2083
2156
2379
2587
2817
2947
2891
2897
2827
2694
2480
2217
2033
1833
1557
1160
803
585
451
317
62
-180
-314
-401
-475
-565
-643
-602
-622
-696
-734
-736
-609
-525
-523
-491
-476
-369
-279
-193
-69
-16
84
132
201
309
377
472
492
522
525
526
553
540
549
474
411
371
318
293
241
154
121
79
22
29
-8
18
22
-37
-37
-56
-46
-87
-151
-203
-270
-335
-455
-502
-560
-636
-730
-876
-920
-964
-1065
-1153
-1267
-1343
-1418
-1549
-1647
-1735
-1809
-1867
-1952
-2000
-2026
-2018
-1980
-1936
-1847
-1757
-1614
-1430
-1245
-1025
-839
-605
-337
-112
121
313
541
781
944
1206
1433
1710
1989
2060
2242
2399
2618
2840
2799
2747
2689
2621
2488
2218
1985
1809
1579
1182
764
543
440
299
22
-272
-363
-399
-499
-598
-671
-569
-538
-671
-744
-708
-515
-425
-505
-512
-442
-292
-237
-224
-97
28
103
92
143
308
440
489
475
513
576
597
588
586
593
553
471
382
358
329
286
212
152
144
107
96
99
148
188
151
127
123
161
124
34
-36
-118
-188
-336
-459
-538
-610
-716
-858
-966
-1045
-1097
-1177
-1292
-1406
-1505
-1610
-1704
-1809
-1926
-2006
-2097
-2173
-2206
-2232
-2206
-2155
-2105
-1994
-1844
-1672
-1459
-1251
-1024
-756
-505
-231
45
269
537
741
1002
1315
1570
1888
2025
2179
2389
2584
2831
2877
2843
2782
2717
2580
2330
2120
1943
1776
1412
973
705
567
466
225
-93
-248
-312
-412
-540
-656
-618
-552
-652
-757
-793
-668
-484
-478
-512
-505
-417
-274
-191
-107
-5
126
188
229
335
427
584
626
599
657
636
689
697
629
642
552
498
444
378
367
296
240
201
188
193
176
203
233
255
257
212
205
190
148
92
-60
-186
-282
-404
-494
-657
-796
-882
-991
-1078
-1183
-1262
-1293
-1382
-1494
-1598
-1682
-1735
-1823
-1928
-2030
-2091
-2116
-2138
-2154
-2144
-2080
-1951
-1832
-1676
-1501
-1315
-1084
-890
-646
-384
-149
93
297
534
720
994
1303
1612
1901
1951
2125
2336
2583
2800
2737
2734
2710
2607
2431
2144
2004
1887
1614
1184
772
569
476
311
23
-241
-360
-429
-527
-642
-714
-624
-603
-717
-794
-811
-646
-519
-584
-594
-569
-453
-351
-302
-165
-31
67
92
161
349
521
656
680
720
806
823
882
870
859
852
739
674
619
584
572
475
397
347
341
368
358
363
358
360
358
327
326
276
217
134
-5
-133
-288
-388
-467
-617
-788
-964
-1068
-1099
-1197
-1294
-1389
-1453
-1514
-1630
-1725
-1807
-1858
-1963
-2094
-2185
-2223
-2224
-2232
-2211
-2188
-2103
-1960
-1773
-1569
-1395
-1183
-944
-661
-418
-209
29
294
534
748
1003
1311
1695
1866
1999
2215
2474
2795
2842
2799
2811
2780
2668
2390
2122
1998
1833
1453
1001
658
541
448
166
-148
-336
-385
-461
-619
-741
-688
-601
-687
-842
-923
-813
-662
-689
-758
-753
-653
-544
-510
-407
-224
-70
0
41
199
419
597
671
716
775
822
879
890
910
889
783
689
610
548
516
455
380
345
311
350
429
464
531
544
586
628
619
608
541
458
307
130
-52
-213
-341
-534
-713
-880
-1015
-1090
-1190
-1248
-1280
-1351
-1428
-1507
-1559
-1606
-1722
-1834
-1939
-2025
-2102
-2197
-2228
-2214
-2173
-2133
-2084
-1926
-1715
-1476
-1289
-1123
-860
-589
-307
-112
63
304
514
693
925
1174
1516
1756
1838
2045
2275
2619
2845
2856
2890
2853
2795
2631
2382
2198
2002
1684
1208
778
535
415
207
-167
-455
-563
-639
-745
-880
-894
-773
-806
-937
-1003
-933
-746
-706
-795
-840
-825
-746
-687
-627
-526
-432
-345
-274
-127
89
306
472
580
655
781
920
1030
1127
1092
1029
918
829
825
762
667
507
386
317
298
295
341
453
470
495
493
564
673
655
596
487
359
190
-8
-193
-333
-516
-758
-969
-1093
-1120
-1164
-1258
-1351
-1383
-1401
-1449
-1506
-1583
-1609
-1706
-1851
-1950
-2030
-2025
-2044
-2081
-2074
-2032
-1920
-1781
-1645
-1465
-1272
-1047
-821
-589
-344
-94
133
350
537
796
1107
1415
1734
1837
2014
2245
2525
2799
2816
2850
2860
2814
2660
2401
2250
2103
1851
1377
950
688
527
325
-36
-325
-486
-585
-734
-881
-948
-878
-851
-977
-1060
-1074
-909
-787
-856
-902
-932
-829
-732
-696
-613
-520
-402
-341
-242
-67
137
341
436
577
684
776
900
948
1032
986
890
828
781
743
641
500
395
351
305
290
304
361
446
481
547
611
689
725
699
651
527
411
239
88
-81
-324
-523
-734
-881
-987
-1128
-1209
-1300
-1346
-1374
-1445
-1480
-1527
-1572
-1648
-1765
-1842
-1886
-1918
-1973
-2025
-2022
-1973
-1902
-1809
-1664
-1477
-1291
-1113
-911
-675
-408
-189
13
209
416
619
861
1133
1430
1727
1847
2016
2223
2507
2797
2838
2823
2779
2720
2595
2366
2160
1985
1722
1288
877
598
429
219
-105
-410
-583
-703
-833
-949
-1010
-955
-945
-1011
-1071
-1021
-858
-741
-781
-861
-853
-764
-676
-654
-625
-537
-437
-359
-268
-124
67
261
378
500
577
699
856
924
989
882
824
808
765
747
606
504
414
334
293
249
282
345
412
427
418
487
588
662
630
492
439
386
270
103
-121
-248
-400
-607
-764
-894
-963
-1046
-1185
-1268
-1346
-1390
-1409
-1475
-1533
-1636
-1710
-1751
-1822
-1858
-1895
-1891
-1883
-1879
-1807
-1691
-1535
-1383
-1253
-1073
-851
-621
-400
-196
30
268
468
676
961
1252
1591
1806
1937
2154
2375
2680
2824
2813
2781
2730
2652
2445
2213
2011
1827
1501
1041
689
464
299
56
-276
-518
-647
-765
-867
-971
-1015
-978
-1024
-1072
-1119
-1064
-906
-855
-874
-923
-864
-740
-681
-612
-536
-387
-282
-233
-108
69
278
388
468
581
680
786
819
873
888
819
760
690
663
589
462
355
307
272
246
218
249
321
344
384
415
505
574
579
559
476
434
347
226
85
-105
-247
-408
-560
-716
-871
-974
-1065
-1172
-1270
-1338
-1369
-1413
-1504
-1583
-1650
-1703
-1745
-1797
-1826
-1873
-1884
-1856
-1806
-1717
-1618
-1470
-1321
-1174
-991
-774
-523
-301
-109
96
324
536
762
1031
1305
1624
1775
1908
2138
2386
2692
2769
2751
2743
2706
2627
2418
2193
1995
1781
1401
965
618
421
279
-1
-316
-548
-662
-751
-863
-952
-981
-933
-969
-1023
-1028
-955
-822
-789
-792
-796
-732
-626
-569
-540
-478
-375
-285
-192
-108
31
186
285
393
467
574
676
718
766
757
733
693
637
612
532
419
333
296
266
252
237
285
354
366
405
460
558
605
581
514
465
431
325
203
47
-78
-210
-411
-560
-701
-787
-886
-1063
-1215
-1325
-1380
-1455
-1576
-1677
-1742
-1811
-1893
-1969
-1976
-1970
-1952
-1962
-1929
-1823
-1709
-1551
-1433
-1264
-1067
-853
-613
-424
-213
25
291
520
777
1068
1384
1698
1841
2039
2267
2524
2761
2789
2771
2724
2665
2540
2325
2114
1922
1685
1307
938
650
485
320
17
-282
-474
-560
-667
-801
-886
-880
-876
-968
-1016
-982
-877
-800
-837
-818
-762
-669
-586
-539
-420
-320
-231
-165
-76
92
232
337
402
474
574
661
702
725
746
731
676
617
580
534
449
336
259
215
184
162
154
206
232
218
245
322
433
450
401
387
389
349
221
105
23
-85
-262
-471
-608
-691
-819
-986
-1134
-1226
-1292
-1391
-1478
-1538
-1605
-1685
-1774
-1813
-1851
-1878
-1897
-1930
-1889
-1849
-1765
-1644
-1544
-1371
-1218
-1026
-816
-622
-372
-182
9
227
434
688
966
1232
1548
1745
1866
2094
2335
2655
2784
2758
2769
2724
2672
2490
2275
2138
1935
1596
1164
842
662
505
231
-117
-346
-468
-577
-716
-827
-848
-805
-865
-945
-953
-881
-749
-756
-779
-759
-721
-616
-585
-528
-424
-368
-296
-234
-128
19
135
227
284
342
402
454
524
552
528
468
406
395
442
431
441
399
360
401
403
511
562
573
541
452
429
420
401
335
236
114
22
-45
-107
-151
-245
-336
-437
-525
-583
-663
-751
-865
-999
-1164
-1298
-1400
-1489
-1606
-1780
-1903
-1952
-1966
-1990
-2020
-1985
-1882
-1803
-1748
-1649
-1481
-1258
-1097
-988
-797
-574
-347
-176
-50
200
399
627
894
1111
1498
1677
1844
2116
2348
2708
2850
2881
2911
2888
2809
2627
2405
2206
1967
1550
1084
735
522
338
50
-289
-491
-572
-673
-761
-833
-783
-687
-763
-839
-858
-762
-654
-716
-795
-829
-800
-761
-769
-722
-622
-522
-475
-393
-224
-13
198
317
446
566
671
774
834
877
855
776
680
600
515
422
292
168
104
41
23
24
70
151
208
283
351
454
533
535
510
436
385
290
134
-3
-164
-324
-501
-674
-761
-858
-975
-1065
-1130
-1139
-1192
-1259
-1285
-1306
-1362
-1463
-1566
-1605
-1625
-1701
-1787
-1831
-1795
-1750
-1707
-1622
-1467
-1251
-1076
-885
-678
-388
-93
118
310
425
632
788
977
1196
1319
1541
1595
1698
1891
2112
2446
2545
2538
2508
2510
2517
2372
2188
1999
1777
1404
963
641
442
254
-79
-452
-692
-809
-917
-999
-1065
-1028
-950
-983
-955
-908
-731
-544
-541
-566
-615
-536
-440
-443
-439
-432
-373
-358
-351
-252
-93
89
200
285
425
541
683
783
810
851
775
727
671
580
510
371
269
190
117
84
54
81
134
166
213
268
354
410
380
333
282
242
169
12
-114
-242
-364
-500
-671
-774
-873
-957
-1048
-1170
-1238
-1294
-1331
-1376
-1471
-1537
-1580
-1596
-1626
-1679
-1722
-1735
-1703
-1671
-1608
-1502
-1360
-1203
-1073
-917
-696
-427
-190
14
170
384
636
829
1126
1341
1617
1820
1843
2045
2230
2521
2703
2669
2644
2555
2503
2341
2137
1927
1694
1404
966
623
397
253
51
-297
-586
-712
-799
-883
-974
-1014
-924
-943
-1021
-1021
-914
-707
-663
-698
-706
-652
-534
-488
-426
-359
-275
-222
-203
-102
30
185
269
308
357
414
504
561
590
575
505
424
359
331
354
340
320
311
283
331
390
511
625
635
578
507
503
507
444
331
220
105
-34
-172
-257
-293
-355
-499
-637
-702
-747
-796
-892
-1001
-1072
-1195
-1312
-1423
-1500
-1557
-1674
-1787
-1867
-1866
-1850
-1856
-1837
-1801
-1684
-1547
-1416
-1225
-1012
-788
-613
-452
-228
13
214
364
457
603
708
871
1119
1330
1612
1668
1783
2065
2361
2727
2799
2791
2815
2760
2666
2413
2181
2002
1683
1179
652
321
172
-25
-365
-716
-887
-909
-963
-1008
-1014
-881
-757
-816
-842
-810
-621
-448
-525
-647
-737
-689
-606
-628
-599
-536
-420
-354
-316
-144
90
317
409
449
540
652
776
814
802
744
623
506
387
285
188
61
-45
-115
-158
-146
-65
25
98
140
218
344
438
472
446
407
362
272
139
26
-79
-212
-371
-539
-657
-711
-780
-865
-952
-1011
-1022
-1040
-1080
-1129
-1173
-1235
-1341
-1449
-1527
-1588
-1637
-1716
-1768
-1802
-1772
-1650
-1497
-1302
-1109
-882
-602
-323
-61
206
475
694
838
864
943
1037
1131
1317
1380
1525
1585
1596
1822
2029
2322
2466
2463
2492
2467
2419
2276
2094
1885
1597
1162
661
298
74
-163
-500
-891
-1131
-1184
-1274
-1313
-1280
-1149
-953
-931
-855
-668
-412
-216
-243
-286
-264
-233
-243
-310
-322
-279
-296
-359
-355
-212
-14
113
196
312
486
639
724
816
884
883
773
642
541
431
286
82
-65
-195
-321
-397
-419
-359
-277
-206
-119
16
165
270
346
402
418
373
259
123
-3
-168
-360
-591
-790
-910
-1009
-1109
-1224
-1279
-1270
-1270
-1305
-1308
-1270
-1280
-1331
-1397
-1408
-1404
-1464
-1522
-1565
-1548
-1528
-1476
-1360
-1216
-1017
-828
-585
-309
-23
276
538
790
984
1103
1239
1334
1457
1653
1749
1871
1865
1822
1978
2150
2387
2458
2373
2318
2272
2205
2070
1898
1722
1501
1097
626
284
100
-73
-376
-796
-1080
-1136
-1194
-1261
-1313
-1215
-974
-906
-884
-743
-434
-133
-97
-168
-157
-34
19
-44
-119
-126
-110
-205
-266
-203
-40
105
154
233
382
546
638
717
786
803
725
564
450
355
206
-9
-220
-366
-471
-560
-627
-579
-497
-406
-323
-231
-30
133
230
296
312
327
273
129
-6
-176
-387
-617
-840
-986
-1108
-1263
-1404
-1463
-1460
-1465
-1482
-1489
-1453
-1417
-1440
-1471
-1477
-1455
-1435
-1466
-1516
-1502
-1426
-1317
-1200
-1062
-859
-612
-351
-92
205
520
827
1063
1230
1356
1490
1582
1654
1795
1873
1977
1949
1881
1991
2127
2329
2384
2335
2312
2260
2176
1992
1827
1661
1431
1018
526
201
4
-180
-514
-912
-1126
-1178
-1241
-1296
-1267
-1078
-836
-771
-716
-533
-214
62
78
49
59
134
125
21
-9
-19
-20
-132
-212
-131
13
170
226
288
402
480
615
722
817
827
653
510
373
285
146
-118
-338
-549
-710
-842
-905
-840
-748
-678
-650
-527
-264
-44
110
158
170
224
164
30
-116
-296
-457
-730
-1020
-1187
-1307
-1388
-1523
-1633
-1635
-1589
-1535
-1522
-1462
-1403
-1385
-1402
-1442
-1377
-1334
-1351
-1371
-1399
-1317
-1229
-1129
-926
-726
-466
-220
22
365
673
960
1212
1361
1487
1583
1612
1765
1910
1986
2055
1933
1946
2075
2248
2448
2436
2387
2325
2248
2145
1998
1861
1666
1364
890
477
219
38
-154
-492
-821
-1009
-1087
-1117
-1093
-1047
-869
-683
-615
-489
-281
48
264
234
169
186
294
297
183
96
53
3
-109
-179
-116
-6
74
106
151
283
375
482
562
538
507
359
240
127
-51
-230
-476
-686
-875
-997
-1039
-1025
-951
-890
-771
-613
-395
-141
16
129
181
203
204
103
-50
-216
-415
-623
-913
-1157
-1275
-1366
-1462
-1608
-1671
-1619
-1560
-1521
-1511
-1453
-1381
-1372
-1399
-1412
-1348
-1316
-1330
-1344
-1332
-1235
-1104
-958
-772
-567
-314
-27
261
556
866
1142
1368
1468
1520
1608
1651
1806
1862
1891
1917
1822
1901
2020
2233
2405
2421
2421
2362
2329
2245
2137
1990
1755
1400
930
552
288
90
-162
-520
-818
-990
-1063
-1093
-1061
-948
-737
-597
-532
-388
-133
186
324
271
223
239
268
210
106
33
-27
-124
-249
-286
-186
-48
43
111
179
329
451
547
621
564
515
354
171
20
-196
-383
-647
-896
-1073
-1197
-1217
-1196
-1113
-1001
-839
-616
-369
-96
77
199
279
270
206
61
-110
-280
-523
-790
-1053
-1253
-1375
-1507
-1624
-1694
-1678
-1608
-1555
-1509
-1433
-1320
-1241
-1240
-1236
-1199
-1150
-1161
-1235
-1264
-1231
-1146
-1043
-922
-732
-498
-254
-8
250
564
873
1115
1292
1352
1462
1521
1561
1710
1729
1811
1786
1714
1831
1975
2248
2394
2402
2394
2376
2374
2282
2165
1998
1793
1423
965
590
332
149
-148
-514
-792
-897
-954
-976
-955
-825
-602
-500
-415
-266
5
294
390
323
254
278
298
245
133
33
-11
-102
-213
-238
-151
-5
86
90
162
289
389
502
519
494
394
197
25
-155
-365
-579
-820
-1049
-1251
-1359
-1371
-1277
-1157
-1049
-868
-685
-432
-200
-25
124
141
124
51
-108
-236
-408
-596
-807
-1056
-1234
-1316
-1364
-1417
-1469
-1447
-1362
-1294
-1246
-1169
-1045
-988
-1006
-1039
-1023
-974
-1013
-1068
-1114
-1081
-991
-937
-796
-638
-424
-177
35
289
544
794
1017
1142
1210
1283
1314
1445
1541
1597
1677
1582
1634
1765
1979
2228
2280
2315
2312
2306
2222
2091
2001
1833
1555
1092
695
485
321
98
-256
-562
-700
-797
-867
-868
-784
-552
-428
-376
-267
-49
296
469
460
388
370
435
392
305
195
119
44
-128
-222
-212
-115
-6
-17
9
38
155
314
368
386
225
109
31
-101
-260
-513
-710
-893
-1125
-1332
-1399
-1283
-1141
-1117
-1128
-948
-620
-287
-145
-70
79
199
189
12
-100
-161
-280
-587
-954
-1115
-1152
-1189
-1360
-1518
-1471
-1356
-1287
-1298
-1226
-1050
-924
-937
-990
-946
-833
-813
-913
-991
-989
-912
-864
-812
-695
-520
-318
-143
53
293
546
777
927
978
1036
1095
1182
1351
1421
1507
1523
1485
1589
1736
2013
2214
2270
2256
2203
2211
2169
2094
1970
1771
1461
1060
729
534
395
167
-179
-463
-554
-591
-614
-641
-567
-373
-298
-258
-165
87
389
479
414
340
400
432
355
231
133
90
-43
-187
-240
-183
-107
-86
-88
-22
80
146
196
191
177
84
-56
-196
-370
-565
-808
-1015
-1178
-1331
-1442
-1476
-1402
-1288
-1203
-1078
-862
-576
-315
-202
-80
47
112
114
-28
-108
-190
-354
-574
-806
-897
-952
-1055
-1164
-1221
-1166
-1073
-1057
-1032
-952
-850
-778
-794
-806
-779
-745
-777
-844
-878
-850
-788
-760
-679
-552
-382
-214
-63
139
353
548
703
826
890
950
952
995
1157
1228
1311
1290
1287
1469
1674
1946
2111
2165
2180
2172
2144
2065
1973
1839
1649
1271
838
543
403
293
1
-333
-538
-561
-584
-610
-548
-399
-185
-121
-64
110
368
624
645
528
438
435
444
360
192
65
-9
-124
-232
-289
-233
-120
-53
-47
-21
69
144
238
228
138
31
-145
-287
-469
-708
-906
-1083
-1265
-1437
-1529
-1490
-1354
-1260
-1216
-1063
-795
-499
-315
-226
-56
104
145
69
-54
-82
-144
-340
-565
-750
-818
-880
-1003
-1078
-1079
-1004
-949
-932
-886
-817
-747
-743
-780
-789
-772
-777
-839
-901
-929
-920
-893
-848
-746
-616
-466
-299
-120
97
311
481
637
753
805
851
852
975
1122
1204
1304
1251
1333
1510
1744
2033
2127
2188
2188
2184
2165
2065
1997
1871
1653
1264
855
632
520
361
58
-259
-385
-390
-401
-418
-379
-173
-17
25
74
219
514
683
631
513
430
442
380
236
88
-42
-125
-277
-394
-379
-302
-198
-150
-150
-68
11
88
164
137
75
-88
-233
-361
-551
-764
-1011
-1165
-1306
-1474
-1564
-1526
-1372
-1284
-1226
-1075
-812
-501
-334
-231
-90
20
76
10
-120
-147
-247
-427
-655
-837
-858
-901
-984
-1070
-1086
-984
-934
-922
-889
-819
-731
-755
-775
-771
-724
-700
-775
-812
-829
-789
-745
-697
-579
-444
-294
-152
10
223
435
593
717
784
812
862
845
966
1097
1192
1284
1206
1290
1489
1786
2048
2123
2151
2158
2187
2119
2010
1921
1784
1558
1131
749
556
452
301
-27
-315
-390
-379
-384
-392
-296
-68
74
103
158
368
638
731
635
489
441
412
310
182
32
-77
-207
-354
-411
-400
-308
-237
-195
-172
-128
-13
64
148
111
-13
-140
-305
-417
-597
-807
-1017
-1211
-1363
-1507
-1542
-1463
-1309
-1201
-1124
-937
-657
-368
-226
-130
2
130
156
55
-54
-108
-194
-416
-650
-806
-855
-892
-1002
-1102
-1093
-1015
-963
-938
-933
-877
-811
-815
-855
-891
-870
-859
-912
-990
-1025
-956
-867
-775
-681
-547
-342
-143
43
239
438
634
787
864
887
916
930
1051
1180
1245
1305
1258
1339
1519
1790
2076
2197
2230
2224
2245
2234
2167
2067
1905
1656
1241
856
627
509
336
15
-272
-408
-400
-391
-374
-263
-49
112
149
202
401
661
769
646
474
409
370
253
46
-120
-220
-347
-512
-623
-559
-447
-353
-308
-295
-154
-56
46
118
65
29
-131
-297
-440
-655
-839
-1050
-1255
-1402
-1496
-1507
-1405
-1267
-1175
-1028
-825
-557
-272
-125
-2
119
159
167
81
-26
-100
-274
-479
-703
-862
-912
-987
-1063
-1145
-1148
-1065
-1036
-1006
-965
-896
-835
-876
-918
-902
-862
-858
-942
-1014
-1011
-944
-873
-803
-668
-495
-317
-156
15
235
493
688
826
897
926
1008
1024
1115
1210
1285
1412
1372
1446
1624
1913
2243
2307
2301
2314
2374
2382
2243
2101
1971
1735
1293
859
620
527
343
-13
-312
-417
-388
-389
-365
-269
-70
76
97
174
341
571
652
511
338
227
192
70
-124
-303
-428
-510
-647
-690
-605
-481
-345
-303
-246
-118
-16
109
164
139
40
-155
-318
-460
-631
-844
-1078
-1260
-1385
-1467
-1491
-1390
-1208
-1050
-912
-720
-420
-109
67
166
241
300
284
165
29
-99
-265
-486
-756
-956
-1024
-1076
-1156
-1267
-1303
-1227
-1139
-1095
-1072
-1010
-931
-931
-987
-1018
-975
-950
-1002
-1095
-1115
-1013
-911
-805
-692
-515
-280
-92
94
303
535
769
906
975
998
1051
1104
1193
1289
1360
1488
1470
1512
1667
1925
2255
2365
2360
2372
2419
2436
2330
2177
2028
1798
1389
956
663
553
392
65
-261
-412
-356
-355
-352
-295
-93
114
108
147
307
537
627
428
231
138
91
-42
-263
-427
-545
-658
-802
-850
-745
-608
-475
-399
-315
-183
-76
37
109
113
21
-167
-340
-492
-636
-834
-1071
-1249
-1355
-1396
-1404
-1333
-1164
-983
-834
-656
-373
-53
171
280
309
368
364
234
88
-81
-224
-446
-744
-937
-1030
-1063
-1149
-1282
-1292
-1213
-1115
-1073
-1065
-994
-909
-900
-946
-970
-932
-900
-963
-1072
-1071
-990
-902
-824
-736
-548
-329
-137
62
281
537
758
916
1000
1030
1098
1118
1212
1314
1380
1484
1447
1498
1661
1940
2253
2353
2375
2403
2453
2452
2346
2204
2051
1799
1351
927
673
548
345
-19
-332
-435
-404
-406
-396
-334
-130
27
53
135
270
486
552
371
187
65
33
-73
-287
-466
-580
-649
-779
-831
-731
-574
-443
-425
-361
-214
-111
-39
-36
-46
-139
-367
-557
-695
-797
-970
-1198
-1251
-1235
-1142
-1066
-1000
-748
-511
-246
-30
163
387
474
488
386
288
225
73
-146
-443
-634
-720
-849
-997
-1118
-1124
-1093
-1158
-1226
-1196
-1103
-1050
-1147
-1194
-1154
-1123
-1144
-1263
-1270
-1201
-1173
-1178
-1183
-1042
-836
-674
-531
-377
-116
141
323
497
659
838
967
926
889
896
907
1032
1091
1201
1339
1351
1518
1751
2111
2435
2529
2580
2622
2678
2613
2469
2300
2097
1779
1268
850
599
423
203
-127
-365
-392
-343
-308
-217
-83
161
288
290
359
460
605
548
287
50
-120
-222
-396
-611
-761
-834
-873
-942
-890
-735
-520
-348
-280
-186
-70
36
95
80
-22
-151
-366
-583
-749
-917
-1048
-1240
-1373
-1431
-1400
-1290
-1159
-949
-762
-560
-376
-143
129
295
375
366
363
325
188
6
-155
-303
-501
-745
-927
-964
-1004
-1071
-1164
-1150
-1027
-960
-911
-882
-784
-726
-749
-804
-854
-841
-902
-996
-1068
-1078
-1014
-955
-874
-719
-512
-282
-39
201
449
679
875
1027
1091
1113
1081
1007
952
843
869
925
1000
1087
1081
1276
1559
1930
2236
2371
2485
2564
2615
2521
2364
2165
1920
1586
1065
642
362
181
-25
-329
-519
-531
-446
-369
-275
-112
144
314
334
358
427
487
411
175
-65
-261
-449
-650
-808
-909
-973
-1020
-1019
-901
-709
-503
-310
-141
0
116
188
256
279
146
-68
-338
-551
-710
-937
-1138
-1302
-1355
-1334
-1283
-1196
-997
-712
-476
-268
-102
133
389
485
457
365
284
164
-64
-339
-543
-718
-913
-1108
-1242
-1227
-1214
-1211
-1183
-1097
-960
-870
-795
-717
-658
-661
-720
-779
-840
-896
-975
-1025
-1036
-1048
-995
-872
-707
-517
-326
-90
181
424
629
823
987
1083
1051
1045
1022
1079
1217
1240
1324
1284
1344
1596
1844
2154
2305
2424
2523
2536
2526
2448
2359
2171
1883
1490
1057
730
510
312
47
-275
-465
-473
-448
-421
-401
-244
-43
20
45
108
291
382
226
5
-150
-202
-344
-564
-723
-817
-871
-957
-966
-839
-670
-540
-445
-327
-160
-35
40
106
93
-6
-223
-414
-521
-652
-847
-1099
-1249
-1241
-1222
-1216
-1148
-956
-697
-533
-369
-135
171
392
429
438
435
434
303
38
-154
-343
-532
-778
-1019
-1087
-1123
-1171
-1218
-1231
-1104
-989
-907
-813
-752
-676
-687
-732
-750
-784
-819
-927
-1009
-1025
-997
-905
-819
-658
-474
-276
-46
190
470
718
896
1011
1095
1083
1079
1032
1066
1189
1197
1262
1217
1295
1510
1755
2089
2279
2416
2479
2521
2534
2448
2341
2117
1844
1437
989
655
423
222
-69
-389
-584
-602
-586
-549
-508
-369
-160
-80
-39
45
195
292
176
-17
-159
-238
-368
-540
-668
-742
-834
-945
-953
-811
-644
-522
-416
-280
-88
-3
83
163
174
139
-71
-248
-370
-511
-672
-878
-1015
-1053
-1044
-1033
-955
-800
-598
-387
-219
-43
196
370
469
469
405
357
207
1
-210
-442
-636
-867
-1060
-1172
-1269
-1331
-1359
-1329
-1261
-1202
-1142
-1040
-911
-840
-844
-847
-847
-835
-895
-979
-995
-992
-975
-942
-880
-695
-478
-272
-43
192
484
732
933
1074
1151
1165
1113
1095
1053
1120
1211
1283
1343
1314
1452
1742
2101
2370
2488
2551
2646
2690
2615
2477
2304
2096
1723
1207
743
470
317
80
-269
-570
-627
-573
-586
-589
-503
-263
-100
-113
-86
53
192
163
-57
-221
-321
-449
-608
-781
-863
-949
-1040
-1048
-947
-783
-645
-510
-340
-161
-34
64
171
244
190
-6
-215
-335
-418
-597
-847
-1056
-1106
-1058
-1047
-1018
-874
-614
-366
-221
-75
214
496
607
543
463
455
347
88
-218
-450
-631
-881
-1125
-1270
-1294
-1299
-1336
-1323
-1241
-1096
-983
-906
-809
-722
-690
-730
-793
-812
-888
-995
-1083
-1110
-1086
-1104
-1071
-910
-665
-418
-238
-7
322
617
844
964
1096
1212
1171
1101
989
1081
1237
1280
1348
1325
1506
1812
2145
2490
2659
2779
2875
2925
2898
2759
2578
2347
1965
1419
887
550
380
109
-263
-610
-722
-670
-693
-657
-563
-324
-174
-194
-159
-46
128
107
-111
-320
-461
-551
-688
-849
-988
-1060
-1106
-1129
-1039
-874
-637
-434
-295
-173
-73
43
159
209
108
-96
-330
-489
-606
-796
-920
-999
-984
-941
-978
-869
-589
-218
22
82
171
410
630
592
455
338
300
122
-257
-523
-618
-667
-885
-1194
-1311
-1230
-1166
-1228
-1286
-1216
-1070
-1025
-1072
-1044
-952
-910
-987
-1100
-1120
-1080
-1070
-1107
-1100
-1037
-959
-851
-706
-468
-198
5
227
450
696
922
1054
1160
1202
1132
1057
993
1052
1209
1253
1356
1409
1534
1830
2163
2581
2841
2934
2980
3003
2987
2828
2574
2282
1925
1408
827
415
228
55
-242
-600
-752
-671
-604
-552
-508
-328
-166
-197
-262
-220
-76
-96
-331
-595
-731
-764
-870
-1006
-1068
-1056
-1047
-1057
-979
-741
-467
-282
-198
-82
72
166
238
201
163
24
-227
-409
-545
-604
-774
-1003
-1141
-1157
-1076
-1020
-887
-673
-448
-266
-139
70
329
487
494
401
350
306
122
-78
-262
-422
-589
-825
-935
-985
-992
-1014
-1067
-992
-902
-820
-745
-685
-617
-630
-698
-750
-815
-867
-977
-1085
-1136
-1177
-1129
-1068
-942
-739
-547
-274
6
308
620
838
1040
1156
1220
1260
1221
1104
987
851
822
907
980
1143
1212
1364
1656
1996
2376
2621
2792
2861
2863
2743
2531
2318
2022
1671
1141
581
191
-33
-237
-504
-773
-869
-781
-715
-609
-491
-248
-21
3
-28
-38
66
90
-104
-394
-627
-751
-914
-1067
-1177
-1208
-1181
-1203
-1105
-874
-622
-359
-197
-62
96
196
271
308
248
86
-151
-373
-522
-685
-859
-1032
-1127
-1161
-1132
-1003
-817
-572
-357
-159
74
277
478
586
580
524
379
207
-4
-268
-510
-745
-958
-1147
-1268
-1280
-1227
-1146
-1086
-981
-816
-639
-495
-435
-397
-388
-450
-560
-685
-766
-839
-942
-1039
-1109
-1085
-950
-769
-548
-337
-77
237
540
810
999
1188
1332
1374
1303
1163
1104
1042
1067
1058
1068
1164
1202
1385
1631
1982
2332
2525
2632
2709
2746
2652
2470
2217
1929
1526
967
467
124
-101
-364
-709
-982
-1018
-932
-881
-827
-675
-348
-115
-87
-94
8
174
161
-80
-319
-468
-594
-787
-1004
-1104
-1129
-1127
-1112
-1021
-817
-567
-343
-164
-4
156
254
308
294
170
5
-218
-394
-582
-826
-1039
-1207
-1273
-1277
-1242
-1122
-904
-658
-411
-169
72
361
563
632
600
534
484
327
53
-237
-453
-645
-882
-1098
-1187
-1136
-1074
-1081
-1018
-844
-627
-442
-398
-358
-326
-330
-381
-529
-646
-763
-887
-1000
-1120
-1149
-1072
-937
-759
-581
-358
-18
309
599
821
1028
1261
1364
1367
1248
1202
1151
1101
1108
1073
1182
1198
1247
1454
1759
2178
2413
2491
2568
2657
2661
2515
2303
2084
1760
1226
660
257
38
-227
-595
-949
-1085
-1012
-982
-941
-855
-607
-330
-243
-206
-120
49
130
-16
-247
-412
-487
-599
-794
-980
-1060
-1059
-1059
-1031
-891
-630
-373
-222
-100
54
232
349
343
275
144
-44
-239
-464
-686
-881
-1052
-1187
-1281
-1303
-1210
-1024
-827
-607
-359
-81
212
414
538
609
617
562
400
173
-33
-246
-488
-725
-944
-1032
-1054
-1065
-1050
-1019
-894
-731
-581
-484
-413
-362
-387
-442
-539
-614
-717
-861
-964
-1055
-1092
-1065
-940
-760
-601
-431
-167
191
521
768
973
1193
1359
1403
1335
1289
1233
1212
1239
1226
1263
1224
1260
1459
1759
2086
2285
2395
2487
2555
2519
2391
2230
2031
1689
1149
608
247
58
-218
-598
-962
-1110
-1042
-1027
-1014
-928
-665
-411
-333
-294
-172
62
144
1
-202
-343
-400
-520
-724
-898
-985
-1018
-1016
-962
-847
-652
-433
-258
-123
6
138
270
343
253
95
-85
-229
-388
-633
-843
-1003
-1106
-1201
-1236
-1161
-1014
-800
-614
-406
-145
128
386
525
590
611
581
472
257
17
-184
-393
-646
-905
-1056
-1089
-1088
-1072
-1036
-924
-743
-568
-405
-298
-254
-245
-276
-330
-448
-612
-740
-842
-954
-1089
-1144
-1025
-824
-662
-518
-290
37
362
608
816
1039
1217
1249
1137
1044
1002
1070
1121
1110
1146
1107
1237
1488
1833
2214
2424
2546
2599
2666
2675
2554
2389
2142
1765
1223
667
332
129
-133
-519
-901
-1013
-977
-952
-925
-858
-600
-398
-342
-287
-147
81
139
-27
-241
-376
-407
-524
-721
-879
-980
-990
-1016
-1004
-844
-621
-404
-278
-146
3
131
245
245
176
30
-186
-341
-492
-732
-973
-1172
-1224
-1241
-1276
-1194
-1003
-721
-527
-375
-106
227
529
585
557
581
585
482
195
-64
-220
-399
-647
-922
-1057
-1019
-1007
-1050
-1058
-931
-735
-614
-553
-484
-383
-351
-417
-500
-588
-664
-763
-883
-957
-1022
-1034
-954
-817
-622
-457
-234
69
343
609
830
1046
1231
1250
1197
1127
1078
1162
1224
1267
1294
1256
1375
1624
2003
2334
2500
2593
2652
2700
2633
2491
2333
2086
1694
1124
617
339
133
-143
-554
-892
-991
-994
-975
-955
-854
-609
-476
-447
-397
-237
5
41
-159
-355
-439
-452
-533
-705
-836
-907
-949
-991
-935
-764
-564
-369
-276
-124
8
111
255
263
218
35
-188
-312
-462
-658
-911
-1136
-1229
-1280
-1295
-1245
-1077
-815
-642
-498
-285
57
407
522
547
541
564
501
241
22
-153
-318
-563
-854
-965
-945
-935
-978
-993
-852
-676
-561
-480
-416
-308
-294
-385
-458
-538
-600
-740
-896
-977
-1035
-1006
-967
-874
-697
-506
-246
21
285
562
807
995
1105
1140
1158
1116
1065
1129
1206
1309
1268
1223
1392
1693
2090
2312
2433
2556
2632
2631
2509
2394
2281
2046
1594
1034
631
388
166
-163
-572
-838
-910
-929
-973
-962
-807
-575
-482
-469
-363
-135
54
9
-175
-301
-350
-410
-543
-692
-798
-883
-963
-995
-907
-746
-588
-409
-281
-131
18
114
274
324
283
134
-91
-207
-355
-591
-828
-1027
-1125
-1202
-1288
-1253
-1046
-792
-646
-491
-226
114
388
457
502
576
556
417
164
-7
-156
-414
-712
-961
-1059
-1091
-1162
-1202
-1155
-999
-850
-746
-622
-493
-349
-310
-371
-424
-472
-525
-649
-818
-924
-951
-963
-936
-855
-684
-424
-155
89
334
617
894
1099
1175
1177
1166
1132
1126
1151
1207
1286
1227
1195
1360
1701
2104
2327
2390
2492
2615
2638
2545
2418
2297
2044
1533
956
593
416
182
-231
-663
-853
-866
-895
-929
-879
-684
-489
-449
-418
-220
39
162
35
-172
-252
-285
-379
-538
-700
-802
-904
-1007
-1043
-925
-769
-599
-444
-303
-92
29
164
291
327
251
36
-161
-310
-499
-782
-1038
-1199
-1314
-1414
-1483
-1362
-1107
-911
-759
-530
-192
184
390
464
563
653
636
438
201
58
-117
-407
-747
-964
-975
-985
-1067
-1122
-1031
-821
-704
-636
-530
-364
-242
-294
-365
-414
-432
-510
-690
-829
-915
-927
-915
-862
-736
-552
-312
-56
194
447
714
961
1140
1160
1137
1101
1037
1041
1020
1099
1141
1063
1096
1274
1686
2071
2258
2348
2456
2600
2599
2507
2402
2262
1948
1375
830
507
323
63
-385
-769
-895
-907
-914
-948
-866
-607
-446
-416
-384
-171
141
213
15
-224
-275
-266
-393
-605
-780
-842
-918
-1037
-1014
-863
-627
-453
-360
-183
-15
162
306
388
397
245
52
-119
-276
-502
-773
-989
-1156
-1314
-1442
-1427
-1254
-1058
-931
-753
-471
-107
158
272
405
520
560
444
211
61
-59
-276
-555
-833
-950
-957
-1028
-1100
-1079
-939
-770
-662
-582
-464
-322
-289
-319
-371
-427
-450
-555
-702
-815
-878
-854
-801
-739
-615
-414
-153
110
346
586
858
1086
1195
1195
1182
1110
1098
1118
1139
1238
1149
1085
1177
1458
1891
2130
2227
2323
2442
2500
2410
2276
2171
1965
1487
885
468
295
128
-236
-724
-972
-977
-977
-987
-1002
-783
-505
-432
-409
-313
-17
236
187
-33
-192
-203
-232
-378
-574
-715
-775
-843
-918
-871
-703
-518
-326
-223
-75
100
212
391
417
357
233
48
-52
-262
-550
-808
-999
-1126
-1294
-1418
-1386
-1174
-973
-855
-647
-325
46
273
323
435
574
599
459
173
14
-105
-357
-667
-911
-984
-992
-1074
-1136
-1065
-905
-749
-654
-561
-450
-355
-320
-354
-382
-457
-537
-632
-763
-851
-929
-912
-830
-737
-597
-405
-109
189
414
641
882
1134
1249
1207
1146
1081
982
944
922
1001
1038
907
958
1176
1627
2040
2163
2261
2394
2518
2496
2347
2226
2108
1760
1134
599
326
194
-77
-578
-944
-995
-922
-915
-943
-787
-431
-237
-260
-240
9
362
377
58
-194
-244
-274
-463
-740
-886
-911
-995
-1090
-1029
-810
-525
-303
-193
-25
164
333
503
544
459
269
51
-110
-310
-627
-915
-1111
-1262
-1427
-1546
-1434
-1144
-893
-780
-595
-226
208
437
454
536
682
690
473
150
-39
-157
-423
-811
-1082
-1102
-1062
-1126
-1213
-1121
-882
-694
-608
-541
-392
-257
-257
-340
-448
-492
-557
-705
-851
-959
-988
-972
-911
-764
-588
-374
-86
201
498
727
922
1148
1286
1315
1214
1102
970
876
887
899
986
922
876
1097
1503
2001
2256
2324
2473
2638
2664
2505
2304
2196
1923
1308
635
225
108
-108
-566
-1022
-1153
-1013
-962
-973
-868
-502
-161
-162
-198
-5
343
473
169
-169
-256
-294
-479
-787
-982
-1013
-1078
-1186
-1184
-977
-695
-480
-336
-174
11
152
286
344
313
131
-70
-188
-288
-409
-679
-871
-968
-999
-948
-906
-758
-589
-468
-365
-212
77
337
401
323
296
385
381
179
-72
-235
-305
-514
-809
-956
-946
-896
-1013
-1159
-1078
-846
-690
-727
-787
-686
-527
-527
-652
-713
-681
-664
-776
-925
-907
-786
-688
-634
-573
-370
-92
130
305
494
753
965
1063
1091
1079
1073
983
991
1093
1209
1279
1181
1274
1556
1945
2296
2430
2525
2609
2625
2556
2416
2263
2075
1688
1104
581
287
162
-73
-468
-831
-899
-809
-810
-852
-805
-510
-338
-407
-455
-301
8
10
-281
-500
-509
-467
-598
-817
-883
-833
-857
-940
-891
-686
-387
-203
-131
11
105
239
354
365
290
67
-174
-316
-513
-770
-990
-1156
-1215
-1335
-1396
-1222
-939
-680
-569
-403
-88
305
513
491
513
562
594
382
44
-128
-223
-419
-755
-1034
-1015
-867
-895
-1015
-1015
-789
-546
-515
-550
-484
-355
-398
-601
-749
-763
-754
-912
-1132
-1176
-1050
-915
-834
-722
-460
-134
157
392
610
880
1107
1252
1281
1245
1215
1126
977
770
664
753
877
962
939
1026
1413
1891
2290
2470
2567
2769
2859
2717
2471
2243
2046
1622
927
310
-32
-206
-473
-864
-1128
-1118
-972
-889
-789
-573
-242
36
67
73
192
314
280
-16
-340
-509
-643
-851
-1076
-1222
-1225
-1218
-1198
-1076
-767
-397
-166
17
136
347
514
541
507
322
66
-238
-536
-745
-924
-1155
-1394
-1548
-1515
-1329
-1146
-952
-738
-437
-155
84
325
502
637
588
496
388
213
27
-236
-473
-690
-929
-1049
-1060
-1030
-998
-989
-877
-683
-536
-438
-397
-320
-287
-363
-491
-606
-667
-821
-1003
-1136
-1155
-1076
-1022
-907
-694
-438
-127
134
401
737
1004
1193
1278
1314
1364
1297
1117
943
920
1017
1075
1050
1015
1177
1523
1916
2237
2412
2580
2736
2768
2672
2493
2322
2080
1605
968
414
105
-110
-455
-862
-1099
-1067
-951
-929
-865
-605
-233
-25
-24
50
279
418
264
-26
-210
-300
-450
-715
-941
-1063
-1096
-1114
-1097
-942
-697
-405
-198
-75
113
331
503
532
374
178
-56
-331
-613
-870
-1108
-1392
-1630
-1739
-1675
-1504
-1353
-1149
-864
-544
-231
56
344
562
611
552
490
423
255
-57
-340
-568
-786
-989
-1139
-1142
-1081
-1083
-1066
-911
-693
-517
-440
-390
-301
-292
-365
-468
-551
-653
-828
-990
-1071
-1029
-969
-923
-804
-579
-274
45
323
627
956
1216
1352
1418
1504
1536
1426
1207
1079
1101
1149
1119
1041
1120
1373
1682
1958
2197
2458
2638
2676
2633
2545
2454
2226
1786
1229
696
299
-35
-400
-764
-1038
-1157
-1175
-1159
-1057
-842
-558
-349
-222
-63
145
328
339
193
21
-132
-276
-482
-711
-892
-1010
-1027
-1019
-950
-761
-508
-252
-45
140
363
542
575
474
305
111
-151
-465
-805
-1109
-1350
-1571
-1714
-1769
-1710
-1531
-1311
-1079
-823
-520
-173
121
310
416
493
540
494
311
73
-138
-324
-528
-770
-939
-984
-984
-995
-1007
-933
-728
-554
-490
-474
-401
-288
-288
-441
-592
-636
-686
-853
-1036
-1079
-975
-869
-836
-699
-405
-62
228
457
734
1029
1269
1395
1450
1462
1409
1315
1190
1118
1128
1159
1129
1112
1211
1475
1797
2035
2234
2380
2489
2513
2466
2377
2192
1871
1407
952
535
155
-192
-526
-792
-983
-1092
-1084
-986
-840
-654
-462
-271
-113
47
227
295
225
54
-103
-229
-403
-614
-826
-958
-1041
-1072
-1001
-838
-604
-377
-214
17
292
515
630
550
415
272
78
-197
-569
-906
-1153
-1368
-1584
-1719
-1671
-1485
-1315
-1190
-960
-567
-206
10
168
340
496
500
368
273
151
-90
-374
-598
-712
-850
-1028
-1100
-1044
-960
-932
-849
-641
-456
-401
-429
-390
-287
-273
-398
-563
-650
-702
-811
-932
-975
-861
-701
-594
-477
-249
110
455
686
846
1048
1290
1426
1377
1289
1235
1246
1170
1029
989
975
1097
1204
1352
1638
1910
2180
2341
2418
2466
2480
2412
2201
1865
1464
1057
649
241
-166
-480
-756
-943
-1068
-1106
-1010
-919
-739
-562
-382
-191
-70
69
157
162
85
-57
-210
-360
-544
-705
-765
-826
-857
-852
-767
-561
-332
-133
42
198
328
393
339
245
149
4
-263
-623
-940
-1108
-1213
-1399
-1567
-1594
-1444
-1231
-1102
-922
-595
-217
37
148
272
481
617
531
352
230
148
-33
-324
-558
-664
-729
-855
-964
-949
-864
-780
-745
-688
-581
-496
-466
-513
-541
-533
-600
-705
-805
-836
-805
-819
-811
-698
-503
-304
-131
100
403
685
887
1029
1168
1301
1307
1246
1138
1085
1064
921
879
862
927
1081
1170
1403
1650
1867
2069
2176
2259
2286
2212
2035
1784
1467
1118
760
410
60
-243
-500
-699
-786
-818
-777
-694
-593
-442
-309
-147
0
90
113
73
30
-52
-207
-400
-547
-668
-787
-877
-896
-807
-663
-549
-415
-230
22
248
331
344
336
318
179
-87
-342
-551
-750
-1036
-1317
-1435
-1400
-1346
-1354
-1298
-1084
-777
-554
-403
-222
26
226
267
245
238
262
192
6
-190
-324
-395
-506
-631
-718
-733
-704
-685
-664
-614
-534
-475
-465
-477
-468
-474
-518
-578
-630
-658
-710
-753
-712
-642
-579
-498
-353
-122
121
310
486
708
927
1058
1088
1117
1148
1131
987
892
860
860
867
811
927
1099
1319
1518
1670
1866
2029
2125
2118
2053
1943
1793
1534
1190
840
531
256
-53
-344
-557
-628
-689
-731
-680
-559
-387
-307
-205
-57
105
170
116
90
69
27
-116
-278
-359
-445
-547
-656
-691
-619
-557
-528
-506
-441
-314
-229
-207
-239
-256
-257
-327
-457
-622
-714
-777
-923
-1091
-1170
-1122
-1055
-1044
-1016
-857
-619
-407
-263
-119
106
317
411
389
358
395
377
219
-16
-199
-279
-398
-589
-777
-859
-824
-840
-901
-923
-847
-713
-678
-669
-623
-542
-472
-497
-514
-488
-427
-376
-359
-296
-201
-83
57
199
362
514
663
808
902
973
1018
1032
1007
937
864
821
777
757
750
746
807
902
1081
1241
1371
1481
1597
1710
1701
1660
1596
1553
1388
1118
884
706
539
273
33
-113
-178
-289
-399
-406
-321
-234
-225
-192
-111
25
54
16
29
31
29
-131
-321
-412
-450
-496
-638
-735
-736
-669
-687
-735
-677
-519
-418
-467
-496
-397
-270
-340
-493
-578
-555
-591
-782
-939
-952
-919
-958
-1042
-1002
-806
-648
-579
-507
-308
-77
62
131
169
269
289
213
92
-30
-104
-252
-416
-549
-656
-717
-787
-844
-858
-831
-785
-746
-679
-607
-544
-500
-467
-401
-324
-262
-209
-164
-102
-48
25
104
206
316
392
476
576
670
727
778
828
871
873
855
843
846
854
835
860
927
974
1016
1081
1204
1334
1413
1455
1509
1563
1539
1466
1407
1350
1234
1036
830
663
521
357
178
35
-54
-114
-156
-166
-143
-88
-54
-27
21
46
65
55
10
-69
-200
-323
-438
-557
-687
-817
-916
-972
-1003
-1013
-981
-932
-847
-770
-704
-627
-562
-501
-484
-525
-572
-606
-662
-741
-840
-889
-887
-899
-898
-853
-736
-601
-498
-394
-265
-114
-4
42
76
90
96
60
-23
-93
-171
-247
-350
-466
-549
-610
-652
-699
-753
-767
-731
-673
-633
-589
-513
-412
-322
-266
-197
-102
-33
-16
-20
12
73
128
169
213
280
363
463
531
601
688
760
824
829
833
862
905
916
895
912
970
1040
1085
1125
1220
1332
1415
1453
1493
1568
1593
1542
1462
1390
1319
1206
1027
841
686
549
397
224
98
37
-25
-81
-127
-121
-86
-72
-82
-105
-87
-96
-133
-217
-307
-368
-474
-597
-712
-786
-853
-944
-1007
-1014
-981
-968
-965
-928
-867
-818
-797
-773
-740
-733
-745
-770
-781
-780
-804
-828
-850
-824
-793
-766
-712
-642
-541
-459
-380
-287
-198
-94
-38
-30
-21
-3
-3
-66
-141
-201
-262
-349
-455
-516
-559
-614
-680
-711
-671
-637
-611
-564
-487
-391
-322
-248
-156
-54
11
19
77
142
208
254
280
345
410
469
520
575
643
700
746
762
763
803
818
825
814
826
892
927
968
1021
1105
1203
1265
1323
1395
1464
1502
1503
1501
1489
1443
1363
1243
1160
1057
917
772
633
536
397
278
196
136
92
19
-23
-25
-33
-61
-117
-150
-179
-254
-354
-468
-554
-656
-790
-893
-977
-1032
-1083
-1120
-1121
-1103
-1056
-1032
-1004
-953
-916
-871
-860
-878
-879
-893
-914
-952
-989
-978
-980
-979
-961
-897
-808
-743
-661
-569
-449
-343
-273
-199
-127
-76
-54
-67
-70
-63
-92
-145
-196
-223
-260
-305
-360
-401
-424
-446
-461
-470
-446
-414
-380
-350
-305
-230
-152
-73
-21
35
109
166
203
239
296
367
417
453
513
567
620
652
689
740
762
784
795
816
825
818
821
846
894
919
946
1006
1073
1147
1205
1248
1328
1379
1410
1418
1414
1422
1391
1343
1248
1167
1088
981
863
738
645
548
440
329
236
168
107
30
-46
-104
-157
-223
-301
-374
-441
-519
-611
-696
-783
-861
-927
-996
-1043
-1087
-1140
-1176
-1183
-1189
-1195
-1188
-1162
-1141
-1125
-1112
-1095
-1051
-1024
-1011
-993
-958
-913
-898
-876
-841
-789
-733
-688
-628
-561
-482
-431
-396
-342
-299
-256
-223
-217
-202
-191
-185
-191
-199
-197
-203
-219
-247
-263
-272
-293
-306
-318
-306
-265
-230
-194
-133
-59
13
88
162
234
302
364
405
445
471
495
517
521
532
551
591
617
623
642
685
732
761
793
844
897
939
952
955
990
999
987
973
998
1029
1024
1028
1037
1086
1138
1180
1230
1308
1387
1440
1459
1445
1402
1327
1221
1081
929
758
583
364
125
-57
-232
-374
-515
-618
-658
-684
-717
-756
-750
-739
-751
-785
-784
-770
-810
-890
-973
-1021
-1079
-1159
-1245
-1283
-1296
-1344
-1386
-1389
-1337
-1282
-1253
-1200
-1103
-985
-904
-852
-778
-698
-643
-632
-634
-612
-597
-604
-626
-639
-612
-571
-536
-499
-435
-340
-260
-180
-103
-26
46
78
91
99
100
79
30
-4
-27
-52
-77
-93
-75
-53
-19
42
117
203
267
318
385
433
451
454
458
452
438
420
398
385
380
390
411
447
517
589
643
708
782
857
918
965
998
1031
1059
1057
1052
1035
1011
988
955
919
890
868
847
811
787
791
798
786
754
740
724
692
649
605
580
528
465
396
330
266
189
110
34
-36
-111
-187
-263
-331
-390
-455
-520
-566
-606
-658
-707
-741
-779
-819
-850
-884
-916
-949
-992
-1027
-1048
-1064
-1075
-1075
-1066
-1046
-1026
-998
-962
-927
-894
-860
-840
-814
-780
-760
-731
-702
-679
-647
-629
-621
-612
-605
-613
-619
-609
-601
-590
-587
-573
-532
-485
-436
-378
-292
-193
-94
2
104
213
305
364
412
468
503
523
521
508
509
496
465
426
413
418
422
430
439
469
506
541
571
606
655
702
723
736
752
763
760
736
731
741
754
760
776
810
850
885
907
951
995
1017
1014
1006
981
937
883
805
729
642
554
473
389
312
239
193
159
126
109
108
109
98
84
80
68
34
-20
-76
-117
-173
-239
-311
-372
-427
-503
-575
-630
-675
-721
-761
-783
-800
-811
-821
-830
-841
-857
-864
-863
-870
-882
-884
-884
-893
-901
-904
-880
-851
-843
-826
-787
-755
-733
-705
-667
-628
-617
-609
-597
-584
-582
-588
-591
-575
-546
-535
-493
-432
-373
-303
-230
-144
-49
36
119
197
268
313
349
370
375
376
364
358
343
330
331
355
367
366
385
428
475
502
535
583
619
621
620
635
650
656
642
647
669
690
703
719
752
785
812
849
889
915
933
939
927
893
854
812
759
694
615
549
477
404
340
285
249
218
174
145
130
116
94
66
47
21
-26
-75
-106
-139
-190
-247
-292
-323
-351
-382
-407
-416
-417
-422
-433
-438
-436
-448
-472
-496
-512
-532
-561
-595
-624
-645
-670
-698
-721
-727
-724
-713
-702
-692
-669
-651
-637
-613
-593
-575
-567
-576
-569
-566
-574
-576
-579
-570
-564
-558
-535
-483
-423
-360
-286
-196
-93
-7
64
135
210
266
297
313
319
314
291
258
222
188
166
141
133
133
143
163
179
205
238
275
309
329
346
365
375
386
397
408
419
421
414
424
445
465
489
516
550
571
585
607
626
645
646
642
635
619
580
531
494
451
398
339
299
271
236
208
181
170
171
169
163
159
158
140
108
75
41
14
-22
-60
-102
-143
-165
-192
-215
-224
-223
-213
-214
-209
-210
-209
-204
-226
-251
-272
-291
-330
-369
-399
-424
-440
-467
-486
-483
-465
-460
-460
-447
-439
-432
-428
-429
-431
-442
-461
-476
-484
-502
-513
-527
-527
-517
-505
-462
-417
-369
-317
-259
-184
-119
-55
6
63
107
128
143
158
153
131
108
98
88
64
49
51
62
73
76
93
116
135
149
171
191
199
197
199
205
207
212
214
229
243
255
283
319
347
370
394
424
453
468
481
491
491
480
471
459
435
402
363
331
301
252
215
193
173
147
118
112
116
104
87
78
84
82
54
33
29
14
-19
-51
-69
-86
-106
-121
-130
-135
-135
-131
-121
-115
-113
-105
-100
-118
-142
-152
-156
-177
-216
-240
-245
-250
-272
-290
-280
-257
-259
-278
-275
-260
-257
-275
-289
-286
-279
-287
-302
-305
-296
-294
-302
-292
-270
-240
-216
-195
-168
-132
-96
-70
-44
-5
31
51
66
76
84
89
83
75
68
63
51
44
44
45
60
76
80
89
103
114
109
102
104
103
98
83
76
72
61
50
56
69
82
100
122
151
178
203
225
245
263
275
279
271
263
255
237
209
198
195
184
172
164
166
171
162
154
152
144
129
102
84
60
18
-16
-44
-70
-98
-127
-140
-157
-179
-190
-193
-189
-189
-189
-171
-147
-133
-130
-120
-98
-86
-93
-96
-90
-87
-97
-110
-109
-106
-111
-112
-102
-81
-71
-69
-62
-44
-38
-44
-46
-53
-59
-75
-90
-108
-134
-154
-176
-195
-197
-197
-191
-171
-145
-117
-83
-46
-8
29
58
89
107
121
135
142
150
142
133
135
124
112
106
99
101
95
88
91
92
87
82
78
78
72
55
48
42
37
34
26
19
27
33
47
60
74
93
99
119
142
152
155
146
140
131
102
82
69
51
31
12
6
-2
-23
-38
-29
-16
-13
-10
0
13
10
-5
-11
-15
-25
-36
-42
-47
-63
-82
-84
-88
-94
-87
-80
-73
-78
-81
-71
-68
-76
-89
-87
-86
-99
-116
-124
-124
-135
-145
-149
-144
-139
-142
-138
-117
-91
-75
-63
-48
-36
-27
-28
-29
-21
-37
-51
-61
-71
-82
-102
-101
-90
-80
-70
-49
-11
16
31
61
98
120
128
133
144
151
143
130
135
144
134
126
131
138
137
142
148
155
165
162
162
157
149
135
112
98
78
56
39
11
-6
-7
-15
-16
-12
-8
4
18
33
49
65
80
93
98
98
96
85
66
41
15
-9
-28
-43
-52
-55
-61
-66
-63
-57
-49
-43
-41
-34
-39
-53
-71
-85
-92
-110
-125
-133
-137
-133
-137
-140
-135
-121
-95
-72
-55
-36
-18
-11
-21
-30
-31
-39
-58
-75
-82
-84
-97
-109
-105
-97
-88
-84
-61
-35
-23
-9
0
14
19
6
-1
-9
-26
-51
-65
-72
-85
-97
-107
-96
-90
-87
-67
-32
0
26
46
78
103
108
116
124
132
133
123
125
126
112
102
103
111
114
116
130
142
150
154
160
162
154
145
135
123
105
84
61
38
9
-18
-32
-40
-46
-51
-46
-25
-17
-10
10
29
38
33
39
54
50
28
11
2
-10
-21
-33
-37
-33
-37
-38
-27
-9
7
16
27
31
34
42
44
33
10
-17
-43
-63
-85
-103
-112
-125
-129
-136
-138
-129
-117
-105
-94
-69
-51
-50
-46
-48
-47
-50
-62
-67
-66
-68
-80
-94
-97
-84
-71
-65
-47
-29
-18
-12
-12
-6
-3
-3
-15
-27
-35
-48
-63
-82
-93
-96
-88
-80
-76
-64
-49
-26
-5
16
51
84
101
104
115
133
134
130
125
126
126
113
112
117
123
127
131
144
152
154
153
146
142
134
124
111
100
83
59
36
27
19
8
8
14
18
24
29
34
35
31
31
24
21
12
-4
-20
-39
-65
-86
-96
-111
-122
-129
-128
-118
-105
-94
-77
-57
-39
-25
-17
-5
8
10
-4
-14
-20
-30
-44
-63
-74
-71
-71
-75
-73
-59
-50
-48
-50
-44
-39
-37
-41
-46
-51
-57
-69
-80
-79
-78
-79
-73
-61
-45
-28
-10
9
29
48
70
88
95
92
88
81
66
43
17
-2
-21
-44
-60
-58
-57
-60
-61
-59
-42
-26
-11
10
31
46
57
65
71
70
61
55
54
56
52
45
51
56
56
62
77
89
91
92
97
105
102
92
86
80
68
51
30
25
15
-4
-4
1
5
8
11
25
34
36
41
52
56
42
35
27
19
9
-12
-18
-30
-55
-79
-95
-102
-110
-124
-118
-110
-112
-106
-91
-77
-69
-58
-46
-41
-46
-50
-48
-42
-47
-44
-30
-18
-12
-14
-5
6
4
4
8
16
16
2
-10
-15
-25
-40
-53
-54
-56
-60
-68
-71
-61
-58
-55
-45
-31
-13
-5
-2
0
1
5
2
-3
-13
-20
-25
-31
-29
-27
-19
-10
-7
-1
9
21
27
40
57
63
66
65
66
65
62
58
61
64
65
65
70
81
92
98
108
122
133
143
143
144
150
148
137
126
114
96
77
54
41
28
12
7
7
11
7
9
17
23
27
26
32
35
25
9
-6
-16
-33
-56
-73
-84
-92
-100
-110
-119
-115
-107
-107
-92
-75
-63
-57
-59
-54
-57
-63
-79
-93
-97
-112
-129
-131
-133
-136
-132
-121
-106
-96
-84
-67
-51
-40
-36
-26
-17
-13
-12
-14
-14
-19
-23
-24
-18
-14
-18
-14
-2
5
13
26
34
42
47
52
58
62
62
48
37
30
18
1
-16
-27
-25
-30
-35
-38
-32
-21
-14
-7
9
29
42
50
62
77
83
85
90
87
81
75
71
72
75
73
79
92
101
106
113
124
130
130
124
128
135
123
108
98
87
74
60
55
54
54
51
55
62
61
58
52
51
46
25
7
-5
-19
-41
-58
-66
-79
-93
-113
-117
-119
-127
-131
-129
-114
-110
-105
-102
-102
-94
-91
-87
-79
-83
-88
-92
-89
-85
-88
-86
-77
-71
-68
-68
-63
-51
-55
-53
-40
-39
-39
-42
-43
-50
-61
-64
-68
-70
-75
-78
-71
-61
-55
-54
-36
-16
-14
-7
2
11
9
8
10
7
-4
-13
-19
-18
-21
-28
-16
3
8
16
26
47
61
66
85
91
98
97
92
101
106
107
101
103
94
76
76
77
80
78
77
92
96
95
101
109
117
113
110
109
111
100
84
80
72
62
49
42
44
41
39
45
62
69
73
78
81
85
74
65
60
47
32
17
1
-23
-44
-57
-68
-78
-92
-99
-104
-109
-111
-115
-106
-103
-106
-101
-95
-96
-98
-104
-104
-102
-104
-107
-106
-103
-101
-101
-99
-96
-91
-78
-69
-67
-60
-52
-48
-44
-48
-53
-51
-57
-69
-70
-66
-66
-61
-50
-42
-34
-27
-20
-6
-4
-2
0
1
9
1
-2
4
-3
-10
-14
-17
-18
-19
-17
-8
0
7
18
35
44
53
62
72
80
78
80
82
86
90
88
86
87
86
87
89
91
98
104
109
112
117
116
111
100
94
91
84
78
69
60
52
48
51
45
37
37
35
36
35
35
41
43
38
26
14
4
-15
-30
-39
-52
-65
-80
-84
-88
-97
-96
-95
-85
-78
-76
-66
-56
-49
-43
-40
-35
-34
-37
-41
-41
-41
-44
-42
-36
-33
-28
-26
-21
-12
-3
7
7
10
18
20
22
17
10
3
-11
-27
-37
-48
-54
-55
-58
-54
-47
-41
-35
-29
-23
-20
-16
-14
-19
-19
-16
-21
-34
-51
-61
-66
-76
-83
-82
-80
-86
-86
-75
-59
-46
-38
-24
-7
7
22
37
54
63
64
71
80
80
68
68
75
77
75
74
87
98
100
103
116
119
114
119
117
112
104
100
100
97
88
85
91
83
70
65
69
70
57
47
45
37
27
13
6
-7
-30
-40
-51
-61
-72
-83
-80
-86
-94
-94
-90
-85
-93
-101
-99
-94
-107
-115
-112
-113
-115
-122
-124
-120
-122
-117
-104
-91
-82
-68
-53
-36
-21
-14
-2
9
11
12
19
30
27
24
30
36
40
35
36
48
54
57
64
81
95
100
99
105
109
100
90
78
73
61
42
24
10
-3
-15
-28
-37
-44
-50
-47
-50
-49
-37
-37
-38
-41
-44
-37
-43
-55
-61
-60
-56
-57
-57
-50
-38
-31
-20
-2
10
26
39
54
66
74
86
92
92
87
85
87
85
79
78
78
75
70
66
65
65
62
67
74
75
74
74
68
59
49
31
11
-6
-31
-52
-69
-82
-93
-104
-113
-120
-123
-123
-125
-126
-114
-109
-104
-100
-98
-96
-101
-101
-103
-104
-108
-102
-90
-83
-73
-71
-54
-37
-32
-26
-16
1
14
22
39
56
69
79
82
91
99
94
95
93
87
89
92
94
94
87
79
75
69
68
66
55
53
50
44
43
34
25
14
4
-9
-16
-26
-33
-34
-35
-35
-37
-42
-46
-51
-61
-65
-65
-70
-72
-71
-63
-47
-36
-34
-30
-20
-10
-7
3
9
17
26
32
37
40
44
44
49
50
50
62
66
70
74
85
96
92
85
85
90
88
81
75
69
65
56
47
36
18
-3
-19
-25
-33
-40
-43
-46
-48
-53
-56
-54
-61
-72
-77
-83
-91
-98
-110
-114
-125
-137
-138
-141
-144
-145
-139
-129
-121
-114
-97
-78
-69
-63
-53
-40
-34
-33
-30
-22
-15
-10
-6
1
7
5
15
27
40
55
66
89
104
113
123
132
139
139
134
126
121
111
98
93
88
80
64
56
50
39
32
29
29
26
20
22
21
19
15
4
-1
-10
-24
-34
-37
-33
-38
-42
-44
-39
-29
-29
-24
-15
-5
1
4
12
24
37
39
39
40
37
33
31
25
24
22
16
18
21
21
23
21
17
15
12
11
14
13
10
4
2
3
-1
-11
-14
-13
-20
-27
-29
-31
-29
-36
-43
-41
-44
-49
-58
-64
-66
-76
-84
-86
-88
-87
-94
-99
-92
-90
-90
-87
-87
-90
-88
-94
-90
-85
-82
-79
-71
-60
-56
-49
-36
-28
-23
-14
-4
9
18
23
34
45
58
62
64
70
76
83
86
92
98
105
108
108
112
111
106
103
99
92
89
86
80
78
70
64
58
50
38
29
24
16
8
2
1
-1
-4
-8
-10
-10
-10
-15
-18
-15
-14
-13
-14
-11
-9
-6
-11
-14
-11
-15
-15
-14
-16
-8
-3
-3
7
15
21
26
28
33
35
32
29
30
32
35
31
28
31
30
32
34
31
27
26
23
21
15
6
4
-8
-18
-30
-42
-47
-60
-73
-84
-91
-92
-98
-107
-108
-106
-104
-105
-111
-111
-111
-110
-111
-111
-104
-100
-99
-97
-93
-90
-88
-81
-77
-69
-63
-54
-43
-35
-24
-13
-1
3
7
12
18
34
36
42
58
68
70
72
78
88
88
80
82
90
92
83
85
88
93
88
79
83
82
73
67
66
70
70
68
69
65
63
62
63
61
54
47
47
50
47
48
48
50
52
44
38
41
33
16
8
6
7
1
-7
-4
-2
-11
-10
-10
-9
-14
-21
-24
-24
-23
-28
-27
-28
-30
-28
-31
-33
-34
-39
-42
-43
-44
-44
-43
-45
-45
-49
-56
-59
-61
-67
-71
-72
-72
-72
-74
-74
-71
-75
-75
-78
-73
-63
-62
-57
-50
-44
-36
-36
-39
-37
-35
-32
-39
-42
-34
-28
-27
-27
-18
-11
-7
-12
-6
6
11
16
27
35
40
41
42
49
51
55
57
56
62
60
57
58
52
50
50
48
45
37
34
37
37
31
33
39
44
41
37
35
37
36
25
26
26
23
17
13
14
12
10
12
16
20
21
23
32
33
34
32
33
37
33
28
27
26
27
26
22
26
26
23
19
22
27
28
27
32
32
32
32
36
36
36
33
22
17
10
1
-9
-18
-29
-34
-42
-53
-61
-67
-76
-87
-92
-96
-102
-111
-117
-119
-122
-127
-125
-122
-121
-118
-121
-117
-112
-112
-107
-102
-96
-94
-89
-82
-72
-61
-52
-39
-24
-15
-11
-3
7
16
23
26
35
42
50
53
58
67
73
78
80
82
84
91
94
91
93
94
96
94
89
86
83
79
70
64
66
65
58
53
51
49
49
43
37
38
35
34
31
25
29
33
31
29
28
25
23
21
17
20
17
17
16
17
20
17
17
17
15
15
15
16
9
6
4
4
0
-8
-11
-9
-7
-15
-21
-17
-13
-19
-27
-26
-27
-30
-44
-51
-50
-53
-60
-69
-63
-59
-66
-71
-70
-66
-67
-72
-74
-72
-77
-82
-84
-84
-91
-94
-91
-85
-82
-82
-79
-72
-69
-68
-63
-58
-53
-48
-46
-38
-30
-29
-22
-11
-6
0
6
15
26
33
35
42
49
51
50
50
48
52
49
44
49
57
65
65
66
68
73
73
64
58
62
63
57
57
60
64
59
57
60
63
58
50
53
59
55
53
53
56
55
51
50
51
47
40
41
46
46
48
50
53
54
45
38
37
32
28
24
24
24
19
16
12
8
1
-1
-2
-7
-10
-15
-19
-19
-16
-15
-21
-29
-38
-44
-52
-60
-62
-62
-65
-72
-77
-78
-82
-92
-97
-101
-105
-108
-111
-108
-104
-103
-107
-105
-103
-104
-107
-111
-106
-109
-112
-116
-117
-106
-100
-93
-83
-71
-64
-60
-52
-42
-33
-28
-21
-11
-4
2
10
25
30
34
42
50
58
58
59
69
72
72
72
78
87
92
94
101
111
110
105
108
117
118
115
118
122
121
114
108
107
103
91
82
78
72
63
62
62
57
51
46
47
51
45
41
42
37
33
29
30
31
20
10
10
8
1
-4
-7
-8
-9
-11
-12
-13
-14
-18
-22
-19
-22
-24
-25
-29
-28
-26
-26
-26
-27
-27
-29
-29
-33
-39
-40
-42
-48
-50
-53
-53
-51
-58
-66
-71
-73
-75
-75
-79
-81
-79
-81
-85
-88
-86
-87
-93
-99
-101
-98
-100
-100
-102
-94
-87
-89
-86
-77
-69
-65
-63
-54
-45
-43
-41
-34
-27
-20
-19
-13
-5
0
3
7
19
25
29
34
40
46
48
53
60
67
68
68
75
81
84
82
86
92
92
91
93
97
99
101
96
93
95
90
87
90
85
84
82
79
81
82
82
79
79
79
74
68
63
63
62
55
53
49
47
38
32
31
31
28
20
19
16
11
7
3
5
1
-7
-12
-14
-16
-24
-23
-22
-25
-30
-35
-33
-35
-37
-38
-39
-45
-54
-61
-64
-69
-77
-82
-83
-84
-88
-93
-94
-92
-91
-90
-92
-90
-93
-98
-99
-101
-97
-95
-93
-93
-91
-83
-84
-80
-78
-74
-68
-67
-67
-63
-58
-54
-52
-46
-43
-39
-36
-30
-22
-20
-16
-12
-2
1
5
11
12
18
18
24
32
32
31
34
44
47
51
54
61
69
67
74
79
85
86
83
82
83
81
73
72
74
73
74
70
74
79
77
79
86
91
89
91
88
88
88
78
77
73
67
60
55
52
49
45
46
43
39
34
33
34
32
31
32
36
32
25
25
24
17
8
5
5
-1
-11
-17
-18
-19
-27
-34
-35
-38
-43
-50
-53
-57
-63
-70
-76
-78
-82
-83
-81
-82
-84
-84
-83
-84
-85
-85
-85
-82
-83
-84
-79
-73
-75
-78
-81
-83
-85
-88
-92
-86
-84
-82
-81
-81
-75
-70
-71
-71
-64
-58
-53
-48
-41
-30
-25
-23
-20
-14
-9
-5
-3
4
15
21
24
24
30
37
38
39
42
50
53
55
57
66
72
74
79
83
89
89
93
100
103
105
106
110
110
107
104
103
101
98
94
92
87
84
76
72
71
65
59
53
51
51
45
41
39
39
37
31
26
24
20
15
14
12
11
9
4
1
-2
-2
-5
-4
-7
-10
-15
-21
-25
-32
-40
-44
-45
-46
-52
-58
-60
-62
-68
-70
-67
-65
-65
-67
-70
-69
-70
-76
-76
-74
-70
-72
-75
-77
-78
-77
-79
-76
-73
-77
-77
-75
-74
-73
-70
-67
-60
-58
-58
-51
-43
-42
-41
-38
-35
-28
-28
-24
-18
-12
-7
-2
-2
0
4
7
9
11
16
22
24
25
33
38
39
41
47
51
51
50
53
60
60
58
64
69
65
68
72
76
76
72
71
73
73
71
72
72
74
68
64
66
67
62
57
56
53
50
43
41
45
40
35
31
31
28
20
15
15
18
13
9
9
8
1
-5
-6
-3
-7
-11
-10
-9
-14
-19
-18
-22
-28
-36
-40
-39
-46
-50
-51
-51
-56
-57
-55
-55
-55
-60
-60
-57
-62
-67
-68
-66
-64
-68
-66
-60
-59
-56
-56
-50
-47
-47
-45
-41
-38
-41
-42
-38
-35
-33
-30
-27
-22
-22
-19
-11
-5
-5
-7
-5
-1
2
3
4
6
7
10
15
20
23
22
21
24
30
32
36
34
34
40
41
41
41
44
47
49
46
51
59
58
53
52
52
52
50
48
51
50
51
53
54
56
49
46
47
46
43
39
38
35
30
23
18
18
14
8
5
5
3
0
-2
-7
-6
-10
-18
-18
-17
-23
-27
-29
-33
-31
-32
-36
-30
-32
-37
-38
-36
-35
-34
-32
-30
-28
-31
-36
-37
-37
-37
-40
-44
-40
-40
-40
-38
-37
-34
-34
-33
-30
-27
-28
-25
-23
-23
-22
-22
-23
-20
-16
-13
-13
-12
-12
-9
-11
-13
-12
-16
-17
-16
-14
-11
-11
-9
-5
-2
1
4
10
15
13
15
17
23
24
21
21
25
27
27
30
33
34
34
34
37
36
31
31
31
33
33
31
31
31
30
31
31
30
31
29
28
31
35
35
31
28
32
30
22
22
21
24
20
17
23
22
20
17
16
21
18
12
9
9
7
6
5
4
5
1
-2
-2
-3
-8
-11
-15
-18
-23
-28
-29
-30
-37
-42
-39
-37
-40
-40
-41
-42
-45
-47
-46
-45
-46
-51
-52
-53
-51
-51
-48
-46
-46
-45
-44
-38
-36
-35
-32
-30
-26
-26
-24
-20
-18
-18
-18
-11
-6
-2
-4
-2
6
6
9
7
7
9
8
7
8
9
8
11
16
17
15
17
19
19
18
19
22
26
24
23
29
27
23
26
29
32
31
30
35
44
43
39
41
41
41
40
37
36
37
38
36
40
42
44
43
44
46
43
42
36
35
34
32
28
25
23
16
14
12
8
5
1
-1
-3
-5
-7
-14
-17
-18
-20
-23
-26
-26
-26
-27
-29
-26
-27
-29
-31
-33
-30
-34
-38
-37
-36
-35
-37
-39
-39
-40
-43
-41
-39
-34
-37
-42
-39
-34
-31
-34
-28
-22
-19
-21
-24
-21
-22
-22
-23
-21
-17
-16
-15
-11
-10
-10
-12
-16
-12
-14
-13
-12
-13
-15
-15
-12
-10
-10
-8
-4
0
2
3
6
8
7
6
6
9
8
8
9
8
10
11
15
19
22
28
32
38
40
45
46
41
41
40
43
41
39
40
42
41
39
41
44
43
38
40
41
39
33
27
25
25
22
16
18
13
8
10
8
11
14
10
11
14
15
15
13
11
8
1
1
1
-2
-7
-14
-13
-9
-8
-8
-10
-9
-12
-12
-12
-11
-10
-16
-21
-25
-24
-27
-32
-30
-31
-33
-37
-38
-34
-35
-39
-40
-36
-39
-44
-42
-41
-39
-43
-42
-37
-36
-39
-38
-34
-30
