SAMPLES:	19819
BITSPERSAMPLE:	16
CHANNELS:	1
SAMPLERATE:	16000
NORMALIZED:	FALSE
0
0
1
1
0
1
0
0
0
0
0
1
0
1
0
0
1
0
0
0
0
0
1
0
0
0
0
-1
-1
0
0
-1
0
-1
0
-1
0
0
-1
-1
0
0
0
0
0
0
0
0
0
0
0
0
0
0
0
-1
-1
0
0
1
0
0
-1
1
1
1
0
0
-1
0
1
1
1
-1
-2
0
1
1
0
0
-1
-1
1
1
1
0
-1
0
2
2
2
1
1
0
2
2
2
1
1
1
2
3
3
2
2
2
3
2
2
2
1
2
1
1
0
0
0
1
0
-2
-3
-4
-3
-1
-1
-5
-8
-8
-5
-3
-5
-8
-11
-12
-11
-8
-6
-9
-12
-14
-12
-7
-5
-8
-10
-10
-7
-4
-3
-4
-3
-3
0
1
4
5
5
6
8
10
11
12
11
13
15
16
16
14
15
16
16
16
15
11
10
9
10
13
9
3
0
1
5
6
3
-2
-10
-10
-7
2
6
-6
-15
-21
-10
4
12
0
-17
-23
-12
8
16
10
-12
-23
-14
7
22
12
-8
-24
-20
-1
12
5
-16
-29
-28
-13
-9
-12
-24
-36
-34
-27
-20
-23
-33
-37
-33
-26
-30
-34
-37
-32
-26
-24
-32
-40
-28
-21
-11
-13
-18
-14
-5
9
36
47
28
12
16
71
121
121
85
44
67
128
177
183
150
114
102
133
189
216
178
116
91
118
161
158
118
66
46
54
61
52
16
-19
-42
-45
-52
-71
-101
-134
-146
-148
-150
-176
-218
-232
-211
-190
-196
-237
-261
-247
-216
-157
-155
-169
-197
-221
-160
-72
-13
-23
-77
-104
-64
21
117
130
62
20
37
116
168
170
151
103
82
113
145
147
111
70
60
64
62
38
-2
-20
-24
-25
-41
-88
-127
-129
-120
-118
-142
-181
-206
-211
-183
-168
-176
-201
-217
-202
-174
-145
-128
-126
-120
-80
-46
-27
-3
2
47
121
202
223
146
124
226
393
470
412
314
300
376
504
585
560
479
371
361
471
588
564
392
267
262
325
356
294
174
58
21
29
24
-48
-151
-229
-270
-271
-295
-349
-426
-476
-483
-474
-482
-545
-585
-566
-525
-520
-555
-558
-533
-483
-447
-393
-379
-371
-367
-286
-208
-121
12
-67
-42
-71
37
229
338
355
220
189
260
420
496
556
466
346
312
381
535
503
401
288
234
260
269
265
155
54
8
11
-13
-91
-155
-233
-232
-263
-301
-327
-407
-443
-437
-410
-435
-494
-494
-471
-460
-460
-435
-430
-403
-377
-343
-275
-251
-201
-167
-124
-30
39
64
65
201
359
437
363
301
397
601
813
781
654
564
630
758
897
964
844
639
524
649
832
849
647
401
318
379
457
387
216
57
-59
-85
-73
-103
-249
-402
-478
-482
-479
-545
-628
-712
-735
-705
-715
-754
-800
-784
-751
-727
-715
-715
-687
-637
-560
-511
-482
-435
-381
-290
-197
-138
-41
9
62
68
173
305
459
522
392
358
429
665
784
753
592
515
556
675
781
727
580
381
374
455
491
426
213
38
-3
67
69
-90
-261
-361
-374
-379
-421
-514
-596
-676
-660
-648
-695
-745
-784
-750
-706
-686
-710
-745
-705
-582
-531
-543
-512
-485
-405
-293
-195
-99
-104
-70
25
133
230
280
407
608
681
538
409
557
970
1224
1106
798
666
843
1121
1269
1224
1029
792
685
820
1100
1140
799
406
327
491
605
492
249
29
-90
-110
-107
-151
-281
-451
-578
-594
-593
-656
-735
-803
-833
-855
-881
-890
-903
-873
-830
-819
-860
-871
-761
-623
-573
-574
-559
-509
-405
-260
-147
-89
-121
-85
16
205
415
335
314
308
417
561
643
712
633
550
547
653
708
720
599
514
475
449
484
399
308
215
105
35
-36
-56
-134
-276
-401
-473
-492
-513
-582
-697
-747
-783
-793
-783
-796
-814
-836
-829
-787
-761
-698
-669
-666
-576
-517
-455
-393
-322
-222
-170
-115
7
89
161
278
352
456
459
455
576
786
1072
1053
741
580
795
1279
1521
1295
920
743
906
1246
1392
1293
1015
671
567
771
1105
1060
551
155
161
366
423
208
-46
-224
-333
-350
-336
-398
-546
-739
-813
-765
-781
-864
-945
-942
-906
-956
-995
-973
-936
-851
-802
-824
-858
-826
-657
-501
-481
-506
-538
-444
-256
-119
-65
-88
-112
-25
114
267
270
320
445
476
431
307
448
684
843
710
468
343
470
680
745
672
427
233
164
342
530
409
44
-221
-180
-36
-8
-159
-432
-589
-575
-473
-470
-582
-693
-794
-795
-717
-642
-666
-774
-763
-679
-598
-579
-610
-540
-438
-359
-344
-340
-255
-103
-31
-18
12
81
217
316
424
464
443
475
522
601
877
1047
966
712
534
801
1210
1433
1226
810
643
841
1152
1302
1161
851
558
482
709
995
887
441
83
65
300
334
151
-113
-293
-347
-358
-354
-381
-577
-749
-767
-729
-689
-790
-885
-889
-890
-845
-853
-871
-831
-823
-777
-746
-758
-705
-619
-547
-525
-549
-482
-373
-303
-233
-203
-171
-130
-86
14
68
175
258
339
285
216
338
492
640
607
527
439
514
628
659
594
497
464
392
421
460
404
222
49
38
67
13
-108
-214
-332
-450
-457
-489
-554
-645
-690
-696
-733
-743
-759
-752
-730
-706
-680
-676
-668
-607
-480
-423
-431
-452
-362
-209
-107
-38
-55
6
97
236
351
406
430
451
528
568
636
859
1076
1006
722
593
878
1359
1505
1213
844
739
1021
1278
1390
1248
923
667
621
908
1178
984
424
97
235
519
484
154
-145
-298
-308
-286
-297
-397
-639
-836
-819
-691
-703
-884
-1048
-1010
-912
-911
-964
-1008
-993
-975
-912
-849
-877
-894
-821
-701
-640
-654
-653
-586
-448
-332
-283
-288
-258
-192
-115
19
106
263
310
198
155
269
575
709
634
455
357
488
731
787
617
455
360
409
505
580
503
176
-72
-11
222
208
-81
-328
-428
-418
-381
-361
-516
-682
-746
-713
-624
-643
-669
-738
-776
-699
-597
-533
-583
-590
-470
-368
-368
-356
-257
-133
-35
-36
2
107
217
373
397
464
514
532
659
669
795
1072
1176
992
705
734
1215
1606
1569
1160
762
860
1237
1553
1527
1169
776
591
768
1154
1248
777
185
42
351
554
354
-23
-328
-450
-405
-348
-392
-613
-909
-1020
-908
-796
-909
-1148
-1204
-1099
-1035
-1084
-1161
-1168
-1118
-1055
-984
-976
-1057
-1032
-849
-687
-695
-799
-758
-599
-438
-321
-323
-330
-261
-162
-23
67
149
402
370
211
197
464
801
823
697
452
425
629
907
918
692
465
367
449
622
762
509
45
-133
92
329
169
-179
-409
-509
-470
-344
-339
-571
-837
-885
-709
-578
-616
-780
-893
-822
-662
-541
-570
-659
-635
-462
-353
-344
-342
-241
-97
-44
10
81
133
276
411
495
565
516
571
659
816
1180
1320
1028
674
682
1288
1820
1753
1257
788
883
1372
1732
1715
1388
911
647
793
1315
1559
1027
236
1
398
757
552
56
-298
-429
-370
-317
-350
-560
-902
-1079
-977
-844
-934
-1209
-1354
-1263
-1173
-1208
-1293
-1344
-1308
-1265
-1214
-1161
-1220
-1215
-1111
-955
-857
-936
-950
-818
-654
-503
-460
-447
-411
-310
-173
31
203
324
200
14
247
695
1022
823
435
344
633
1036
1169
899
558
465
572
776
894
787
405
-10
26
403
517
167
-291
-448
-367
-223
-185
-378
-685
-835
-735
-560
-533
-665
-823
-879
-766
-589
-523
-584
-703
-628
-392
-285
-328
-374
-243
-47
33
52
131
194
289
407
556
674
605
552
632
1045
1464
1281
794
557
1058
1789
1904
1431
929
909
1228
1595
1706
1604
1192
663
585
1069
1623
1346
404
-107
198
668
613
118
-275
-438
-488
-471
-440
-536
-831
-1178
-1194
-976
-935
-1155
-1412
-1400
-1292
-1309
-1335
-1318
-1323
-1329
-1313
-1238
-1181
-1189
-1084
-937
-873
-866
-853
-721
-564
-443
-385
-376
-305
-190
-86
-9
163
363
473
318
211
487
788
996
857
622
545
702
1010
1073
847
600
545
602
719
785
691
330
-12
52
303
304
-24
-378
-513
-521
-433
-392
-562
-814
-943
-887
-759
-706
-786
-900
-948
-874
-705
-625
-617
-681
-632
-433
-363
-318
-262
-111
-13
52
130
301
422
432
506
624
762
724
759
1093
1405
1235
899
767
1249
1834
1844
1425
997
1071
1434
1712
1694
1502
1192
877
741
1101
1540
1289
476
9
281
660
525
91
-237
-419
-503
-539
-499
-589
-885
-1205
-1251
-1056
-1002
-1221
-1412
-1372
-1285
-1383
-1442
-1334
-1236
-1273
-1351
-1298
-1248
-1166
-993
-857
-847
-933
-937
-733
-414
-288
-397
-508
-397
-129
71
75
169
198
241
349
370
709
820
722
549
560
824
997
963
780
661
592
713
765
757
646
454
272
124
236
363
126
-307
-486
-307
-252
-441
-656
-780
-817
-820
-749
-778
-870
-930
-901
-815
-776
-739
-719
-669
-576
-491
-408
-415
-361
-158
18
58
24
38
285
525
595
574
570
629
722
936
1300
1475
1073
767
794
1396
2009
1882
1331
867
1017
1539
1849
1777
1474
1040
786
814
1270
1591
1160
326
-28
298
669
491
0
-332
-495
-515
-557
-559
-656
-960
-1255
-1236
-1086
-1118
-1330
-1481
-1371
-1283
-1386
-1476
-1426
-1275
-1221
-1233
-1222
-1264
-1184
-966
-756
-682
-822
-925
-757
-408
-120
-163
-384
-377
-142
168
368
299
200
392
408
450
659
790
970
752
595
602
726
943
988
834
565
418
429
568
588
558
291
-169
-261
22
175
-164
-608
-681
-608
-617
-679
-774
-929
-1044
-1030
-860
-819
-962
-1015
-936
-775
-696
-655
-655
-609
-477
-294
-177
-231
-187
-12
269
335
327
408
528
731
814
929
892
836
1183
1639
1515
1035
811
1268
1958
2063
1628
1092
1016
1391
1773
1819
1592
1187
862
764
1092
1490
1233
475
17
239
546
418
10
-320
-465
-565
-627
-619
-717
-969
-1278
-1310
-1128
-1118
-1357
-1559
-1462
-1281
-1346
-1499
-1446
-1315
-1256
-1234
-1152
-1109
-1176
-1081
-823
-642
-608
-722
-710
-534
-276
-72
-83
-181
-152
19
300
411
341
332
366
505
635
745
698
620
632
728
770
729
665
560
565
583
589
468
281
207
218
119
-35
-99
-139
-318
-569
-605
-534
-591
-745
-866
-910
-933
-942
-885
-829
-867
-944
-944
-813
-656
-585
-584
-573
-489
-344
-220
-145
-56
-9
97
213
465
565
556
574
652
870
1016
1130
1347
1417
1132
954
1062
1757
2107
1741
1192
993
1383
1797
1864
1680
1380
1027
917
1062
1454
1493
922
221
112
543
771
375
-136
-346
-422
-463
-506
-544
-719
-1048
-1241
-1170
-1098
-1124
-1339
-1471
-1415
-1349
-1381
-1431
-1382
-1300
-1338
-1329
-1187
-1173
-1175
-1061
-877
-805
-871
-790
-593
-484
-374
-284
-245
-200
-90
102
229
331
410
338
308
469
775
813
597
496
599
730
771
771
635
463
404
559
603
472
289
150
46
1
57
20
-211
-506
-589
-505
-494
-578
-712
-870
-952
-932
-810
-778
-895
-997
-928
-787
-715
-715
-642
-571
-522
-381
-240
-199
-202
-85
134
214
262
419
516
554
607
742
932
1068
1296
1445
1204
983
1054
1673
2168
1954
1330
930
1224
1840
2116
1820
1367
993
903
1156
1612
1630
954
197
182
648
832
492
-55
-335
-440
-447
-408
-510
-786
-1096
-1229
-1085
-1052
-1267
-1486
-1435
-1226
-1300
-1601
-1631
-1368
-1176
-1271
-1442
-1388
-1255
-1192
-1046
-878
-870
-981
-990
-653
-364
-348
-426
-363
-176
-17
32
198
553
526
348
221
459
901
1017
859
583
541
652
827
940
923
705
413
343
551
766
605
194
-78
-47
76
6
-158
-345
-548
-677
-670
-604
-677
-837
-998
-1003
-947
-899
-888
-956
-1002
-953
-828
-747
-729
-708
-571
-483
-466
-402
-269
-30
70
70
144
244
444
569
611
702
814
1194
1332
1029
842
1048
1715
2079
1764
1244
1093
1421
1975
2101
1819
1438
1143
1211
1377
1673
1705
1127
466
420
886
1092
634
48
-159
-149
-118
-219
-442
-671
-948
-1069
-999
-1011
-1123
-1354
-1478
-1430
-1359
-1392
-1448
-1483
-1489
-1482
-1428
-1275
-1260
-1280
-1237
-1153
-965
-872
-795
-739
-707
-541
-376
-234
-117
-121
-76
171
359
505
369
336
627
875
903
656
559
765
1038
1045
853
605
617
741
784
804
644
377
137
127
342
347
20
-382
-583
-467
-305
-402
-730
-1027
-1074
-928
-900
-941
-1013
-1191
-1282
-1199
-980
-868
-998
-1033
-970
-858
-722
-630
-469
-400
-411
-344
-121
136
284
252
258
393
592
893
1296
1293
921
737
1027
1871
2210
1942
1329
1067
1506
2106
2386
2087
1618
1344
1363
1620
2003
1952
1331
698
732
1147
1252
844
359
85
24
-15
-87
-181
-447
-823
-1070
-1010
-890
-1025
-1397
-1599
-1511
-1408
-1522
-1667
-1671
-1611
-1573
-1582
-1586
-1530
-1434
-1334
-1279
-1217
-1131
-1047
-936
-787
-599
-511
-448
-352
-168
40
82
234
501
573
451
439
711
1031
1062
880
779
823
992
1055
1031
935
785
724
710
756
708
516
225
88
181
180
-37
-318
-464
-538
-630
-657
-702
-866
-1140
-1280
-1137
-1000
-1066
-1344
-1442
-1313
-1181
-1129
-1140
-1090
-1022
-984
-899
-736
-577
-480
-374
-176
-51
-16
88
277
524
780
1043
1180
914
849
1134
1711
2170
2037
1652
1385
1607
2118
2543
2380
1972
1678
1636
1832
2088
2234
1854
1164
885
1169
1461
1299
776
362
151
57
74
69
-168
-632
-1072
-1100
-928
-933
-1228
-1582
-1685
-1678
-1718
-1741
-1669
-1674
-1882
-2091
-1943
-1623
-1495
-1584
-1731
-1638
-1389
-1205
-1045
-934
-862
-824
-711
-440
-142
-63
100
225
227
332
374
712
1015
1106
897
619
750
1198
1488
1299
937
755
850
1007
1162
1156
782
287
194
453
595
390
5
-390
-531
-387
-228
-374
-818
-1112
-1110
-1003
-993
-1074
-1196
-1391
-1500
-1377
-1219
-1187
-1312
-1402
-1218
-1055
-939
-946
-880
-664
-530
-357
-265
-132
-21
130
409
596
960
1051
847
812
1076
1872
2220
1919
1412
1436
1928
2427
2572
2315
2005
1719
1859
2161
2414
2268
1655
1141
1246
1657
1676
1127
562
456
531
409
167
-128
-353
-586
-774
-800
-960
-1193
-1439
-1501
-1419
-1540
-1877
-2001
-1847
-1662
-1774
-2048
-2031
-1911
-1781
-1629
-1558
-1573
-1677
-1564
-1109
-803
-808
-928
-896
-563
-167
-30
363
386
131
143
283
1006
1373
1259
751
408
771
1383
1679
1439
947
652
748
1019
1395
1353
681
44
76
588
739
330
-142
-507
-542
-374
-215
-353
-868
-1235
-1164
-928
-929
-1138
-1344
-1464
-1399
-1320
-1299
-1343
-1420
-1327
-1241
-1185
-1134
-1055
-879
-693
-583
-612
-498
-308
-7
365
553
786
488
475
830
1359
1978
1935
1634
1256
1471
2136
2670
2578
2182
1884
1854
2046
2438
2740
2380
1609
1193
1534
1985
1966
1354
753
535
635
701
587
199
-246
-592
-652
-514
-623
-993
-1385
-1548
-1461
-1448
-1648
-1754
-1892
-1914
-1903
-1944
-1856
-1861
-1857
-1841
-1811
-1662
-1577
-1460
-1268
-1146
-1072
-1004
-821
-573
-279
65
7
-132
35
426
758
896
821
723
675
838
1277
1356
1166
845
780
939
1128
1231
1015
519
283
537
653
503
188
-42
-232
-379
-225
-120
-385
-825
-1068
-883
-710
-832
-1065
-1254
-1298
-1317
-1258
-1156
-1198
-1294
-1387
-1323
-1216
-1062
-973
-902
-835
-818
-710
-578
-333
-198
77
232
532
502
430
652
1025
1715
1841
1615
1211
1391
2030
2593
2535
2136
1962
1958
2161
2440
2663
2440
1751
1357
1677
2122
2044
1340
812
739
892
865
640
298
-56
-411
-548
-411
-439
-767
-1264
-1488
-1383
-1321
-1505
-1681
-1748
-1777
-1874
-1957
-1840
-1713
-1703
-1750
-1805
-1709
-1611
-1484
-1224
-1086
-1061
-1146
-1018
-592
-314
99
-127
-314
40
327
793
813
697
590
646
912
1175
1117
979
888
872
929
872
970
887
544
354
382
362
228
98
19
-245
-494
-537
-436
-467
-613
-851
-1042
-1122
-1102
-942
-956
-1152
-1411
-1396
-1264
-1122
-1027
-1142
-1236
-1269
-1101
-906
-741
-669
-704
-763
-632
-392
-124
166
270
504
300
362
636
1104
1697
1709
1479
1167
1441
2118
2588
2430
2114
2020
2139
2243
2447
2626
2459
1918
1584
1774
2032
1998
1489
1076
901
859
767
618
395
140
-251
-504
-502
-564
-764
-1081
-1243
-1313
-1469
-1619
-1649
-1647
-1669
-1847
-1992
-1956
-1831
-1689
-1677
-1718
-1754
-1779
-1555
-1185
-936
-963
-1225
-1051
-415
-158
-227
-269
-71
321
477
520
587
613
715
862
1045
1134
1010
914
847
1001
1167
1029
697
468
601
657
410
168
52
-82
-221
-296
-367
-508
-699
-788
-766
-863
-1018
-1081
-1103
-1134
-1212
-1279
-1300
-1259
-1150
-1207
-1338
-1327
-1180
-988
-918
-921
-964
-830
-627
-465
-442
-445
-89
23
437
465
295
377
520
1369
1778
1583
1079
1105
1647
2354
2579
2314
1955
1728
2098
2531
2786
2580
1969
1534
1757
2246
2316
1719
1088
984
1119
1086
950
602
304
-26
-261
-131
-237
-526
-874
-1142
-1083
-1087
-1318
-1519
-1621
-1558
-1685
-1909
-1844
-1718
-1717
-1771
-1842
-1745
-1619
-1616
-1426
-1232
-1103
-1123
-1178
-929
-401
79
-156
-533
-374
256
778
929
699
412
395
751
1403
1484
1181
708
574
907
1241
1385
950
292
102
462
709
483
23
-354
-476
-417
-265
-349
-731
-1042
-1118
-967
-948
-1115
-1279
-1319
-1409
-1428
-1454
-1359
-1242
-1371
-1421
-1446
-1230
-1079
-1048
-965
-842
-853
-795
-652
-317
-135
87
258
-59
-21
348
1145
1461
1193
872
1017
1431
1954
2369
2257
2000
1736
1979
2377
2697
2794
2407
1749
1672
2251
2603
2240
1587
1296
1352
1346
1319
1165
822
411
75
142
153
-4
-360
-775
-927
-866
-954
-1175
-1300
-1382
-1494
-1759
-1742
-1573
-1646
-1739
-1863
-1791
-1662
-1679
-1580
-1503
-1407
-1341
-1270
-1059
-851
-687
-633
-583
-356
-32
87
87
203
409
629
618
709
857
898
918
868
994
1082
996
844
800
816
758
593
398
396
366
191
-82
-252
-156
-237
-473
-678
-764
-757
-906
-1064
-1086
-1072
-1203
-1353
-1419
-1303
-1211
-1366
-1431
-1400
-1286
-1161
-1200
-1061
-1023
-1027
-914
-807
-441
-421
-116
-32
-222
-103
112
829
1196
1012
588
636
1150
1846
2060
1792
1572
1495
1908
2254
2430
2421
2028
1739
1889
2217
2374
2000
1555
1414
1513
1503
1324
1089
889
681
477
468
297
60
-178
-392
-418
-489
-747
-960
-1137
-1106
-1124
-1354
-1449
-1498
-1469
-1491
-1581
-1612
-1578
-1571
-1440
-1248
-1357
-1404
-1376
-1077
-783
-651
-527
-780
-707
-341
98
341
229
61
17
274
818
1105
790
393
386
861
1172
989
777
597
424
530
673
698
342
24
-113
-149
-53
-144
-335
-603
-767
-838
-877
-925
-1027
-1098
-1274
-1462
-1506
-1428
-1274
-1399
-1572
-1635
-1546
-1321
-1334
-1288
-1090
-1135
-1204
-1220
-692
-370
-195
-98
-454
-307
-29
850
1403
1174
661
606
1205
1953
2425
2327
2017
1623
1851
2491
3031
3030
2535
1899
1910
2489
2905
2630
1924
1577
1632
1700
1712
1545
1240
870
443
478
580
420
22
-376
-511
-507
-691
-860
-927
-1021
-1204
-1589
-1637
-1386
-1335
-1432
-1694
-1812
-1713
-1682
-1447
-1272
-1337
-1466
-1537
-1132
-509
-556
-944
-1067
-594
191
335
-9
-301
-145
356
691
794
732
467
330
462
815
1173
949
304
99
422
768
520
92
35
44
-90
-293
-317
-299
-436
-735
-827
-839
-894
-1041
-1189
-1222
-1242
-1325
-1547
-1630
-1436
-1328
-1522
-1661
-1657
-1392
-1273
-1366
-1309
-1163
-994
-1003
-783
-606
-92
-11
-417
-230
126
959
1259
1055
819
807
1238
1953
2398
2290
1880
1575
1914
2438
2952
2925
2173
1556
1815
2554
2810
2210
1564
1348
1401
1477
1492
1327
951
431
197
334
386
251
-181
-493
-615
-599
-755
-903
-839
-892
-1128
-1496
-1465
-1179
-1081
-1102
-1307
-1401
-1362
-1342
-1050
-827
-683
-831
-1091
-891
-487
-44
-22
-210
-123
76
174
396
680
753
538
330
592
904
993
772
528
473
559
651
516
364
158
4
-129
-181
-107
-264
-616
-950
-921
-787
-867
-1052
-1236
-1387
-1508
-1476
-1447
-1419
-1451
-1598
-1740
-1711
-1587
-1435
-1464
-1529
-1506
-1424
-1232
-1183
-1035
-985
-872
-864
-504
-373
113
377
-148
-13
226
1234
1682
1381
903
903
1503
2224
2602
2374
2095
1786
2086
2534
2903
3003
2415
1746
1800
2300
2633
2110
1418
1188
1287
1324
1128
822
585
290
-37
40
-55
-253
-654
-965
-923
-816
-1033
-1404
-1496
-1353
-1205
-1503
-1682
-1547
-1395
-1211
-1317
-1329
-1199
-1185
-940
-589
-500
-599
-684
-335
178
377
340
108
263
755
1060
1102
969
885
1003
1073
1259
1428
1281
889
635
907
1223
955
424
216
182
258
79
-213
-438
-690
-868
-1010
-1090
-1165
-1405
-1641
-1719
-1826
-1824
-1948
-2104
-2058
-2050
-2143
-2175
-2142
-2041
-1924
-1943
-1889
-1807
-1578
-1364
-1325
-1200
-1031
-848
-811
-392
-167
347
517
83
355
591
1555
2105
1975
1482
1203
1782
2706
3271
2978
2507
2081
2370
2964
3462
3530
2732
1920
1967
2601
3022
2453
1566
1091
1133
1305
1204
864
347
-106
-460
-352
-275
-527
-1034
-1552
-1592
-1365
-1492
-1877
-2105
-1994
-1828
-2107
-2240
-2094
-1884
-1666
-1799
-1850
-1599
-1443
-1035
-826
-838
-708
-601
-125
339
483
499
508
773
1271
1426
1526
1551
1532
1660
1681
1934
2046
1788
1506
1412
1609
1663
1310
879
769
728
526
228
-83
-171
-433
-782
-970
-1165
-1273
-1552
-1863
-1945
-2080
-2224
-2409
-2546
-2504
-2512
-2698
-2749
-2722
-2538
-2391
-2537
-2441
-2333
-2084
-1823
-1687
-1583
-1423
-1309
-1082
-467
-207
419
170
-99
313
881
2110
2303
1886
1390
1552
2434
3399
3598
3193
2663
2461
3010
3654
4040
3726
2766
2205
2556
3207
3325
2452
1638
1349
1455
1472
1287
895
340
-272
-588
-403
-391
-769
-1436
-1895
-1876
-1758
-1992
-2292
-2454
-2384
-2426
-2719
-2718
-2535
-2297
-2239
-2300
-2310
-2077
-1800
-1480
-1150
-1026
-835
-758
-412
83
480
713
706
976
1343
1495
1728
1983
2206
2160
2010
2224
2533
2562
2257
1955
1941
2089
2008
1733
1324
1016
843
665
521
266
-151
-644
-981
-1030
-994
-1305
-1756
-2203
-2385
-2302
-2337
-2479
-2784
-2958
-3079
-3016
-2862
-2742
-2816
-3042
-2948
-2607
-2221
-2176
-2178
-2119
-1781
-1525
-1251
-736
-548
55
-105
-151
290
907
2013
2130
1797
1523
1811
2640
3440
3563
3367
3008
2868
3231
3760
4277
4077
3121
2457
2769
3488
3592
2682
1863
1573
1638
1575
1354
1014
492
-176
-577
-513
-439
-762
-1477
-1980
-2019
-1883
-2156
-2474
-2588
-2587
-2694
-3013
-2942
-2713
-2540
-2598
-2755
-2527
-2278
-2149
-1848
-1508
-1393
-1179
-1094
-707
-94
173
395
463
755
1212
1416
1746
2017
2105
2139
2029
2380
2863
2780
2426
2195
2290
2550
2384
2110
1831
1511
1311
1048
956
803
406
-172
-478
-621
-700
-962
-1443
-1655
-1961
-2185
-2390
-2550
-2452
-2692
-3033
-3222
-3211
-2954
-2896
-2999
-3054
-2988
-2826
-2686
-2432
-2168
-2004
-2048
-1965
-1275
-874
-209
-276
-576
-160
333
1541
2047
1858
1417
1469
2253
3305
3737
3482
3055
2830
3330
3937
4371
4280
3494
2853
3085
3675
3861
3170
2370
2004
2035
2016
1761
1329
814
332
-52
-166
-342
-693
-1160
-1652
-1858
-1872
-2204
-2535
-2732
-2633
-2706
-3177
-3307
-3168
-2878
-2788
-2955
-2959
-2755
-2693
-2283
-1805
-1742
-1603
-1587
-1144
-492
-168
2
30
284
895
1236
1437
1612
1746
1982
1977
2248
2674
2690
2417
2204
2438
2748
2547
2205
1957
1850
1784
1528
1262
1061
794
349
-6
-220
-286
-542
-1008
-1296
-1576
-1822
-2018
-2134
-2134
-2392
-2874
-3016
-2939
-2696
-2679
-2994
-3186
-3141
-2823
-2487
-2453
-2404
-2372
-2296
-2052
-1511
-997
-769
-459
-717
-432
-39
780
1693
1785
1562
1189
1711
2622
3524
3621
3253
2811
2934
3611
4166
4474
4005
3194
2839
3293
3942
3851
2976
2143
1903
2101
2141
1854
1236
574
87
-3
4
-297
-798
-1375
-1717
-1792
-1960
-2265
-2511
-2631
-2675
-3019
-3319
-3247
-3025
-2848
-3004
-3147
-3057
-2914
-2607
-2319
-2035
-1918
-1812
-1607
-1222
-716
-383
-145
9
363
701
1012
1258
1532
1850
1880
1985
2246
2429
2539
2416
2407
2518
2468
2381
2225
2126
1985
1713
1451
1314
1170
945
544
149
-46
-179
-371
-672
-1022
-1345
-1616
-1727
-1768
-1921
-2207
-2573
-2729
-2624
-2494
-2577
-2858
-2935
-2849
-2597
-2450
-2466
-2330
-2366
-2127
-1941
-1513
-1204
-866
-567
-771
-585
-157
872
1484
1426
977
1028
1759
2690
3278
3080
2740
2585
3037
3621
4073
4012
3492
2907
2974
3566
3856
3381
2524
2112
2213
2334
2089
1629
1082
679
392
265
75
-303
-750
-1168
-1436
-1540
-1778
-2043
-2245
-2418
-2550
-2920
-3074
-2975
-2802
-2786
-3055
-3149
-3088
-2753
-2444
-2256
-2145
-2348
-2033
-1560
-986
-639
-808
-640
-321
358
837
1007
1019
1065
1363
1741
2244
2338
2239
2000
1993
2414
2691
2584
2129
1895
1933
2010
1840
1509
1291
1046
830
531
353
175
-164
-367
-650
-887
-1202
-1463
-1490
-1596
-1744
-2162
-2483
-2464
-2286
-2201
-2472
-2745
-2866
-2571
-2295
-2326
-2305
-2386
-2274
-1940
-1792
-1432
-1251
-1135
-561
-619
-373
-138
295
1177
1358
1300
1105
1441
2214
2932
3026
2797
2639
2833
3332
3605
3836
3687
3155
2884
3102
3586
3520
2770
2148
2079
2271
2148
1720
1193
840
507
304
152
-155
-458
-961
-1373
-1482
-1536
-1681
-2037
-2360
-2430
-2589
-2750
-2726
-2671
-2648
-2807
-3055
-2921
-2650
-2425
-1999
-2213
-2359
-2171
-1770
-939
-716
-747
-920
-851
-51
759
961
773
563
917
1467
1772
2097
1995
1754
1592
1870
2424
2373
1979
1662
1566
1665
1689
1517
1150
840
631
554
424
110
-109
-368
-626
-830
-996
-1069
-1270
-1527
-1720
-1885
-1985
-2011
-2052
-2152
-2182
-2376
-2349
-2201
-2120
-2018
-2164
-2024
-1733
-1662
-1500
-1530
-1253
-838
-553
-7
-245
-353
-34
717
1666
1726
1260
1105
1495
2349
3138
3062
2785
2497
2646
3148
3536
3776
3532
2787
2447
2856
3374
3259
2405
1864
1861
1926
1769
1400
974
670
292
46
-69
-348
-677
-1096
-1392
-1402
-1540
-1900
-2225
-2318
-2225
-2411
-2702
-2713
-2624
-2559
-2669
-2758
-2595
-2423
-2297
-2129
-1934
-1924
-1719
-1482
-1068
-692
-631
-508
-372
80
475
664
794
961
1102
1259
1430
1714
1968
1823
1628
1667
1880
1981
1784
1624
1532
1380
1193
1029
968
820
542
202
37
-101
-307
-518
-711
-879
-1096
-1361
-1513
-1518
-1620
-1816
-2050
-2109
-2020
-2028
-2067
-2123
-2143
-2093
-2014
-1901
-1722
-1574
-1494
-1552
-1405
-1081
-773
-442
-323
117
172
71
291
906
1767
1967
1612
1280
1626
2378
3161
3177
2801
2533
2602
3070
3391
3655
3463
2728
2231
2492
3106
3178
2361
1557
1408
1580
1596
1266
813
438
-1
-233
-328
-382
-636
-1133
-1524
-1681
-1585
-1804
-2069
-2194
-2223
-2287
-2596
-2621
-2427
-2272
-2316
-2497
-2494
-2327
-2075
-1869
-1504
-1540
-1667
-1521
-1182
-400
-128
-261
-415
-305
347
889
1049
1009
829
886
1252
1621
1845
1703
1343
1249
1429
1684
1683
1343
1033
825
802
801
649
421
140
-204
-401
-474
-528
-667
-976
-1278
-1508
-1541
-1438
-1486
-1748
-2027
-2150
-2031
-1811
-1771
-1895
-2014
-2126
-1967
-1572
-1385
-1304
-1495
-1403
-1114
-887
-517
-490
-159
-41
287
673
617
777
978
1638
2188
2202
1862
1857
2209
2899
3397
3190
2863
2644
2893
3312
3497
3459
3035
2419
2310
2706
2977
2569
1713
1258
1391
1464
1288
799
306
-24
-264
-263
-384
-697
-1147
-1491
-1631
-1547
-1634
-1960
-2185
-2282
-2193
-2306
-2410
-2307
-2195
-2152
-2247
-2224
-2066
-1890
-1613
-1492
-1274
-1376
-1399
-982
-554
-40
-169
-369
-277
191
716
886
744
659
767
915
1195
1286
1279
1038
822
907
1112
1140
825
496
396
423
396
193
-76
-315
-477
-636
-747
-841
-1051
-1289
-1444
-1482
-1518
-1634
-1836
-1876
-1888
-1910
-1914
-1984
-1837
-1849
-1842
-1740
-1704
-1455
-1313
-1166
-1070
-989
-704
-552
-306
-70
175
400
636
1073
1098
1130
1171
1721
2472
2657
2342
1950
2286
2875
3525
3497
3105
2845
2828
3162
3389
3521
3265
2600
2154
2350
2765
2675
1950
1284
1141
1237
1124
790
363
1
-309
-495
-626
-782
-992
-1315
-1649
-1774
-1723
-1860
-2027
-2155
-2110
-2157
-2374
-2337
-2096
-1898
-1981
-2146
-2101
-1862
-1518
-1187
-1247
-1430
-1296
-915
-389
-146
-276
-402
-266
216
698
731
504
421
621
907
1036
1070
958
680
623
847
946
785
424
238
247
176
139
-138
-461
-609
-648
-650
-926
-1253
-1403
-1376
-1399
-1553
-1781
-1943
-1929
-1862
-1804
-1942
-2024
-1933
-1844
-1709
-1664
-1589
-1506
-1371
-1178
-1040
-784
-676
-490
-375
-116
104
328
630
899
1385
1200
1169
1360
1984
2742
2766
2417
2106
2338
3064
3692
3540
3113
2793
2884
3228
3389
3521
3320
2634
2139
2186
2730
2766
2040
1317
969
1076
1114
877
460
1
-431
-614
-666
-699
-900
-1342
-1730
-1851
-1774
-1749
-1932
-2117
-2106
-2239
-2326
-2282
-2049
-1811
-1942
-2065
-2015
-1797
-1428
-1278
-1122
-1016
-1058
-997
-802
-311
129
195
-67
-187
59
630
1001
959
653
346
529
952
1247
1145
674
326
292
521
774
582
124
-318
-445
-295
-237
-404
-774
-1203
-1402
-1364
-1258
-1286
-1626
-1924
-2088
-2035
-1894
-1836
-1901
-2135
-2197
-2053
-1790
-1682
-1731
-1662
-1545
-1344
-1202
-1015
-728
-596
-468
-368
-101
207
436
695
919
1342
1435
1324
1370
1846
2670
2979
2698
2192
2271
2926
3573
3739
3333
2969
2869
3048
3430
3669
3503
2769
2070
2190
2809
2963
2242
1306
945
1155
1305
1100
582
40
-341
-502
-453
-481
-757
-1216
-1660
-1739
-1512
-1528
-1766
-2092
-2190
-2083
-2139
-2148
-2035
-1894
-1871
-2085
-2050
-1826
-1558
-1346
-1249
-1060
-1127
-1124
-918
-484
34
73
-198
-292
-47
502
866
812
552
291
449
812
1147
1086
643
250
213
532
765
573
43
-385
-464
-280
-237
-454
-818
-1187
-1382
-1372
-1301
-1334
-1592
-1878
-2047
-2014
-1901
-1902
-1960
-2060
-2107
-2011
-1903
-1783
-1657
-1566
-1456
-1425
-1280
-1067
-778
-574
-394
-298
-150
40
293
770
1064
1401
1288
1167
1404
1926
2691
2908
2592
2220
2288
2894
3592
3738
3374
2924
2778
3054
3439
3639
3433
2719
2163
2240
2684
2827
2178
1377
1046
1093
1198
1015
586
108
-357
-539
-521
-528
-763
-1256
-1642
-1729
-1594
-1582
-1818
-2082
-2148
-2109
-2158
-2131
-2012
-1873
-1864
-1993
-1943
-1787
-1594
-1292
-1188
-913
-1023
-1128
-789
-502
108
157
3
-99
-7
451
924
1002
796
510
459
891
1147
1232
880
441
361
573
757
658
257
-114
-326
-366
-255
-363
-659
-1056
-1376
-1422
-1351
-1389
-1568
-1886
-2130
-2178
-2050
-1970
-1995
-2185
-2328
-2270
-2108
-1841
-1814
-1801
-1720
-1628
-1429
-1195
-946
-700
-589
-515
-298
-51
300
614
886
1234
1288
1161
1327
1822
2602
2976
2639
2224
2263
2916
3625
3798
3443
3036
2946
3205
3532
3737
3617
2971
2359
2350
2828
3031
2414
1507
1123
1208
1294
1086
622
161
-311
-605
-575
-555
-741
-1225
-1786
-1884
-1682
-1555
-1763
-2133
-2257
-2220
-2173
-2151
-2025
-1885
-1898
-2044
-2020
-1786
-1548
-1351
-1245
-1036
-1052
-1045
-799
-390
-87
32
-35
17
250
423
793
889
919
763
706
855
1076
1233
1058
723
498
611
758
659
363
87
-164
-365
-428
-408
-583
-938
-1351
-1484
-1469
-1503
-1644
-1832
-2014
-2269
-2261
-2142
-2055
-2142
-2348
-2330
-2158
-1992
-1901
-1900
-1752
-1584
-1512
-1325
-1140
-862
-601
-463
-362
-180
66
439
775
1123
1432
1190
1159
1486
2286
3129
2935
2333
2130
2630
3525
3932
3640
3193
2908
3113
3501
3742
3772
3276
2555
2304
2620
3022
2768
1832
1213
1109
1273
1209
768
321
-142
-508
-600
-597
-705
-1031
-1572
-1881
-1772
-1659
-1753
-2056
-2232
-2143
-2186
-2232
-2166
-1996
-1841
-1946
-2012
-1889
-1666
-1402
-1172
-1144
-875
-959
-981
-554
-252
384
253
-3
22
316
919
1196
1080
712
581
813
1348
1437
1160
717
397
592
881
918
548
-58
-347
-316
-255
-364
-684
-1055
-1371
-1565
-1575
-1510
-1679
-1961
-2221
-2381
-2299
-2224
-2219
-2251
-2413
-2396
-2310
-2191
-1980
-1967
-1816
-1690
-1632
-1387
-1212
-902
-626
-521
-428
-241
24
455
792
1054
1386
1193
1206
1502
2182
3019
2995
2526
2173
2511
3366
3953
3823
3306
2991
3092
3488
3771
3822
3450
2628
2219
2524
3045
2901
1938
1168
1045
1292
1290
865
333
-110
-462
-556
-512
-624
-959
-1492
-1850
-1727
-1525
-1627
-1974
-2214
-2103
-2042
-2096
-2104
-2007
-1823
-1821
-1920
-1899
-1713
-1490
-1217
-1112
-1132
-885
-920
-729
-415
-118
263
155
41
122
445
977
1244
922
578
538
978
1426
1308
949
599
391
578
806
819
408
-241
-498
-446
-226
-276
-742
-1350
-1638
-1577
-1341
-1379
-1774
-2116
-2323
-2307
-2086
-1993
-2118
-2368
-2511
-2224
-2031
-1987
-1918
-1962
-1740
-1623
-1567
-1273
-1096
-801
-623
-561
-432
-184
86
496
788
1150
1381
1013
1153
1590
2509
3169
2791
2250
2119
2751
3711
4040
3697
3224
2881
3123
3564
3936
3953
3183
2294
2219
2825
3289
2738
1643
1079
1149
1458
1408
874
257
-218
-453
-348
-322
-517
-999
-1591
-1745
-1467
-1299
-1588
-2035
-2144
-1922
-1919
-2038
-2043
-1929
-1782
-1876
-1987
-1879
-1659
-1349
-1234
-1252
-1293
-1135
-675
-719
-371
-245
-293
-38
1
389
497
547
537
587
596
761
906
847
744
518
644
596
462
425
284
75
-149
-336
-464
-550
-608
-790
-1181
-1498
-1516
-1440
-1395
-1646
-2010
-2128
-2094
-1883
-1801
-2003
-2225
-2188
-1949
-1782
-1785
-1726
-1624
-1608
-1410
-1261
-1046
-870
-819
-520
-336
-172
-48
39
388
832
1144
1474
1155
983
1460
2118
2953
2854
2283
2005
2277
3155
3807
3601
3201
2722
2764
3211
3445
3679
3275
2450
2003
2330
2870
2776
1869
1178
1104
1359
1372
913
457
155
-54
-169
-258
-425
-594
-981
-1262
-1194
-1156
-1317
-1608
-1718
-1530
-1677
-1879
-1855
-1731
-1449
-1634
-1922
-1892
-1634
-1211
-1223
-1425
-1466
-1142
-924
-881
-770
-596
-428
-469
-155
-41
-49
-27
122
436
399
222
247
315
497
541
290
72
-30
199
313
50
-294
-459
-608
-553
-416
-496
-974
-1508
-1432
-1050
-940
-1253
-1715
-1846
-1624
-1469
-1392
-1584
-1755
-1691
-1633
-1501
-1376
-1286
-1290
-1392
-1211
-880
-763
-806
-755
-470
-168
-67
-156
36
265
617
874
1133
1376
1042
1017
1291
2208
2930
2626
1886
1592
2240
3199
3607
3183
2678
2298
2480
2962
3415
3499
2712
1774
1660
2407
2964
2438
1368
879
1135
1447
1263
766
391
128
-121
-110
-73
-188
-602
-1100
-1134
-895
-827
-1170
-1536
-1533
-1445
-1508
-1594
-1589
-1447
-1531
-1771
-1756
-1463
-1227
-1358
-1473
-1404
-1062
-943
-979
-916
-852
-617
-474
-238
-188
-423
-477
-125
295
461
83
-321
-243
193
598
322
-176
-397
-192
93
73
-141
-426
-776
-768
-464
-299
-634
-1220
-1357
-1112
-863
-978
-1321
-1505
-1486
-1327
-1285
-1357
-1375
-1435
-1477
-1459
-1185
-983
-1050
-1200
-1186
-855
-648
-600
-575
-463
-235
-98
-48
58
250
572
756
852
1279
1185
1011
1043
1575
2557
2621
2016
1448
1687
2552
3305
3206
2631
2074
2097
2648
3027
3251
2901
2036
1497
1926
2697
2749
1804
959
978
1383
1469
1116
658
323
71
-12
43
-2
-207
-645
-1041
-994
-764
-822
-1152
-1468
-1345
-1247
-1388
-1480
-1506
-1439
-1541
-1660
-1547
-1403
-1348
-1337
-1341
-1294
-1173
-1236
-978
-952
-509
-19
-808
-1022
-1053
-161
734
439
-270
-1150
-1035
71
1078
905
-249
-1275
-885
44
746
736
-309
-1418
-1409
-324
481
-10
-1082
-1681
-1456
-762
-329
-546
-1332
-1824
-1634
-920
-661
-1001
-1378
-1540
-1415
-1073
-849
-870
-1050
-1124
-999
-834
-528
-431
-481
-449
-311
-184
-100
56
314
572
570
835
1070
902
881
1036
1819
2372
2177
1740
1394
1765
2621
3258
3014
2218
1834
2141
2714
3146
3123
2476
1551
1425
2244
2949
2534
1412
804
1084
1545
1604
1259
597
156
-26
183
337
127
-301
-883
-1028
-720
-546
-784
-1302
-1510
-1251
-1184
-1337
-1433
-1453
-1391
-1487
-1570
-1478
-1421
-1364
-1302
-1288
-1185
-1087
-1226
-1017
-807
-528
-522
-767
-731
-560
-133
-32
-95
-297
-373
-262
33
218
116
-81
-370
-282
29
160
-28
-434
-562
-476
-368
-310
-532
-772
-1006
-973
-802
-771
-913
-1170
-1257
-1232
-1154
-1085
-1158
-1283
-1366
-1301
-1123
-1082
-1011
-987
-966
-957
-909
-620
-373
-328
-351
-326
-186
-48
111
421
554
604
917
1023
868
895
1215
1975
2304
1929
1529
1500
2107
2764
2940
2709
2224
2023
2279
2671
3194
3165
2273
1454
1581
2440
2855
2234
1319
922
1145
1398
1322
1059
615
162
-112
-36
126
47
-406
-987
-1072
-816
-774
-1125
-1430
-1317
-1270
-1503
-1722
-1644
-1342
-1395
-1653
-1845
-1713
-1475
-1309
-1324
-1392
-1321
-1350
-1071
-818
-587
-571
-740
-764
-447
-6
92
-89
-291
-170
88
299
249
174
107
28
22
199
353
194
-108
-302
-289
-204
-210
-321
-493
-705
-823
-825
-770
-785
-920
-1112
-1252
-1340
-1175
-1085
-1184
-1342
-1465
-1326
-1235
-1165
-1152
-1111
-1064
-1051
-961
-745
-614
-556
-482
-472
-272
-184
63
357
544
899
750
569
773
1315
2095
2242
1766
1392
1603
2287
2901
2941
2599
2309
2251
2505
2847
3134
3076
2434
1841
2001
2558
2736
2174
1418
1210
1311
1378
1240
897
591
254
45
-8
-116
-229
-508
-865
-1021
-1016
-1111
-1329
-1525
-1483
-1418
-1655
-1826
-1796
-1624
-1488
-1656
-1821
-1828
-1684
-1362
-1217
-1299
-1434
-1272
-1065
-789
-577
-437
-383
-542
-400
-91
292
390
249
23
153
421
695
693
339
347
365
394
358
381
406
42
-312
-285
-131
-127
-442
-812
-943
-945
-900
-889
-1100
-1351
-1477
-1483
-1446
-1433
-1450
-1586
-1718
-1651
-1434
-1385
-1413
-1401
-1312
-1185
-1128
-1017
-841
-662
-518
-491
-491
-378
-14
420
795
763
431
457
885
1754
2338
2093
1469
1290
1930
2874
3300
2940
2355
2253
2655
3140
3389
3268
2826
2244
2195
2637
3003
2710
1840
1324
1407
1627
1532
1179
794
403
118
69
58
-79
-458
-880
-1059
-1040
-1013
-1197
-1528
-1715
-1704
-1728
-1780
-1865
-1835
-1742
-1845
-1921
-1857
-1841
-1658
-1489
-1299
-1316
-1622
-1438
-1054
-440
-203
-603
-864
-626
-42
529
576
231
62
33
489
965
1094
759
224
167
653
960
783
400
-2
-20
101
109
4
-284
-569
-823
-970
-820
-787
-928
-1243
-1600
-1543
-1369
-1355
-1386
-1602
-1828
-1838
-1671
-1369
-1289
-1559
-1715
-1615
-1313
-960
-986
-954
-935
-848
-564
-435
-120
60
275
595
470
479
746
1269
1958
2096
1737
1456
1664
2476
3217
3205
2709
2260
2390
3038
3538
3555
3086
2341
2140
2630
3075
2953
2126
1412
1435
1665
1649
1275
779
520
211
5
16
-101
-306
-786
-1222
-1211
-1132
-1187
-1442
-1719
-1775
-1821
-1928
-1887
-1838
-1795
-1831
-2011
-1895
-1767
-1644
-1583
-1493
-1284
-1111
-1144
-1239
-930
-543
-122
-171
-303
-345
-113
411
718
742
363
233
548
1023
1176
928
584
451
630
866
898
620
186
-50
-22
192
130
-271
-701
-906
-778
-750
-911
-1178
-1442
-1568
-1557
-1535
-1475
-1627
-1817
-1944
-1929
-1633
-1511
-1583
-1795
-1792
-1489
-1224
-1208
-1242
-1066
-876
-704
-708
-577
-229
124
478
448
268
378
878
1575
1946
1823
1537
1480
1872
2585
3124
3020
2570
2242
2434
3083
3550
3519
2815
2144
2214
2784
3144
2730
1883
1414
1502
1725
1684
1236
742
445
268
178
46
-105
-353
-742
-964
-1067
-1120
-1249
-1410
-1445
-1565
-1778
-1910
-1839
-1677
-1667
-1831
-1906
-1870
-1722
-1523
-1324
-1380
-1516
-1403
-1108
-646
-451
-570
-774
-528
-37
298
273
124
288
437
596
627
777
886
718
637
696
822
764
604
466
373
340
193
25
-108
-135
-302
-635
-766
-818
-830
-1019
-1284
-1441
-1482
-1492
-1554
-1608
-1693
-1832
-1881
-1770
-1643
-1540
-1635
-1730
-1696
-1458
-1128
-1146
-1159
-1111
-920
-604
-498
-371
-234
158
588
557
331
390
1003
1806
2024
1610
1302
1536
2222
2858
2977
2695
2391
2315
2641
3112
3473
3261
2451
1948
2271
2893
2967
2248
1496
1359
1511
1653
1412
980
559
193
113
131
88
-218
-707
-1027
-993
-860
-1019
-1344
-1568
-1518
-1491
-1652
-1722
-1663
-1565
-1676
-1890
-1762
-1572
-1418
-1405
-1423
-1152
-1206
-1236
-1046
-670
-184
-196
-539
-563
-158
430
654
404
290
322
544
749
879
946
790
506
465
674
825
739
429
180
60
52
60
-18
-214
-500
-787
-867
-817
-784
-917
-1274
-1575
-1616
-1473
-1382
-1504
-1748
-1933
-1899
-1776
-1545
-1527
-1650
-1727
-1739
-1411
-1116
-975
-1066
-1113
-967
-604
-385
-253
-101
123
509
502
429
588
1102
1788
2012
1668
1386
1529
2181
2813
2940
2692
2268
2219
2594
3069
3368
3098
2394
1986
2205
2751
2861
2310
1621
1317
1381
1493
1386
1034
610
164
-27
-17
-11
-173
-601
-995
-1113
-1034
-1055
-1250
-1445
-1530
-1595
-1721
-1739
-1615
-1495
-1607
-1809
-1826
-1602
-1426
-1314
-1257
-1169
-1193
-1296
-999
-579
-133
-225
-555
-546
-121
356
585
480
285
288
371
677
869
912
669
400
395
616
747
622
306
99
36
-19
-39
-109
-254
-543
-781
-855
-791
-846
-1009
-1217
-1411
-1501
-1466
-1413
-1464
-1615
-1765
-1740
-1627
-1483
-1447
-1524
-1602
-1521
-1278
-1016
-907
-940
-919
-836
-575
-332
-143
-34
160
490
714
688
606
910
1551
2108
2017
1606
1461
1878
2604
3045
2930
2518
2253
2370
2830
3259
3304
2782
2122
1926
2402
2815
2556
1830
1266
1232
1352
1345
1096
693
292
-26
-155
-143
-237
-516
-916
-1203
-1278
-1278
-1371
-1508
-1622
-1772
-1922
-1999
-1834
-1658
-1695
-1898
-2011
-1869
-1593
-1425
-1303
-1267
-1302
-1305
-1148
-706
-315
-271
-410
-423
-214
210
372
422
439
458
508
517
671
903
946
669
464
519
750
746
553
374
213
59
-36
-55
-57
-199
-512
-791
-918
-836
-771
-925
-1206
-1443
-1530
-1462
-1437
-1395
-1509
-1703
-1772
-1694
-1500
-1413
-1466
-1521
-1384
-1202
-994
-938
-847
-689
-572
-372
-213
10
204
474
808
941
800
760
1230
2042
2488
2115
1594
1594
2297
3089
3255
2869
2423
2305
2594
3038
3364
3205
2461
1843
1911
2550
2824
2206
1293
886
1059
1283
1138
699
190
-207
-405
-430
-403
-580
-988
-1459
-1622
-1547
-1538
-1691
-1885
-1952
-2030
-2182
-2211
-2050
-1812
-1813
-2052
-2165
-1963
-1598
-1360
-1251
-1441
-1403
-1225
-832
-365
-223
-281
-477
-248
151
626
741
616
461
472
754
1046
1230
1074
820
677
787
968
1009
813
557
340
283
261
147
17
-140
-336
-566
-761
-837
-836
-869
-1052
-1326
-1478
-1527
-1496
-1512
-1547
-1641
-1712
-1749
-1705
-1560
-1443
-1430
-1489
-1422
-1210
-1006
-851
-757
-700
-519
-359
-125
98
425
781
859
700
695
1227
2051
2464
2072
1650
1704
2375
3115
3280
2969
2556
2430
2641
3067
3430
3312
2601
1935
1957
2585
2902
2335
1407
957
1086
1281
1139
693
188
-244
-478
-544
-540
-667
-1097
-1580
-1790
-1701
-1631
-1840
-2086
-2177
-2201
-2278
-2366
-2243
-2065
-2016
-2208
-2260
-2110
-1770
-1455
-1470
-1275
-1357
-1151
-960
-697
-135
-9
-52
-184
-22
437
933
986
896
727
819
1144
1360
1445
1274
1006
923
1002
1176
1230
915
569
340
335
351
260
19
-236
-533
-699
-752
-787
-891
-1171
-1478
-1607
-1599
-1546
-1577
-1843
-1918
-1936
-1867
-1817
-1817
-1678
-1635
-1660
-1633
-1461
-1237
-1033
-964
-901
-729
-562
-273
20
414
764
672
477
643
1385
2232
2361
1871
1514
1780
2594
3202
3261
2891
2559
2557
2886
3329
3560
3322
2563
2036
2241
2853
2955
2235
1374
1064
1234
1378
1150
672
177
-231
-446
-494
-496
-696
-1167
-1655
-1807
-1678
-1661
-1950
-2226
-2269
-2258
-2315
-2407
-2308
-2076
-2046
-2234
-2240
-2084
-1532
-1374
-1512
-1415
-1358
-842
-618
-489
-323
-233
-69
177
415
742
884
834
901
918
1182
1376
1302
1183
1173
1205
1236
1102
1077
1050
865
656
455
375
303
150
-69
-300
-632
-835
-864
-895
-1033
-1374
-1704
-1780
-1732
-1638
-1793
-2073
-2142
-2114
-1956
-1901
-1953
-1955
-1893
-1746
-1557
-1469
-1362
-1192
-1023
-747
-662
-549
-319
19
629
870
668
483
792
1725
2483
2411
1883
1584
2093
3003
3519
3400
2905
2649
2761
3208
3651
3725
3168
2372
2177
2660
3066
2722
1871
1312
1264
1361
1299
949
496
32
-344
-503
-545
-678
-1015
-1485
-1809
-1832
-1784
-1876
-2146
-2334
-2346
-2390
-2446
-2418
-2319
-2199
-2276
-2305
-2215
-1998
-1728
-1625
-1390
-1267
-1161
-1020
-770
-375
-16
76
68
107
289
770
1063
1163
1017
883
1047
1362
1592
1614
1331
1053
1065
1195
1341
1154
803
551
361
341
328
129
-168
-542
-750
-753
-811
-919
-1206
-1540
-1687
-1765
-1694
-1697
-1924
-2122
-2280
-2128
-1901
-1903
-1963
-2068
-1952
-1699
-1529
-1454
-1350
-1231
-962
-749
-646
-427
-160
354
722
700
506
650
1305
2186
2479
2126
1713
1807
2606
3361
3631
3231
2736
2591
2983
3626
3965
3598
2703
2159
2498
3145
3143
2396
1553
1310
1438
1466
1206
756
274
-120
-392
-487
-533
-754
-1212
-1671
-1830
-1792
-1823
-2023
-2196
-2269
-2371
-2527
-2510
-2320
-2142
-2192
-2357
-2368
-2135
-1877
-1489
-1389
-1499
-1468
-1364
-687
-192
-84
-283
-401
-116
495
926
998
874
673
832
1029
1450
1667
1404
954
774
1097
1400
1275
894
567
403
347
350
314
65
-397
-753
-766
-713
-757
-1066
-1404
-1606
-1674
-1687
-1759
-1839
-1922
-2081
-2251
-2180
-1983
-1807
-1872
-2045
-1983
-1729
-1433
-1290
-1214
-1141
-961
-780
-590
-268
94
524
651
489
512
993
1789
2328
2197
1837
1743
2209
2985
3474
3417
2980
2706
2831
3348
3848
3938
3383
2627
2427
2895
3314
3039
2236
1631
1555
1606
1549
1204
739
300
-37
-198
-308
-493
-848
-1310
-1562
-1566
-1654
-1933
-2243
-2273
-2220
-2353
-2589
-2625
-2402
-2263
-2389
-2455
-2345
-2083
-1945
-1962
-1745
-1458
-1225
-1198
-1135
-862
-411
-183
-111
-61
75
453
689
853
860
901
981
1064
1163
1272
1305
1136
947
892
980
1053
881
542
290
234
293
161
-134
-521
-742
-705
-715
-908
-1207
-1478
-1556
-1530
-1551
-1666
-1835
-1954
-1984
-1913
-1840
-1759
-1821
-1858
-1818
-1639
-1395
-1308
-1211
-1079
-882
-776
-632
-338
155
588
525
269
402
1070
1932
2260
1878
1522
1672
2440
3145
3337
3103
2732
2676
2979
3440
3771
3583
2936
2493
2651
3144
3193
2624
1983
1769
1850
1803
1484
1055
688
404
194
29
-225
-573
-932
-1200
-1273
-1364
-1599
-1963
-2160
-2131
-2102
-2239
-2484
-2528
-2404
-2327
-2343
-2403
-2324
-2045
-1895
-1858
-1871
-1711
-1360
-989
-846
-934
-807
-467
-56
146
179
280
470
615
718
876
1077
1092
933
894
1051
1252
1207
930
707
742
803
671
395
188
137
16
-247
-482
-597
-633
-771
-1019
-1207
-1362
-1444
-1490
-1520
-1613
-1820
-2020
-2048
-1790
-1628
-1700
-1899
-1966
-1734
-1453
-1328
-1282
-1215
-1071
-893
-744
-512
-137
264
446
350
304
720
1403
1971
2009
1725
1610
1940
2657
3220
3291
2924
2624
2715
3248
3737
3769
3294
2652
2535
2958
3314
3112
2370
1755
1669
1823
1880
1537
951
417
135
128
122
-147
-680
-1137
-1318
-1291
-1364
-1658
-1953
-2125
-2154
-2213
-2333
-2336
-2336
-2330
-2381
-2323
-2131
-2108
-2195
-2102
-1633
-1282
-1244
-1468
-1430
-933
-409
-129
-243
-300
-145
227
608
818
827
680
566
754
1267
1504
1163
667
617
984
1217
996
594
331
224
227
275
171
-163
-656
-888
-732
-605
-774
-1234
-1551
-1587
-1527
-1560
-1652
-1708
-1815
-2013
-2077
-1865
-1655
-1685
-1858
-1879
-1646
-1453
-1387
-1231
-995
-807
-888
-845
-430
229
609
405
133
390
1194
1905
2076
1731
1549
1780
2406
3022
3246
3036
2660
2603
2978
3520
3750
3454
2827
2516
2739
3098
3044
2537
2011
1801
1719
1630
1496
1229
817
353
53
-30
-102
-325
-692
-1103
-1341
-1455
-1491
-1609
-1790
-1946
-2121
-2299
-2327
-2143
-2025
-2129
-2281
-2269
-2059
-1909
-1875
-1720
-1486
-1335
-1292
-1170
-933
-634
-367
-202
-119
-34
145
398
653
784
767
722
749
940
1160
1165
944
774
823
887
858
753
574
299
83
51
94
-23
-408
-755
-825
-761
-781
-1022
-1293
-1471
-1545
-1540
-1580
-1633
-1732
-1879
-1969
-1906
-1762
-1694
-1785
-1821
-1692
-1481
-1356
-1316
-1205
-958
-779
-701
-536
-232
290
433
279
312
781
1517
1900
1771
1557
1678
2114
2722
3061
3049
2762
2539
2703
3210
3628
3562
3006
2441
2504
2968
3202
2755
2046
1700
1740
1800
1593
1175
775
469
247
117
-70
-348
-701
-1019
-1143
-1213
-1422
-1679
-1933
-1949
-1907
-2111
-2268
-2314
-2174
-2072
-2169
-2280
-2183
-2031
-1641
-1399
-1564
-1586
-1609
-1067
-385
-192
-345
-666
-538
178
774
882
652
380
548
867
1214
1491
1317
851
678
916
1312
1309
833
487
380
407
438
255
35
-204
-535
-658
-729
-723
-799
-1156
-1461
-1585
-1543
-1484
-1642
-1805
-1902
-2057
-2047
-1972
-1856
-1800
-1954
-2031
-1874
-1643
-1415
-1381
-1403
-1271
-1110
-760
-451
-188
28
-15
-23
374
1021
1637
1707
1331
1295
1745
2511
2964
2926
2699
2570
2712
3100
3502
3624
3338
2789
2599
2952
3299
3126
2479
1983
1984
2052
1907
1543
1173
890
532
289
222
56
-288
-763
-1086
-1108
-1141
-1367
-1676
-1888
-1914
-1972
-2165
-2288
-2262
-2229
-2212
-2232
-2210
-2038
-2143
-2027
-1743
-1453
-1212
-1294
-1289
-987
-508
-184
-49
-141
27
356
704
949
994
981
988
1107
1381
1562
1408
1206
1122
1254
1271
1122
919
713
514
370
300
198
-125
-534
-722
-739
-789
-1036
-1385
-1635
-1641
-1673
-1764
-1935
-2156
-2164
-2190
-2185
-2096
-2176
-2226
-2255
-2166
-1864
-1765
-1769
-1741
-1563
-1282
-1109
-935
-680
-316
2
89
69
347
931
1520
1797
1647
1542
1763
2330
2960
3211
3038
2736
2684
3102
3624
3780
3528
2973
2668
2912
3274
3256
2697
2000
1777
1890
1954
1703
1142
673
347
232
232
29
-385
-853
-1176
-1207
-1195
-1418
-1731
-1986
-2009
-1977
-2126
-2272
-2276
-2178
-2137
-2245
-2227
-2141
-1854
-1570
-1680
-1626
-1572
-1222
-675
-414
-395
-501
-368
118
652
846
829
747
848
1085
1381
1713
1670
1292
1112
1302
1632
1650
1257
860
729
769
742
530
223
-37
-322
-532
-710
-789
-861
-1173
-1549
-1821
-1860
-1810
-1886
-2081
-2290
-2458
-2485
-2410
-2285
-2258
-2410
-2551
-2462
-2155
-1867
-1801
-1893
-1825
-1614
-1292
-960
-718
-428
-160
-101
-47
272
906
1600
1808
1565
1443
1816
2532
3139
3278
3068
2878
2903
3276
3790
4050
3800
3167
2820
3087
3560
3558
2931
2252
2017
2104
2119
1878
1436
944
521
301
310
254
-159
-771
-1183
-1164
-1092
-1351
-1783
-2075
-2053
-1986
-2166
-2391
-2442
-2334
-2263
-2291
-2366
-2209
-1896
-1920
-1900
-1800
-1444
-1056
-955
-909
-707
-393
-109
197
329
509
628
811
1047
1222
1379
1415
1344
1354
1531
1641
1527
1291
1168
1173
1093
918
704
405
221
80
-34
-340
-750
-975
-1024
-1099
-1368
-1703
-1964
-2047
-2094
-2126
-2230
-2449
-2596
-2623
-2540
-2367
-2456
-2560
-2544
-2405
-2089
-2024
-1978
-1911
-1651
-1429
-1307
-1052
-693
-175
37
-74
-26
534
1301
1834
1797
1599
1669
2147
2857
3334
3445
3113
2878
3072
3649
4179
4145
3575
3035
3026
3502
3760
3403
2731
2242
2201
2258
2160
1805
1329
871
563
448
374
78
-384
-806
-1014
-1073
-1282
-1567
-1790
-1893
-1967
-2158
-2400
-2424
-2359
-2237
-2293
-2390
-2367
-2306
-2055
-1874
-1699
-1557
-1530
-1402
-1082
-748
-374
-245
-203
-65
188
618
938
1038
964
951
1159
1540
1641
1523
1342
1286
1401
1448
1352
1159
912
719
630
468
279
63
-230
-502
-748
-895
-983
-1249
-1548
-1796
-1939
-2007
-2154
-2269
-2378
-2533
-2648
-2694
-2612
-2512
-2524
-2600
-2592
-2456
-2228
-2090
-2008
-1807
-1643
-1485
-1315
-1043
-516
-136
-41
-87
38
627
1312
1804
1803
1623
1687
2184
2905
3372
3402
3120
2987
3172
3711
4133
4070
3596
3128
3119
3485
3672
3373
2763
2265
2201
2277
2173
1798
1294
888
630
466
330
52
-364
-780
-1017
-1116
-1250
-1456
-1710
-1881
-2020
-2163
-2238
-2243
-2208
-2269
-2346
-2362
-2271
-2099
-1970
-1886
-1752
-1635
-1352
-805
-864
-933
-911
-432
485
718
429
13
185
876
1614
1681
1313
941
923
1300
1681
1901
1604
830
415
794
1329
1280
441
-259
-292
-4
59
-267
-802
-1192
-1372
-1268
-1174
-1473
-1879
-2204
-2197
-2044
-2063
-2299
-2538
-2566
-2380
-2268
-2342
-2426
-2424
-2177
-1957
-1888
-1828
-1728
-1547
-1234
-928
-630
-381
-231
-134
51
552
1168
1578
1542
1341
1498
2149
2796
3089
2900
2692
2783
3094
3601
3797
3657
3227
2914
3063
3473
3553
3043
2409
2130
2289
2345
2021
1506
1102
881
723
527
322
-43
-467
-782
-923
-967
-1172
-1518
-1786
-1832
-1866
-2014
-2242
-2249
-2125
-2084
-2219
-2312
-2177
-1987
-1835
-1813
-1668
-1512
-1337
-1162
-974
-698
-460
-279
-169
27
327
573
719
783
883
1103
1235
1330
1375
1389
1364
1348
1385
1364
1231
1046
973
875
687
464
291
167
-55
-355
-563
-670
-801
-1043
-1325
-1508
-1630
-1725
-1877
-2019
-2102
-2232
-2335
-2382
-2298
-2236
-2311
-2386
-2362
-2158
-1957
-1916
-1865
-1732
-1514
-1317
-1214
-1052
-692
-237
-17
-33
-83
312
1001
1547
1665
1408
1373
1782
2431
2905
2959
2744
2612
2691
3090
3522
3663
3337
2769
2615
2960
3303
3100
2490
2028
1973
2032
1926
1616
1233
870
576
426
351
163
-207
-653
-932
-941
-950
-1163
-1530
-1824
-1843
-1811
-1884
-1993
-2073
-2040
-2084
-2133
-2032
-1935
-1792
-1745
-1627
-1237
-1225
-1171
-1177
-946
-314
39
109
-119
-143
185
849
1197
1199
946
775
973
1333
1760
1749
1310
920
945
1277
1542
1297
798
379
273
449
528
247
-295
-793
-854
-662
-698
-1021
-1543
-1821
-1797
-1705
-1754
-1982
-2259
-2399
-2390
-2261
-2183
-2302
-2388
-2377
-2251
-2047
-2000
-1934
-1756
-1537
-1361
-1376
-1217
-771
-260
-79
-247
-250
285
992
1434
1461
1277
1350
1755
2394
2842
2913
2726
2567
2719
3150
3597
3652
3264
2773
2737
3130
3289
3002
2461
2131
2081
2006
1829
1546
1228
926
612
370
214
-2
-310
-660
-944
-1055
-1175
-1396
-1606
-1775
-1869
-1984
-2116
-2131
-2130
-2094
-2178
-2199
-2027
-1938
-1765
-1845
-1635
-1329
-1174
-964
-968
-736
-426
-100
95
240
324
523
789
1035
1245
1251
1279
1329
1469
1613
1618
1495
1445
1394
1335
1282
1123
955
752
532
443
289
52
-250
-517
-588
-730
-983
-1244
-1499
-1628
-1711
-1902
-2048
-2199
-2310
-2336
-2438
-2423
-2401
-2465
-2446
-2390
-2231
-2118
-2167
-2103
-1837
-1518
-1367
-1400
-1304
-858
-314
10
-57
-194
175
821
1485
1656
1438
1328
1588
2278
2829
3019
2787
2507
2541
2990
3502
3643
3286
2688
2558
2914
3244
3061
2467
2015
1899
1941
1864
1554
1177
840
555
387
248
-14
-333
-649
-844
-930
-1110
-1398
-1680
-1754
-1739
-1832
-2042
-2157
-2076
-1980
-2060
-2040
-2001
-1605
-1514
-1825
-1635
-1389
-813
-550
-731
-806
-517
-8
479
584
450
500
679
1123
1384
1453
1437
1230
1138
1502
1808
1726
1316
955
1063
1279
1208
866
413
197
181
136
50
-376
-793
-924
-1030
-1081
-1276
-1637
-1870
-2089
-2097
-2054
-2195
-2367
-2613
-2639
-2467
-2342
-2372
-2441
-2495
-2346
-2130
-2017
-1873
-1749
-1538
-1416
-1313
-975
-447
-60
-14
-227
53
739
1368
1651
1416
1387
1597
2112
2697
2930
2873
2683
2605
2859
3316
3571
3421
2956
2659
2793
3090
3058
2668
2228
2021
1935
1804
1607
1302
987
703
413
207
9
-263
-512
-775
-950
-1141
-1314
-1502
-1675
-1688
-1764
-1956
-2067
-2036
-1919
-1927
-2000
-2053
-1766
-1516
-1646
-1591
-1505
-1069
-712
-650
-653
-572
-269
166
464
508
526
555
885
1155
1337
1377
1289
1214
1342
1570
1614
1470
1196
1073
1099
1125
1022
720
399
220
156
125
-172
-544
-785
-900
-963
-1141
-1425
-1628
-1783
-1926
-1973
-2075
-2138
-2297
-2484
-2438
-2337
-2315
-2352
-2460
-2370
-2181
-2109
-1966
-1789
-1595
-1497
-1516
-1314
-697
-229
-145
-411
-375
357
1130
1508
1293
1057
1265
1835
2455
2855
2802
2513
2353
2561
3234
3695
3531
2920
2480
2740
3213
3279
2825
2219
1998
2016
2005
1869
1560
1163
759
520
465
374
52
-395
-725
-865
-955
-1149
-1398
-1592
-1740
-1806
-1947
-2010
-2001
-2009
-2024
-2051
-1952
-1840
-1718
-1780
-1610
-1388
-1153
-933
-870
-731
-552
-219
75
326
404
467
600
865
1190
1347
1304
1186
1276
1496
1626
1512
1330
1277
1235
1183
1117
993
809
508
300
240
190
-70
-453
-729
-845
-934
-1128
-1399
-1652
-1802
-1978
-2090
-2117
-2170
-2346
-2599
-2637
-2454
-2315
-2393
-2527
-2464
-2302
-2126
-2018
-1832
-1618
-1545
-1501
-1253
-640
-213
-169
-412
-286
444
1201
1538
1309
1136
1379
1983
2586
2861
2802
2614
2548
2781
3298
3674
3512
2978
2630
2859
3261
3283
2811
2275
2115
2111
2028
1800
1481
1136
789
485
347
249
-55
-526
-898
-932
-910
-1179
-1582
-1794
-1790
-1774
-2013
-2230
-2159
-2069
-2065
-2140
-2167
-1999
-1915
-1807
-1666
-1405
-944
-988
-1062
-1018
-580
115
422
393
195
239
583
1188
1568
1598
1299
1071
1234
1649
2006
1948
1426
1018
1060
1340
1501
1203
647
255
210
317
303
-86
-556
-908
-968
-940
-1091
-1352
-1695
-1927
-2013
-2018
-2078
-2227
-2430
-2507
-2489
-2444
-2428
-2488
-2433
-2270
-2137
-2062
-2007
-1897
-1661
-1460
-1211
-847
-583
-432
-522
-326
309
943
1297
1091
922
1197
1857
2426
2630
2582
2446
2452
2681
3126
3507
3430
2970
2598
2754
3232
3305
2884
2311
2035
2118
2141
1916
1561
1137
794
589
502
398
63
-433
-818
-893
-869
-1034
-1443
-1750
-1784
-1766
-1870
-2057
-2163
-2074
-2031
-2081
-1972
-2039
-1794
-1790
-1724
-1441
-1390
-1037
-963
-793
-627
-337
-108
120
257
407
701
875
1086
1129
1240
1422
1560
1574
1569
1507
1587
1604
1492
1360
1260
1167
1051
835
652
571
348
101
-227
-375
-429
-653
-981
-1266
-1414
-1471
-1626
-1766
-1931
-2164
-2267
-2372
-2289
-2216
-2336
-2462
-2535
-2411
-2197
-2120
-2113
-2012
-1865
-1734
-1636
-1436
-853
-571
-531
-626
-591
151
779
1164
1133
882
1002
1511
2158
2650
2674
2382
2224
2379
2977
3476
3409
2935
2505
2551
3011
3214
2928
2420
2016
1963
2015
1939
1733
1304
865
553
430
491
269
-185
-617
-850
-856
-974
-1276
-1551
-1676
-1744
-1838
-2019
-2072
-2091
-2112
-2158
-2025
-1843
-1864
-1893
-1952
-1524
-1177
-985
-1006
-1018
-708
-327
86
231
258
275
561
953
1269
1335
1238
1190
1388
1662
1814
1697
1460
1412
1455
1510
1449
1279
1006
775
631
661
542
195
-199
-432
-473
-563
-790
-1125
-1438
-1610
-1676
-1732
-1827
-2095
-2316
-2477
-2468
-2324
-2305
-2443
-2577
-2546
-2357
-2159
-2115
-2007
-1888
-1783
-1689
-1485
-925
-532
-444
-611
-612
47
799
1226
1130
858
1015
1575
2155
2602
2637
2461
2325
2367
2904
3461
3490
2986
2508
2571
3070
3259
2940
2435
2072
1984
1953
1904
1766
1349
839
477
379
453
225
-290
-738
-905
-897
-1052
-1409
-1618
-1675
-1719
-1848
-2088
-2102
-2036
-2024
-2036
-1950
-1942
-1870
-1823
-1762
-1349
-1188
-1039
-1050
-952
-580
-223
51
161
218
323
655
984
1285
1316
1199
1237
1469
1762
1830
1659
1493
1453
1557
1605
1485
1267
986
804
706
667
530
208
-194
-459
-535
-566
-758
-1127
-1479
-1662
-1712
-1756
-1859
-2097
-2339
-2490
-2454
-2312
-2311
-2475
-2638
-2599
-2366
-2149
-2088
-2086
-1986
-1838
-1652
-1452
-1045
-677
-524
-530
-585
-80
580
1110
1212
979
1007
1412
2012
2476
2643
2539
2423
2364
2681
3229
3492
3205
2674
2484
2800
3150
3035
2572
2124
1956
1975
1925
1753
1400
951
615
423
417
273
-142
-578
-846
-923
-1034
-1318
-1556
-1647
-1767
-1879
-2080
-2140
-2086
-2093
-2089
-2091
-2012
-1980
-1937
-1777
-1502
-1252
-1159
-1174
-1015
-648
-270
7
95
134
296
577
949
1242
1312
1269
1228
1411
1752
1912
1804
1583
1482
1608
1661
1559
1414
1198
994
826
717
664
436
27
-292
-437
-440
-593
-946
-1309
-1567
-1669
-1725
-1842
-1959
-2199
-2453
-2510
-2453
-2310
-2396
-2563
-2612
-2471
-2247
-2164
-2132
-2009
-1808
-1651
-1526
-1394
-916
-532
-319
-336
-395
79
701
1278
1420
1197
1118
1502
2142
2702
2807
2566
2374
2424
2923
3445
3548
3106
2576
2497
2898
3214
2964
2367
1888
1796
1908
1827
1504
1057
682
459
256
102
-144
-472
-752
-990
-1142
-1297
-1583
-1750
-1814
-1870
-1988
-2285
-2335
-2224
-2062
-1987
-2081
-2244
-2131
-1942
-1387
-923
-1343
-1534
-1571
-721
232
303
-111
-470
-170
697
1468
1486
1216
780
959
1535
2120
2374
1884
1182
1176
1821
2316
2051
1257
940
1022
1145
1111
856
487
73
-313
-244
-171
-421
-864
-1358
-1444
-1416
-1538
-1771
-1994
-2116
-2198
-2421
-2494
-2382
-2312
-2339
-2596
-2586
-2373
-2199
-2129
-2140
-1955
-1738
-1631
-1504
-1301
-855
-445
-271
-198
-242
98
705
1352
1598
1358
1154
1476
2170
2746
2906
2614
2428
2452
2864
3400
3615
3240
2675
2417
2748
3225
3049
2446
1824
1660
1832
1799
1469
1012
605
378
134
-8
-111
-392
-838
-1246
-1357
-1364
-1495
-1792
-1999
-2068
-2165
-2319
-2384
-2216
-2082
-2195
-2338
-2363
-2105
-1809
-1681
-1430
-1275
-1262
-1271
-1087
-490
61
299
170
38
314
829
1381
1554
1455
1318
1342
1646
1975
2205
2048
1665
1496
1671
1932
1881
1536
1155
930
909
919
782
418
-37
-331
-403
-447
-670
-1025
-1343
-1534
-1661
-1741
-1879
-2071
-2252
-2399
-2466
-2484
-2461
-2507
-2522
-2501
-2453
-2362
-2344
-2230
-1964
-1661
-1549
-1628
-1603
-1167
-429
-23
-27
-313
-239
468
1284
1768
1638
1284
1324
1903
2597
3064
2985
2669
2485
2615
3182
3669
3597
3007
2453
2497
2970
3150
2776
2133
1730
1677
1678
1559
1298
840
365
10
-118
-74
-286
-813
-1320
-1488
-1378
-1426
-1750
-2084
-2239
-2251
-2294
-2320
-2279
-2299
-2362
-2447
-2283
-1970
-1843
-1714
-1785
-1601
-1257
-1002
-685
-558
-402
-155
110
407
749
889
1029
1133
1320
1618
1734
1807
1813
1800
1843
1852
1908
1890
1689
1528
1412
1352
1240
1007
695
526
360
160
-82
-417
-604
-803
-998
-1199
-1448
-1690
-1899
-1994
-2028
-2137
-2356
-2530
-2564
-2477
-2394
-2415
-2488
-2508
-2426
-2238
-2045
-1900
-1752
-1612
-1514
-1322
-1115
-734
-171
106
250
42
131
820
1624
2106
1850
1470
1543
2246
2938
3275
3106
2765
2628
2772
3265
3692
3573
2909
2313
2349
2895
2989
2484
1814
1448
1475
1447
1217
906
507
130
-206
-366
-382
-637
-1054
-1428
-1537
-1495
-1647
-2005
-2166
-2133
-2093
-2145
-2368
-2399
-2286
-2152
-2020
-2027
-1986
-1878
-1578
-1281
-1109
-1072
-1058
-731
-287
76
162
132
213
558
998
1324
1376
1245
1167
1314
1750
2029
1904
1499
1293
1490
1727
1682
1378
1069
880
733
685
590
431
66
-310
-484
-584
-671
-908
-1173
-1400
-1569
-1737
-1845
-1906
-1997
-2158
-2362
-2403
-2310
-2231
-2205
-2311
-2333
-2243
-2078
-1839
-1717
-1650
-1628
-1449
-1143
-852
-700
-630
-178
280
582
421
229
776
1599
2204
2066
1590
1512
2103
2740
3146
3077
2728
2484
2420
2928
3476
3520
2804
2033
2020
2629
2940
2462
1664
1239
1302
1393
1235
915
534
153
-166
-341
-301
-429
-829
-1282
-1427
-1370
-1446
-1696
-1906
-1875
-1868
-2007
-2168
-2109
-1930
-1806
-1843
-1884
-1784
-1648
-1430
-1202
-1017
-994
-981
-818
22
373
-55
-377
-277
866
1636
1410
684
314
719
1643
2150
1937
1284
663
767
1322
1973
1946
947
-88
33
878
1295
602
-358
-703
-552
-393
-400
-629
-1111
-1579
-1765
-1408
-1309
-1621
-2009
-2237
-2141
-1996
-2023
-2091
-2155
-2131
-2022
-2066
-1983
-1816
-1615
-1484
-1482
-1418
-1168
-924
-745
-498
-353
5
267
532
620
524
876
1462
2061
2095
1685
1552
2024
2658
2989
2889
2666
2474
2516
2835
3196
3263
2724
2162
2068
2489
2697
2265
1566
1210
1338
1454
1152
687
358
166
8
-170
-290
-571
-932
-1216
-1258
-1169
-1295
-1668
-1931
-1846
-1669
-1715
-1937
-2044
-1869
-1676
-1670
-1760
-1711
-1466
-1278
-1096
-1072
-995
-873
-663
-329
-102
33
-13
61
350
743
892
875
801
874
1065
1209
1312
1243
1133
1003
1021
1109
1092
928
669
496
454
396
254
17
-207
-389
-536
-657
-823
-1012
-1198
-1351
-1448
-1559
-1701
-1814
-1875
-1931
-2005
-2004
-1997
-1936
-1955
-1973
-1909
-1776
-1578
-1489
-1415
-1321
-1177
-1045
-841
-531
-291
-173
-255
-7
593
1061
1088
637
734
1489
2301
2428
1904
1552
1822
2477
2972
3058
2785
2410
2126
2411
3020
3324
2804
1908
1582
2017
2544
2345
1585
989
872
1006
1008
754
415
28
-322
-514
-488
-445
-732
-1169
-1427
-1404
-1312
-1477
-1690
-1740
-1665
-1674
-1814
-1812
-1650
-1473
-1521
-1598
-1551
-1305
-1053
-970
-717
-811
-779
-657
-427
176
320
189
5
68
543
1000
1037
856
579
602
892
1182
1337
1107
628
427
689
962
951
481
122
68
26
-23
-82
-267
-524
-874
-1006
-900
-977
-1135
-1396
-1564
-1586
-1650
-1733
-1764
-1772
-1760
-1794
-1897
-1897
-1797
-1632
-1478
-1461
-1428
-1372
-1239
-980
-801
-680
-596
-398
-134
18
10
288
806
1180
1036
622
897
1621
2306
2293
1789
1487
1788
2418
2841
2892
2534
2191
2004
2297
2892
3101
2527
1646
1390
1976
2502
2138
1269
727
844
1131
1026
624
225
-108
-262
-322
-285
-364
-766
-1191
-1324
-1138
-1004
-1223
-1563
-1656
-1531
-1409
-1556
-1621
-1504
-1380
-1381
-1514
-1431
-1232
-970
-873
-877
-795
-801
-637
-331
-68
25
-141
-137
142
480
633
571
520
529
614
699
901
968
779
530
389
582
798
671
345
91
32
89
-13
-152
-276
-455
-647
-859
-894
-838
-949
-1189
-1458
-1472
-1364
-1413
-1538
-1605
-1579
-1578
-1634
-1613
-1429
-1333
-1402
-1423
-1285
-1031
-889
-909
-857
-705
-453
-198
-59
6
-21
107
592
1025
1221
867
601
1011
1814
2401
2124
1532
1316
1867
2572
2901
2650
2186
1935
1991
2461
2898
2787
2088
1469
1532
2074
2229
1714
1021
777
915
942
669
338
80
-140
-334
-472
-502
-675
-969
-1224
-1247
-1171
-1265
-1551
-1727
-1599
-1462
-1482
-1659
-1692
-1573
-1478
-1445
-1385
-1251
-1143
-1088
-1076
-941
-751
-627
-476
-399
70
200
-110
-152
-20
722
1140
922
440
197
447
1016
1428
1249
753
248
293
738
1146
1068
369
-338
-286
196
420
59
-630
-966
-953
-820
-659
-822
-1258
-1662
-1695
-1316
-1223
-1506
-1753
-1770
-1631
-1569
-1609
-1528
-1396
-1398
-1395
-1353
-1149
-891
-841
-767
-706
-554
-328
-178
83
214
167
375
766
1227
1234
802
890
1501
2308
2353
1750
1397
1793
2523
2847
2722
2373
2154
2060
2256
2674
2883
2424
1642
1292
1749
2195
1897
1177
707
766
850
644
313
129
-54
-346
-606
-654
-593
-787
-1165
-1366
-1265
-1131
-1363
-1658
-1596
-1412
-1410
-1662
-1735
-1500
-1316
-1369
-1475
-1401
-1147
-951
-1049
-963
-865
-663
-420
-403
-324
-225
-33
159
278
324
394
489
664
728
683
663
697
818
868
689
514
517
583
564
374
190
74
-10
-141
-201
-320
-493
-745
-889
-819
-820
-998
-1262
-1399
-1352
-1258
-1324
-1404
-1522
-1567
-1460
-1434
-1306
-1247
-1296
-1272
-1230
-970
-734
-727
-773
-752
-494
-202
-44
77
100
95
228
730
1094
1275
958
619
1082
1811
2409
2114
1468
1269
1828
2556
2809
2502
2053
1857
1933
2335
2660
2583
1933
1276
1218
1815
2092
1604
821
399
579
776
647
321
-46
-352
-489
-523
-401
-475
-831
-1228
-1313
-1046
-911
-1162
-1479
-1508
-1346
-1280
-1420
-1421
-1329
-1278
-1346
-1332
-1151
-1013
-1126
-1125
-970
-561
-256
-704
-872
-744
-103
512
387
-153
-446
-96
615
1114
820
281
-41
262
769
1058
915
381
-118
-23
523
783
466
-231
-547
-375
-50
49
-259
-793
-1103
-970
-598
-599
-1063
-1378
-1334
-1173
-1069
-1167
-1267
-1290
-1371
-1244
-1109
-1025
-1055
-1138
-986
-773
-633
-651
-719
-593
-291
-116
-114
-83
112
306
355
589
925
1223
950
608
989
1804
2339
1915
1315
1279
1944
2521
2572
2261
1991
1890
1875
2139
2521
2534
1880
1147
1120
1848
2151
1562
708
445
759
935
676
279
-16
-251
-378
-406
-276
-394
-857
-1252
-1210
-871
-798
-1221
-1583
-1514
-1272
-1210
-1437
-1536
-1457
-1432
-1406
-1336
-1226
-1155
-1318
-1136
-875
-746
-762
-918
-702
-396
-164
-131
-153
-201
-24
221
407
502
336
216
279
543
789
668
269
123
284
553
515
212
24
-86
-131
-110
-98
-174
-459
-773
-737
-536
-564
-862
-1116
-1056
-914
-980
-1142
-1250
-1167
-1081
-1142
-1175
-1107
-1032
-1048
-1040
-906
-647
-674
-796
-683
-355
-67
-197
-299
-70
328
482
349
560
959
1207
1014
750
1105
1765
2179
1896
1439
1395
1869
2369
2479
2283
2062
1932
1838
2023
2449
2567
1983
1259
1192
1804
2104
1622
853
606
844
961
718
330
103
-21
-174
-337
-321
-366
-596
-1002
-1142
-932
-877
-1072
-1430
-1464
-1244
-1254
-1464
-1630
-1518
-1290
-1281
-1425
-1505
-1399
-1179
-1044
-1049
-1121
-1072
-983
-460
-245
-606
-822
-885
-239
394
444
0
-476
-520
77
770
865
375
-319
-414
38
657
901
322
-553
-697
-112
463
312
-328
-746
-773
-551
-188
-127
-527
-1062
-1193
-649
-347
-577
-956
-1119
-918
-723
-680
-704
-788
-827
-755
-682
-523
-404
-441
-449
-449
-280
-95
-116
-32
189
394
224
165
636
1153
1191
558
407
1086
1872
1964
1426
1057
1274
1811
2119
2236
2082
1827
1548
1490
1989
2623
2400
1481
890
1280
2093
2053
1332
731
763
1066
1042
757
479
262
125
-19
-82
-3
-179
-593
-862
-751
-535
-662
-1112
-1334
-1163
-984
-1112
-1417
-1525
-1330
-1234
-1289
-1451
-1453
-1257
-1243
-1097
-1195
-1200
-1110
-1041
-847
-773
-697
-683
-634
-634
-410
-210
-111
-197
-338
-252
-8
163
102
-89
-186
24
164
148
-18
-102
-81
-93
-138
-90
-149
-276
-433
-493
-302
-323
-477
-668
-721
-541
-481
-585
-663
-712
-678
-696
-707
-582
-470
-504
-636
-678
-460
-184
-227
-339
-417
-246
-9
19
151
228
201
71
231
757
1194
1004
339
314
1070
1978
2025
1254
724
1059
1835
2329
2210
1832
1574
1445
1695
2205
2553
2132
1308
999
1591
2193
1926
1169
708
963
1250
1064
659
361
336
282
57
15
-35
-275
-641
-799
-564
-440
-813
-1308
-1370
-1029
-875
-1211
-1558
-1532
-1312
-1236
-1382
-1507
-1364
-1356
-1277
-1283
-1289
-1114
-1108
-1063
-1053
-942
-756
-643
-716
-664
-522
-323
-276
-386
-320
-181
-11
16
-38
-159
-118
54
138
125
-19
-95
-60
-62
-20
-69
-126
-248
-403
-297
-233
-293
-479
-620
-515
-402
-475
-593
-652
-606
-579
-663
-644
-532
-431
-479
-655
-633
-359
-176
-239
-390
-405
-191
-38
50
177
210
170
115
445
950
1089
637
228
647
1574
2091
1595
855
831
1542
2234
2315
1950
1653
1494
1600
2011
2496
2450
1662
1035
1245
2033
2274
1640
888
738
1045
1253
1049
645
371
209
148
122
111
-14
-378
-779
-790
-519
-504
-901
-1316
-1290
-1038
-1062
-1353
-1526
-1460
-1331
-1417
-1529
-1541
-1460
-1409
-1421
-1446
-1418
-1301
-1149
-688
-911
-1259
-1300
-999
-168
39
-345
-831
-937
-531
207
523
305
-279
-586
-359
188
790
720
-107
-785
-404
372
622
83
-465
-530
-395
-230
2
-19
-443
-954
-789
-178
-116
-475
-886
-835
-527
-403
-489
-657
-668
-583
-560
-556
-437
-351
-355
-435
-446
-181
-67
-133
-98
46
194
282
405
697
766
471
488
947
1716
1780
1179
842
1173
1993
2329
2167
1861
1738
1778
1923
2320
2648
2395
1649
1224
1677
2294
2252
1516
940
1004
1205
1207
943
690
409
92
-84
-46
56
-134
-634
-955
-930
-789
-906
-1224
-1316
-1320
-1396
-1589
-1700
-1533
-1479
-1625
-1779
-1724
-1495
-1538
-1596
-1554
-1424
-1277
-1196
-1222
-1129
-1001
-941
-668
-526
-453
-492
-483
-247
72
200
99
-23
104
385
410
334
324
364
395
354
384
429
248
68
25
210
214
-90
-309
-250
-120
-196
-392
-599
-582
-551
-578
-640
-762
-790
-811
-815
-728
-716
-700
-769
-901
-709
-526
-511
-598
-671
-544
-399
-285
-144
-13
-115
-88
241
621
863
493
314
675
1340
1849
1571
1097
969
1499
2173
2443
2278
1916
1678
1742
2200
2753
2755
1997
1241
1348
2133
2455
1918
1108
793
1033
1257
1146
856
458
77
-124
-66
132
8
-496
-996
-1057
-807
-726
-1050
-1376
-1451
-1459
-1495
-1649
-1604
-1564
-1677
-1843
-1774
-1499
-1589
-1676
-1807
-1489
-1168
-1242
-1287
-1318
-1058
-842
-597
-470
-427
-459
-405
-191
127
376
311
91
56
398
704
633
417
392
515
534
422
463
432
310
112
135
202
43
-154
-270
-179
-199
-429
-638
-602
-514
-579
-812
-949
-873
-791
-846
-1019
-1021
-904
-854
-914
-935
-796
-755
-775
-778
-615
-411
-353
-420
-377
-167
194
463
475
428
284
562
1066
1560
1684
1349
1050
1257
1867
2383
2446
2164
1968
1811
2031
2482
2865
2630
1905
1458
1761
2375
2373
1768
1166
1035
1216
1267
1053
791
447
147
-95
-81
49
-166
-680
-1081
-1067
-878
-991
-1396
-1595
-1566
-1546
-1702
-1844
-1780
-1741
-1853
-1987
-1836
-1601
-1694
-1793
-1829
-1442
-1116
-1211
-1296
-1283
-956
-671
-470
-409
-330
-317
-200
61
363
567
380
231
340
708
953
802
569
536
674
775
742
674
488
249
147
323
411
168
-211
-416
-257
-116
-330
-642
-786
-768
-706
-861
-940
-970
-1057
-1136
-1166
-1028
-990
-1119
-1203
-1095
-912
-848
-931
-980
-814
-579
-419
-400
-499
-343
94
450
641
409
198
542
1182
1766
1703
1261
1081
1467
2071
2477
2498
2218
1939
1840
2212
2755
2937
2445
1753
1575
2052
2415
2121
1540
1201
1226
1240
1052
847
710
488
148
-109
-128
-136
-361
-719
-932
-932
-995
-1276
-1490
-1471
-1392
-1536
-1846
-1904
-1753
-1666
-1781
-1950
-1738
-1594
-1654
-1744
-1719
-1268
-1053
-1159
-1289
-1195
-816
-456
-340
-380
-364
-271
-31
223
444
514
323
219
444
743
860
667
438
512
592
611
633
532
385
120
45
224
204
-2
-296
-437
-364
-359
-479
-663
-791
-853
-891
-955
-955
-984
-1072
-1121
-1198
-1062
-1021
-1039
-1020
-1021
-876
-873
-857
-753
-605
-410
-286
-302
-282
-13
347
665
665
344
408
904
1610
1880
1502
1129
1245
1894
2448
2551
2266
2055
1887
2066
2561
2930
2785
1989
1520
1843
2460
2467
1774
1155
1078
1303
1328
986
623
388
224
47
-78
-152
-340
-668
-972
-970
-911
-1120
-1555
-1739
-1515
-1349
-1611
-1953
-2009
-1709
-1641
-1762
-1987
-1758
-1382
-1691
-1694
-1738
-1244
-881
-989
-1162
-1122
-784
-452
-196
-251
-140
-182
-1
186
475
697
545
230
370
790
925
728
387
480
627
638
550
357
162
110
73
180
0
-334
-471
-510
-404
-452
-676
-910
-1035
-997
-863
-953
-1066
-1203
-1268
-1147
-1082
-1022
-1063
-1176
-1109
-936
-816
-775
-821
-742
-524
-354
-227
-187
-81
229
484
672
570
571
882
1388
1831
1657
1340
1323
1810
2361
2588
2423
2153
2056
2105
2506
2891
2822
2278
1727
1787
2238
2450
2060
1384
1066
1175
1296
1125
764
416
267
101
-86
-187
-335
-560
-881
-1011
-942
-1028
-1369
-1618
-1595
-1447
-1537
-1851
-1986
-1888
-1684
-1632
-1678
-1885
-1863
-1658
-1408
-1176
-1292
-1357
-1348
-1063
-714
-508
-511
-615
-513
-247
67
253
295
208
146
295
592
756
668
453
442
538
655
633
540
409
268
195
168
224
105
-118
-364
-440
-367
-424
-654
-826
-914
-932
-1003
-1119
-1124
-1162
-1188
-1232
-1248
-1221
-1208
-1169
-1120
-1003
-937
-903
-865
-815
-626
-492
-279
-150
-168
-5
277
683
809
570
608
1046
1693
1949
1654
1359
1512
2096
2585
2649
2396
2242
2197
2307
2601
2928
2845
2274
1741
1842
2351
2447
1947
1288
1068
1186
1217
1017
686
368
87
-139
-172
-135
-311
-794
-1164
-1166
-984
-1051
-1465
-1705
-1708
-1608
-1682
-1833
-1826
-1818
-1818
-1807
-1747
-1735
-1741
-1746
-1467
-1155
-1195
-1345
-1435
-1026
-495
-309
-496
-705
-534
-83
305
401
316
120
101
352
740
953
722
324
223
495
780
791
500
217
85
78
221
240
67
-238
-545
-580
-471
-379
-525
-877
-1079
-1100
-987
-963
-1065
-1179
-1249
-1271
-1212
-1148
-1132
-1136
-1068
-992
-920
-849
-798
-649
-551
-353
-268
-244
-36
276
619
727
503
532
952
1563
1928
1687
1346
1369
1914
2444
2655
2448
2195
2070
2195
2649
2921
2771
2208
1785
1934
2338
2332
1878
1329
1148
1249
1211
1006
683
374
179
-12
-130
-190
-436
-733
-1035
-1098
-999
-1151
-1449
-1655
-1625
-1531
-1633
-1859
-1900
-1799
-1703
-1706
-1792
-1794
-1709
-1695
-1505
-1397
-878
-702
-1332
-1410
-1242
-169
572
167
-588
-918
-353
726
1336
869
213
-195
270
967
1381
1325
587
-150
30
803
1251
835
-109
-469
-209
196
347
-49
-632
-928
-911
-518
-502
-830
-1103
-1434
-1389
-1105
-1014
-1166
-1530
-1631
-1276
-1112
-1179
-1317
-1335
-1094
-925
-890
-839
-871
-716
-364
-262
-188
-21
208
493
402
421
875
1326
1619
1419
1246
1500
1993
2351
2370
2246
2284
2440
2446
2495
2699
2872
2665
2173
2036
2302
2462
2157
1617
1397
1394
1302
1023
812
625
377
75
-154
-231
-391
-621
-904
-1060
-1099
-1242
-1494
-1630
-1575
-1547
-1690
-1941
-1955
-1757
-1688
-1675
-1784
-1767
-1643
-1603
-1366
-1153
-1092
-1106
-1139
-946
-482
-276
-322
-353
-244
87
305
398
479
517
554
610
759
947
882
710
695
773
799
714
544
484
400
229
182
132
50
-170
-447
-545
-543
-555
-736
-1057
-1225
-1183
-1149
-1198
-1371
-1512
-1501
-1536
-1479
-1349
-1307
-1344
-1422
-1392
-1178
-957
-848
-862
-881
-783
-485
-265
-130
58
193
434
382
425
818
1303
1660
1525
1299
1345
1815
2341
2570
2408
2172
2146
2305
2591
2870
2888
2466
1989
1920
2314
2529
2178
1574
1189
1199
1285
1108
781
395
144
35
-153
-258
-435
-720
-987
-1155
-1093
-1127
-1433
-1700
-1694
-1511
-1545
-1833
-1989
-1844
-1604
-1494
-1664
-1768
-1696
-1459
-1120
-1071
-1124
-1129
-987
-721
-417
-235
-128
-197
-182
112
460
759
688
499
503
777
1081
1086
856
699
763
884
822
666
555
475
345
190
119
60
-65
-302
-517
-587
-633
-732
-894
-1067
-1186
-1308
-1384
-1410
-1406
-1439
-1591
-1692
-1655
-1503
-1407
-1438
-1461
-1390
-1230
-1112
-1010
-913
-740
-586
-543
-451
-60
337
464
362
195
626
1254
1638
1636
1338
1253
1671
2296
2656
2554
2216
2153
2278
2622
2926
2964
2597
2111
1988
2320
2616
2282
1713
1295
1289
1444
1295
923
485
205
110
-43
-187
-364
-677
-989
-1175
-1177
-1149
-1364
-1694
-1816
-1768
-1687
-1793
-1932
-1910
-1808
-1789
-1795
-1766
-1639
-1530
-1507
-1347
-1079
-517
-854
-1228
-1111
-521
552
673
72
-591
-438
451
1527
1604
886
125
167
997
1656
1833
1231
333
76
796
1468
1414
523
-248
-211
254
610
420
-363
-987
-1038
-532
-189
-706
-1313
-1594
-1512
-1220
-1183
-1405
-1691
-1895
-1756
-1510
-1441
-1558
-1722
-1629
-1359
-1184
-1184
-1293
-1193
-741
-425
-427
-415
-273
133
277
357
718
1084
1316
1153
1139
1526
2022
2245
2180
2153
2331
2448
2497
2580
2780
2818
2503
2201
2266
2575
2470
2041
1623
1586
1627
1393
976
722
639
432
126
-118
-209
-412
-779
-1067
-1059
-1010
-1283
-1707
-1839
-1665
-1556
-1815
-2080
-2094
-1838
-1733
-1743
-1827
-1843
-1655
-1611
-1261
-1102
-1050
-1110
-1040
-689
-340
-121
-224
-161
39
337
524
644
715
778
827
1000
1173
1188
1097
978
1094
1196
1115
951
797
721
695
562
444
266
67
-118
-206
-258
-415
-650
-902
-992
-1029
-1086
-1303
-1510
-1569
-1566
-1507
-1625
-1788
-1776
-1738
-1580
-1500
-1515
-1465
-1485
-1339
-1124
-963
-904
-833
-686
-472
-77
107
254
154
170
750
1309
1599
1369
1086
1324
1947
2426
2507
2260
2143
2233
2429
2656
2866
2893
2449
2047
2063
2504
2630
2104
1503
1270
1448
1470
1103
736
455
243
54
-160
-264
-432
-751
-1086
-1206
-1152
-1279
-1594
-1871
-1791
-1621
-1731
-2019
-2168
-1977
-1784
-1587
-1793
-1924
-1835
-1644
-1131
-977
-1040
-1159
-1085
-660
-128
17
-47
-185
-45
416
741
924
851
696
699
997
1331
1443
1217
903
902
1123
1246
1169
850
641
519
483
483
302
139
-115
-362
-445
-485
-566
-757
-1094
-1222
-1237
-1280
-1367
-1585
-1657
-1680
-1713
-1705
-1713
-1742
-1712
-1706
-1637
-1457
-1408
-1354
-1300
-1176
-866
-722
-687
-475
-157
143
126
50
330
905
1426
1422
1169
1067
1455
2114
2509
2457
2168
2054
2198
2578
2947
3050
2663
2135
2023
2424
2823
2538
1846
1432
1479
1681
1565
1134
739
521
391
183
-16
-185
-433
-763
-1010
-1069
-1036
-1258
-1626
-1786
-1729
-1677
-1806
-2015
-1968
-1890
-1797
-1693
-1957
-1831
-1740
-1405
-1062
-1115
-1225
-1298
-941
-426
-18
-177
-293
-275
162
607
736
793
669
609
771
1183
1389
1235
845
759
1079
1283
1141
802
508
565
592
543
367
58
-86
-241
-324
-370
-539
-758
-983
-1091
-1026
-1185
-1409
-1549
-1576
-1453
-1554
-1730
-1795
-1768
-1658
-1580
-1595
-1563
-1510
-1519
-1376
-1229
-1039
-784
-839
-709
-403
-88
189
71
106
525
1141
1455
1266
1052
1239
1836
2334
2465
2305
2198
2230
2386
2712
3040
2977
2493
2076
2185
2695
2794
2264
1637
1438
1632
1735
1466
972
576
406
350
277
64
-289
-709
-961
-938
-862
-1023
-1474
-1810
-1773
-1601
-1638
-1867
-2039
-1990
-1868
-1768
-1860
-1907
-1801
-1606
-1311
-1244
-1272
-1255
-1085
-728
-342
-209
-230
-282
-131
266
628
785
668
537
618
975
1244
1233
991
852
969
1115
1129
969
809
690
587
475
406
377
176
-110
-308
-324
-311
-557
-799
-950
-986
-1053
-1303
-1406
-1404
-1395
-1478
-1719
-1765
-1673
-1539
-1540
-1630
-1624
-1592
-1488
-1411
-1192
-1102
-1101
-1019
-926
-454
-95
-24
-115
-223
207
862
1323
1261
920
850
1318
2034
2447
2331
1950
1867
2161
2643
2921
2904
2492
2094
2111
2505
2815
2477
1880
1539
1618
1826
1705
1315
937
641
556
503
344
83
-267
-579
-706
-714
-790
-1049
-1430
-1544
-1457
-1486
-1669
-1888
-1865
-1699
-1648
-1751
-1919
-1859
-1660
-1388
-1187
-1294
-1427
-1317
-1007
-544
-350
-417
-479
-425
-38
324
554
506
325
375
659
984
1054
874
666
671
885
1035
969
718
489
479
508
485
348
127
-63
-197
-217
-243
-402
-648
-871
-922
-906
-985
-1183
-1360
-1407
-1394
-1370
-1486
-1570
-1599
-1559
-1454
-1424
-1386
-1421
-1410
-1305
-1108
-944
-879
-870
-781
-327
45
59
-96
-60
482
1172
1378
1135
904
996
1580
2205
2414
2199
1859
1830
2201
2690
2975
2762
2193
1896
2162
2686
2745
2174
1581
1436
1605
1756
1564
1106
725
479
436
434
263
-4
-426
-708
-746
-749
-799
-1152
-1462
-1521
-1471
-1504
-1671
-1727
-1605
-1626
-1784
-1834
-1737
-1461
-1338
-1379
-1389
-1355
-1208
-887
-648
-512
-504
-533
-367
-72
235
379
295
228
390
614
798
804
737
684
666
763
921
864
657
496
464
564
435
238
145
22
-70
-207
-335
-400
-552
-664
-761
-859
-955
-1111
-1193
-1195
-1175
-1252
-1444
-1568
-1489
-1303
-1299
-1451
-1510
-1382
-1224
-1195
-1152
-1040
-941
-861
-761
-483
-42
27
-206
-226
211
947
1339
1084
722
794
1316
1975
2207
2085
1859
1789
2017
2396
2773
2824
2377
1905
1960
2432
2695
2372
1750
1427
1558
1707
1645
1276
871
618
500
530
384
106
-212
-562
-644
-590
-723
-981
-1340
-1445
-1314
-1372
-1586
-1782
-1716
-1494
-1544
-1820
-1836
-1672
-1344
-1162
-1346
-1424
-1331
-1045
-701
-597
-608
-567
-459
-243
-9
256
370
242
167
418
760
877
737
527
594
800
903
827
591
500
560
569
481
223
129
151
20
-112
-281
-375
-483
-621
-681
-771
-921
-1103
-1183
-1153
-1116
-1252
-1439
-1490
-1442
-1281
-1250
-1362
-1420
-1396
-1243
-1134
-1098
-1010
-967
-926
-759
-549
-92
95
-186
-277
22
779
1329
1164
704
650
1127
1846
2238
2119
1855
1665
1854
2312
2711
2810
2404
1841
1823
2320
2691
2437
1761
1390
1555
1755
1660
1293
913
696
540
527
449
171
-171
-507
-600
-497
-566
-890
-1257
-1365
-1236
-1249
-1479
-1619
-1643
-1442
-1591
-1749
-1650
-1582
-1349
-1398
-1385
-1358
-1241
-1094
-849
-686
-624
-557
-535
-282
-61
155
199
128
209
473
638
671
604
606
694
752
834
844
705
586
549
577
590
390
238
133
36
-6
-90
-260
-416
-547
-596
-697
-859
-973
-1095
-1153
-1199
-1237
-1333
-1459
-1521
-1413
-1336
-1372
-1461
-1492
-1322
-1229
-1146
-1112
-1084
-1050
-1010
-717
-382
40
-46
-465
-383
201
1092
1442
966
479
649
1354
2146
2319
2006
1666
1637
2061
2587
2878
2703
2211
1803
2032
2594
2733
2289
1635
1424
1655
1759
1614
1193
836
671
531
520
353
77
-211
-504
-582
-544
-690
-1000
-1296
-1381
-1260
-1323
-1553
-1640
-1659
-1626
-1628
-1681
-1557
-1527
-1508
-1399
-1301
-1156
-1077
-1028
-865
-674
-470
-333
-298
-157
19
220
345
413
456
517
613
750
886
825
737
735
825
849
731
664
623
532
400
245
180
162
-11
-214
-362
-463
-500
-631
-812
-960
-1050
-1135
-1257
-1299
-1339
-1405
-1553
-1619
-1550
-1487
-1471
-1587
-1533
-1413
-1293
-1292
-1261
-1142
-1018
-903
-904
-606
-337
84
50
-253
-91
365
1151
1464
1162
762
859
1397
2164
2441
2165
1817
1695
2062
2584
2913
2820
2284
1738
1909
2470
2742
2318
1526
1225
1467
1657
1527
1033
622
505
417
379
171
-104
-364
-656
-718
-612
-762
-1108
-1446
-1477
-1280
-1325
-1513
-1690
-1391
-1388
-1513
-1626
-1650
-1181
-1077
-1062
-1249
-1183
-996
-688
-415
-366
-288
-368
-223
30
406
595
404
246
379
676
906
792
667
617
640
730
782
713
535
439
397
414
210
77
-13
-112
-218
-405
-529
-642
-771
-886
-960
-1066
-1167
-1328
-1405
-1406
-1398
-1435
-1624
-1695
-1544
-1411
-1417
-1528
-1543
-1348
-1211
-1140
-1063
-906
-793
-808
-823
-530
-101
300
390
-48
-88
260
1079
1709
1577
1039
731
1162
1989
2621
2454
1999
1624
1759
2313
2836
2979
2501
1792
1615
2146
2629
2498
1737
1157
1211
1499
1564
1170
634
448
403
361
209
-56
-277
-564
-717
-667
-657
-895
-1293
-1412
-1220
-1073
-1273
-1481
-1564
-1509
-1286
-1256
-1215
-1288
-1366
-1250
-1025
-744
-624
-730
-789
-669
-306
8
18
-28
-73
51
263
527
613
446
315
360
643
796
639
485
382
430
479
453
389
167
8
-87
-86
-108
-265
-523
-626
-624
-695
-840
-1081
-1131
-1136
-1201
-1295
-1421
-1494
-1540
-1576
-1522
-1444
-1465
-1529
-1555
-1437
-1251
-1189
-1187
-1120
-958
-771
-742
-639
-533
-330
-56
329
727
413
149
220
1004
2001
2024
1351
732
1044
1995
2797
2709
2167
1732
1700
2160
2738
3128
2769
1762
1282
1849
2645
2702
1764
940
990
1407
1528
1182
630
395
253
128
93
-44
-203
-633
-945
-808
-594
-816
-1312
-1537
-1268
-955
-1149
-1413
-1573
-1484
-1249
-1129
-1018
-1098
-1274
-1234
-868
-480
-409
-645
-791
-535
-66
181
100
-93
-115
112
436
681
587
271
126
328
718
795
488
145
40
287
440
330
47
-232
-296
-268
-230
-305
-528
-817
-971
-901
-800
-924
-1225
-1451
-1441
-1330
-1296
-1383
-1572
-1698
-1647
-1455
-1315
-1339
-1463
-1456
-1281
-1110
-962
-922
-896
-759
-629
-446
-316
-246
-125
63
382
914
960
553
374
710
1767
2364
1988
1154
882
1519
2511
2939
2532
1969
1639
1862
2354
2918
3024
2272
1305
1251
2068
2637
2171
1105
610
932
1356
1275
756
245
98
31
37
-34
-215
-478
-916
-1028
-734
-686
-1052
-1470
-1414
-953
-1007
-1369
-1551
-1264
-948
-969
-1197
-1274
-1077
-829
-593
-597
-670
-755
-642
-356
-15
64
-119
-310
-148
280
460
311
101
120
198
325
377
370
201
12
57
213
238
11
-214
-226
-154
-197
-342
-554
-664
-667
-691
-777
-870
-949
-1068
-1165
-1182
-1147
-1139
-1299
-1450
-1443
-1331
-1185
-1215
-1273
-1274
-1216
-1123
-1001
-830
-758
-782
-805
-609
-326
-179
-148
-188
17
253
606
1017
784
524
479
1042
2025
2218
1631
978
1042
1871
2718
2704
2177
1751
1684
1967
2347
2740
2657
1799
1093
1351
2112
2430
1668
720
591
982
1244
974
402
110
43
29
-68
-194
-273
-531
-910
-936
-685
-705
-971
-1290
-1151
-941
-1044
-1163
-1198
-996
-893
-1022
-1069
-979
-803
-584
-563
-677
-651
-515
-305
-125
-125
-190
-208
-91
98
158
108
73
98
127
134
147
171
124
22
-30
-59
-28
-94
-222
-266
-316
-290
-443
-673
-680
-612
-582
-797
-1042
-1053
-982
-973
-1094
-1187
-1234
-1236
-1248
-1272
-1239
-1197
-1133
-1163
-1196
-1123
-962
-816
-760
-747
-680
-553
-413
-258
-179
-99
17
117
277
432
770
1126
933
630
658
1265
2035
2109
1505
994
1163
1895
2501
2388
1982
1622
1557
1750
2126
2539
2368
1544
907
1229
1943
2066
1332
535
465
845
1005
750
282
28
-39
-121
-143
-221
-292
-564
-865
-787
-635
-627
-929
-1187
-1038
-840
-860
-1007
-1054
-946
-806
-868
-922
-812
-659
-511
-555
-608
-557
-435
-246
-149
-159
-204
-234
-142
22
162
142
-38
-115
-35
158
238
80
-87
-163
-184
-142
-49
-92
-283
-456
-486
-397
-436
-566
-627
-655
-725
-838
-890
-843
-834
-932
-1068
-1101
-1029
-962
-1008
-1098
-1084
-998
-922
-989
-1004
-819
-668
-633
-682
-653
-427
-263
-151
-91
-72
44
116
259
427
578
875
957
843
706
833
1317
1722
1784
1445
1160
1176
1618
2049
2087
1821
1497
1408
1539
1826
2065
1898
1344
984
1106
1528
1570
1076
576
454
637
715
468
159
-14
-92
-116
-169
-230
-367
-601
-739
-611
-492
-592
-853
-1014
-832
-704
-716
-838
-869
-724
-671
-680
-711
-627
-467
-431
-451
-459
-432
-321
-215
-125
-163
-263
-281
-123
102
54
-151
-280
-158
47
46
-109
-293
-312
-184
-183
-248
-315
-440
-504
-542
-469
-425
-561
-745
-794
-681
-651
-768
-880
-877
-834
-847
-902
-927
-879
-859
-883
-872
-849
-771
-790
-809
-691
-525
-454
-507
-503
-330
-99
-33
-16
1
137
261
331
436
523
628
679
896
933
949
972
965
1298
1488
1518
1369
1213
1284
1549
1731
1709
1596
1371
1301
1403
1613
1693
1420
1112
1014
1047
1120
1007
808
665
535
432
343
233
183
105
-67
-180
-296
-329
-368
-418
-428
-492
-652
-747
-730
-641
-573
-679
-758
-782
-715
-659
-677
-690
-654
-603
-586
-550
-567
-545
-463
-389
-311
-367
-453
-408
-263
-169
-209
-305
-357
-273
-173
-145
-235
-376
-389
-317
-263
-281
-401
-483
-501
-455
-420
-464
-536
-590
-597
-594
-596
-631
-651
-679
-664
-638
-635
-658
-667
-640
-616
-583
-598
-558
-534
-505
-388
-329
-279
-260
-269
-152
-49
49
119
109
168
264
415
491
471
509
596
749
843
864
952
929
942
995
1093
1278
1316
1181
1017
1116
1364
1515
1347
1087
1095
1268
1316
1200
1088
1032
945
800
811
879
831
598
329
312
442
484
297
-22
-170
-116
15
-1
-192
-361
-464
-468
-396
-376
-429
-512
-589
-580
-560
-555
-548
-567
-592
-545
-502
-506
-543
-633
-559
-426
-400
-489
-684
-690
-486
-324
-339
-532
-676
-636
-480
-372
-402
-556
-707
-655
-530
-424
-434
-595
-696
-686
-537
-428
-484
-580
-625
-572
-520
-532
-534
-526
-530
-545
-495
-436
-401
-406
-474
-416
-320
-268
-276
-324
-259
-155
-75
-51
-85
-41
70
176
225
228
260
320
391
457
523
535
547
623
735
785
725
713
788
886
973
974
927
904
851
940
1046
1084
1023
881
838
898
1007
1004
917
791
743
780
793
762
698
652
610
509
489
528
549
482
279
192
227
282
257
99
-40
-28
-6
-49
-154
-235
-185
-186
-275
-356
-422
-413
-427
-483
-489
-534
-585
-639
-696
-643
-557
-614
-773
-894
-799
-594
-594
-786
-970
-928
-739
-638
-715
-845
-892
-842
-755
-716
-704
-742
-810
-809
-721
-609
-583
-663
-709
-628
-528
-476
-488
-496
-436
-392
-361
-351
-317
-269
-239
-214
-156
-100
-80
-62
-26
47
74
63
82
167
242
248
251
278
330
370
399
446
462
469
488
539
647
645
571
583
640
730
746
677
666
685
736
759
737
727
727
742
728
685
724
764
746
681
618
663
693
685
641
599
610
596
551
533
562
601
561
449
380
424
488
473
357
239
244
266
254
181
111
83
28
-43
-87
-62
-63
-163
-287
-350
-315
-283
-387
-562
-632
-551
-507
-628
-789
-834
-771
-769
-875
-956
-964
-941
-988
-1052
-1023
-990
-999
-1071
-1088
-994
-932
-949
-1014
-976
-858
-787
-804
-837
-785
-694
-630
-613
-570
-510
-477
-440
-374
-260
-197
-202
-171
-117
-15
61
82
114
130
193
268
292
310
325
365
420
428
422
445
475
505
505
485
496
534
547
541
521
544
592
592
588
588
614
637
605
609
654
672
643
586
583
630
654
619
556
500
507
552
573
548
474
446
459
481
501
487
469
458
441
429
443
455
458
439
409
395
392
382
337
298
304
330
305
194
107
114
148
110
2
-79
-101
-124
-205
-294
-313
-309
-355
-486
-599
-595
-564
-609
-729
-814
-825
-833
-870
-930
-965
-987
-1035
-1050
-1034
-1028
-1057
-1111
-1100
-1043
-991
-981
-1014
-1005
-945
-856
-787
-766
-733
-691
-624
-543
-467
-395
-357
-316
-248
-153
-70
-44
-12
54
133
205
228
236
273
328
399
460
446
408
430
504
575
546
471
458
510
570
554
490
460
470
487
480
453
439
423
403
411
442
458
427
380
386
470
508
479
411
438
545
572
547
474
488
577
619
608
549
521
553
611
641
640
571
487
511
581
629
568
451
391
383
418
429
358
239
139
132
165
124
28
-67
-103
-92
-124
-207
-295
-345
-332
-357
-436
-520
-562
-568
-578
-621
-685
-730
-773
-782
-775
-786
-809
-854
-864
-846
-850
-847
-832
-816
-818
-821
-807
-769
-715
-687
-670
-679
-678
-622
-545
-478
-455
-447
-417
-351
-264
-200
-152
-140
-131
-94
-39
39
81
88
91
110
149
211
241
227
215
247
318
355
309
260
274
317
344
317
303
324
326
301
303
344
364
330
281
297
360
381
334
285
296
365
403
389
355
355
388
412
437
450
451
445
452
477
509
516
496
486
504
536
542
525
512
500
495
484
479
486
459
417
371
346
340
324
282
215
148
96
81
73
32
-49
-135
-158
-161
-171
-214
-301
-369
-409
-435
-447
-488
-535
-584
-615
-610
-602
-625
-675
-693
-681
-661
-654
-661
-659
-640
-618
-617
-632
-622
-580
-523
-496
-504
-505
-495
-439
-368
-314
-302
-324
-292
-228
-176
-146
-149
-142
-101
-65
-43
-12
3
16
44
86
133
133
96
85
137
206
206
155
124
152
217
230
203
179
181
203
190
180
187
197
175
137
172
228
251
205
156
201
263
322
317
285
274
282
321
345
371
381
362
354
375
431
443
398
361
386
479
508
467
399
359
373
406
432
405
345
287
265
257
252
240
188
132
101
89
64
-14
-67
-60
-48
-87
-151
-182
-192
-211
-253
-285
-300
-336
-376
-400
-398
-384
-409
-455
-500
-494
-453
-430
-451
-488
-493
-450
-398
-399
-419
-441
-418
-358
-326
-318
-338
-345
-322
-273
-219
-202
-225
-252
-202
-110
-59
-70
-98
-83
-45
-11
11
21
22
19
29
68
103
113
93
77
111
146
132
95
103
149
169
136
107
132
155
161
149
140
125
93
88
99
120
131
102
73
77
111
140
128
116
133
161
167
156
164
194
215
214
214
227
241
254
241
241
266
293
304
289
286
292
288
278
287
320
303
240
210
221
236
206
148
105
94
105
85
27
-25
-52
-43
-52
-91
-120
-146
-165
-181
-197
-235
-277
-306
-297
-278
-305
-355
-406
-414
-372
-331
-335
-385
-420
-398
-330
-278
-288
-323
-337
-302
-245
-208
-209
-228
-231
-206
-148
-97
-91
-107
-102
-66
-18
3
-7
-18
-6
29
59
66
59
67
75
79
93
107
123
118
116
130
128
124
116
117
119
117
117
109
101
96
92
92
90
88
88
67
49
45
48
61
54
35
20
31
40
55
70
64
67
63
76
106
120
127
123
133
155
177
172
144
145
177
223
240
205
155
150
199
240
230
189
146
148
155
158
158
134
94
68
74
72
40
-3
-37
-49
-42
-54
-92
-141
-168
-175
-179
-201
-233
-247
-263
-266
-258
-260
-293
-318
-307
-276
-249
-271
-297
-276
-236
-201
-193
-210
-209
-186
-141
-104
-109
-133
-137
-94
-36
-18
-36
-52
-40
-4
32
46
44
39
30
53
88
91
74
58
79
106
102
99
99
99
88
86
108
108
91
70
76
84
66
44
17
16
28
41
40
12
-9
-14
-7
2
15
11
-15
-29
-13
15
35
43
44
39
36
36
48
74
79
92
101
106
109
117
139
146
137
130
140
151
139
126
136
154
153
130
121
134
143
125
102
94
84
80
83
81
63
31
10
13
21
8
-21
-39
-53
-66
-76
-87
-93
-105
-118
-123
-141
-171
-188
-183
-176
-165
-172
-187
-195
-206
-197
-167
-152
-160
-186
-190
-166
-137
-119
-128
-139
-126
-101
-83
-83
-87
-90
-82
-53
-21
-18
-47
-75
-59
-9
23
6
-19
-31
-16
19
32
24
16
14
19
32
45
49
50
45
44
56
64
53
40
50
77
99
93
70
58
61
79
97
102
80
66
68
76
86
81
78
77
90
98
96
91
81
87
110
124
115
102
87
90
108
107
94
93
91
81
75
67
63
72
66
47
35
25
19
13
-10
-32
-35
-32
-37
-47
-58
-75
-79
-82
-88
-81
-77
-88
-97
-91
-74
-69
-66
-67
-61
-57
-55
-44
-38
-34
-25
-16
-18
-24
-20
-8
-1
-12
-26
-29
-31
-40
-45
-47
-48
-63
-80
-85
-86
-81
-93
-97
-89
-90
-87
-86
-95
-100
-87
-62
-56
-64
-77
-70
-51
-35
-22
-19
-22
-19
4
20
17
21
34
49
66
72
78
74
71
75
100
128
120
101
94
116
139
136
117
111
114
103
91
90
82
62
42
38
44
31
-4
-39
-33
-8
-4
-32
-80
-95
-73
-47
-32
-47
-63
-65
-51
-28
-12
-3
-10
-6
6
34
53
35
21
36
74
90
76
53
37
46
55
59
53
36
25
9
11
11
4
-11
-30
-26
-17
-22
-51
-79
-65
-42
-31
-35
-47
-61
-66
-47
-25
-10
-24
-47
-31
-20
-18
-14
-14
-11
-19
-21
-15
-27
-49
-52
-29
-14
-25
-29
-32
-44
-52
-44
-14
-9
-31
-55
-60
-52
-38
-26
-19
-19
-30
-32
-22
-4
-3
-1
5
18
36
34
24
22
33
53
74
76
66
63
69
81
92
99
108
101
81
71
74
75
75
74
73
58
43
33
20
20
34
40
21
-9
-26
-21
-18
-20
-24
-36
-54
-62
-55
-48
-55
-63
-61
-57
-47
-46
-57
-67
-68
-55
-42
-46
-66
-73
-61
-50
-50
-55
-53
-46
-43
-43
-46
-50
-42
-13
7
12
-6
-26
-14
12
35
42
29
6
12
28
43
50
44
28
19
37
47
38
22
11
25
42
46
27
0
-13
1
21
17
8
4
-13
-26
-23
-1
14
9
1
-2
-10
-13
-4
15
25
11
5
10
13
25
28
33
43
39
43
44
35
34
46
72
79
73
61
57
66
85
93
86
75
70
68
56
37
26
26
24
14
3
-12
-25
-41
-54
-44
-38
-49
-77
-92
-90
-85
-94
-106
-92
-80
-90
-109
-104
-93
-84
-69
-55
-46
-59
-78
-64
-42
-31
-38
-43
-42
-38
-28
-29
-35
-44
-40
-18
-1
-9
-28
-38
-24
-4
11
11
-1
-15
-16
5
20
30
31
25
26
33
44
42
38
35
31
33
38
32
25
24
23
37
41
32
26
16
18
21
19
24
20
7
-6
-4
11
20
6
-3
-3
0
5
14
30
25
18
14
17
25
17
11
21
35
40
45
49
44
37
45
66
77
67
57
57
70
77
76
77
76
74
70
73
68
61
57
51
49
45
33
22
16
19
9
-2
-13
-25
-30
-48
-67
-75
-66
-55
-60
-84
-114
-127
-118
-105
-93
-97
-110
-124
-122
-115
-102
-98
-109
-118
-118
-100
-90
-97
-103
-97
-70
-44
-35
-30
-40
-49
-40
-12
13
19
5
-3
6
23
46
52
39
20
23
39
49
45
38
41
41
35
30
29
29
17
10
16
19
21
20
15
9
8
12
25
26
15
11
14
14
11
13
15
12
9
11
20
30
25
22
25
28
30
38
36
37
45
53
62
60
52
58
77
85
84
80
84
93
100
104
106
105
98
91
96
104
96
77
67
72
75
64
42
27
18
6
-2
-11
-20
-33
-50
-73
-94
-103
-100
-102
-122
-151
-161
-152
-141
-142
-153
-162
-161
-149
-142
-141
-135
-132
-134
-126
-109
-91
-77
-77
-80
-60
-32
-8
-2
-11
-4
12
26
33
48
55
53
51
61
80
78
66
63
67
70
68
62
54
41
44
48
39
20
0
-1
3
-7
-20
-24
-22
-18
-26
-36
-38
-44
-39
-34
-36
-35
-34
-30
-23
-21
-14
1
18
16
7
7
19
30
40
42
41
38
40
55
70
77
72
70
73
79
87
95
92
89
91
93
98
101
103
95
90
82
83
89
82
75
62
54
56
57
45
27
4
-16
-27
-40
-54
-60
-58
-70
-99
-118
-118
-113
-124
-141
-155
-160
-152
-146
-145
-145
-145
-138
-124
-117
-116
-117
-101
-78
-68
-60
-48
-32
-15
2
22
35
35
42
59
74
84
86
87
90
97
105
102
93
91
91
86
80
80
66
47
40
35
35
25
8
-12
-29
-30
-31
-41
-57
-73
-78
-79
-79
-86
-86
-86
-79
-73
-76
-75
-65
-54
-42
-32
-28
-22
-13
1
15
23
32
50
60
63
73
92
105
109
110
109
111
115
117
121
123
119
117
117
114
108
96
90
88
75
58
51
51
47
37
20
2
-10
-19
-25
-40
-55
-67
-76
-82
-93
-96
-97
-108
-126
-141
-143
-142
-138
-145
-148
-144
-141
-138
-136
-133
-137
-131
-111
-101
-98
-104
-99
-84
-64
-45
-35
-27
-22
-13
-1
26
46
45
46
61
82
97
107
120
128
131
130
135
147
147
143
139
147
156
147
129
111
108
112
110
94
75
60
41
29
26
18
-1
-29
-45
-47
-54
-68
-81
-79
-82
-96
-110
-110
-102
-110
-122
-115
-102
-99
-98
-93
-84
-75
-73
-65
-39
-18
-13
-11
-5
15
31
42
61
71
77
83
88
96
109
113
114
114
115
116
116
109
106
104
100
97
86
72
69
59
43
33
21
10
-7
-29
-40
-44
-57
-66
-70
-77
-87
-98
-100
-103
-108
-113
-121
-132
-138
-135
-135
-133
-122
-117
-117
-123
-121
-108
-104
-96
-87
-80
-69
-58
-51
-53
-42
-29
-19
-11
1
17
18
24
34
48
68
77
79
70
72
86
105
111
107
107
103
101
105
110
107
95
82
71
68
71
64
46
29
22
26
31
27
13
-1
-12
-13
-6
1
4
-6
-22
-21
-12
-7
-13
-18
-15
-7
-4
-6
-6
5
18
25
24
22
20
22
31
37
40
41
42
50
50
42
47
51
51
54
52
50
46
41
39
40
39
32
26
12
-2
-5
-9
-12
-18
-31
-40
-44
-51
-68
-83
-86
-84
-94
-103
-114
-123
-123
-117
-116
-122
-135
-150
-147
-142
-136
-132
-133
-124
-116
-115
-108
-102
-96
-82
-71
-62
-58
-50
-38
-23
-10
3
11
18
30
38
51
59
66
85
94
102
110
108
107
112
117
118
125
129
127
112
108
121
123
113
100
91
84
69
63
71
71
59
49
41
34
25
18
15
8
1
-9
-19
-16
-11
-10
-19
-29
-33
-33
-35
-33
-31
-27
-25
-27
-27
-21
-16
-17
-15
-12
-4
2
7
16
18
16
16
25
45
48
40
33
34
49
54
53
53
49
41
26
27
34
26
15
12
10
-1
-14
-17
-15
-28
-34
-38
-47
-58
-69
-66
-67
-76
-78
-79
-90
-105
-109
-105
-105
-104
-107
-109
-122
-128
-120
-107
-100
-101
-108
-112
-110
-104
-91
-84
-78
-70
-64
-52
-39
-38
-35
-24
-5
6
4
9
18
27
36
48
62
67
66
69
78
91
99
101
105
104
101
101
99
103
111
120
120
110
103
101
104
104
109
108
97
83
78
83
80
71
64
59
62
60
50
41
33
30
38
40
29
15
6
4
3
-3
-8
-3
-7
-13
-21
-30
-25
-20
-9
-7
-18
-25
-23
-15
-22
-26
-20
-26
-32
-38
-43
-43
-39
-39
-34
-33
-36
-46
-56
-50
-46
-50
-53
-53
-52
-63
-71
-66
-57
-57
-68
-72
-70
-70
-74
-67
-62
-62
-59
-62
-69
-74
-75
-65
-59
-66
-74
-78
-71
-65
-63
-57
-54
-51
-51
-51
-54
-52
-45
-38
-31
-32
-32
-32
-29
-25
-16
-3
7
18
21
30
37
57
79
88
95
97
96
100
110
120
124
129
136
136
133
136
138
144
147
145
148
142
135
130
128
126
122
117
107
100
86
72
67
67
68
58
43
33
27
12
5
8
9
-6
-29
-37
-39
-42
-47
-51
-53
-64
-74
-82
-80
-75
-78
-84
-83
-85
-85
-86
-91
-86
-83
-83
-89
-86
-76
-77
-74
-72
-64
-60
-65
-66
-65
-62
-64
-62
-54
-52
-57
-55
-59
-65
-63
-55
-52
-52
-51
-52
-53
-49
-47
-41
-42
-42
-36
-31
-28
-33
-40
-36
-26
-16
-17
-25
-17
-8
-4
-2
-4
1
-1
6
19
25
25
21
30
45
50
52
57
63
68
79
87
93
89
87
95
103
108
108
107
109
107
99
101
108
105
102
106
107
95
85
82
84
85
72
65
61
58
57
53
50
48
47
39
31
29
27
23
16
12
9
-6
-13
-19
-26
-24
-27
-32
-44
-52
-60
-68
-65
-61
-59
-66
-76
-78
-85
-89
-87
-87
-87
-93
-92
-93
-98
-97
-87
-80
-87
-90
-85
-86
-84
-72
-64
-59
-64
-65
-53
-47
-45
-44
-40
-33
-37
-42
-39
-28
-21
-18
-17
-19
-16
-14
-10
-6
-6
-6
-1
-2
-3
-6
-9
0
6
8
7
3
4
12
22
24
24
26
31
35
31
31
39
43
50
52
49
46
49
54
62
65
62
60
59
61
71
80
84
85
82
83
82
84
88
92
91
90
92
89
77
78
78
74
70
63
55
47
44
43
37
31
20
12
8
-3
-9
-14
-18
-22
-29
-35
-40
-41
-45
-45
-43
-46
-47
-53
-53
-46
-54
-63
-62
-54
-58
-66
-68
-65
-61
-69
-70
-69
-71
-66
-67
-72
-71
-68
-65
-60
-55
-58
-57
-57
-55
-48
-49
-49
-46
-48
-48
-45
-38
-30
-31
-35
-37
-32
-28
-30
-25
-22
-14
-12
-21
-16
-10
-7
-7
-10
-9
-3
4
6
12
15
19
23
18
22
26
31
30
28
30
35
38
35
38
43
45
44
43
45
51
57
59
63
64
65
67
72
75
77
80
79
84
82
84
89
88
89
80
75
78
82
76
68
68
69
66
57
52
49
50
43
35
36
27
13
5
5
4
-7
-15
-17
-20
-25
-28
-31
-36
-43
-49
-49
-49
-52
-55
-54
-56
-59
-57
-61
-64
-69
-69
-66
-66
-64
-66
-67
-68
-67
-65
-66
-67
-72
-68
-62
-63
-66
-66
-64
-62
-68
-69
-69
-72
-72
-72
-72
-72
-67
-67
-65
-64
-62
-63
-65
-61
-53
-48
-51
-46
-36
-35
-34
-29
-19
-9
-8
-8
0
6
9
16
18
26
39
41
44
48
51
57
66
69
73
81
85
89
94
92
100
111
112
110
112
114
115
119
119
122
126
124
119
117
109
104
103
99
96
88
76
70
66
62
54
47
40
32
26
19
17
9
3
2
-3
-7
-15
-21
-23
-24
-23
-25
-28
-30
-33
-35
-36
-40
-39
-43
-46
-49
-52
-53
-52
-54
-58
-61
-58
-54
-59
-61
-57
-52
-53
-54
-49
-47
-52
-58
-60
-60
-59
-63
-62
-64
-71
-75
-73
-68
-72
-77
-79
-76
-77
-85
-90
-87
-82
-83
-89
-89
-89
-91
-96
-91
-79
-73
-73
-68
-61
-58
-50
-41
-30
-21
-25
-24
-16
-8
3
12
25
33
39
48
57
71
82
87
97
103
105
106
107
115
122
128
131
127
125
131
135
141
144
145
144
141
134
123
122
123
117
109
104
98
90
77
80
84
77
65
55
51
46
39
37
29
20
13
3
-4
-12
-20
-27
-36
-33
-34
-37
-40
-41
-40
-39
-43
-45
-46
-47
-49
-53
-57
-61
-62
-61
-55
-57
-66
-65
-62
-62
-64
-62
-58
-63
-75
-84
-77
-80
-88
-91
-92
-93
-101
-103
-97
-94
-94
-93
-91
-92
-94
-91
-90
-82
-75
-75
-73
-80
-79
-72
-62
-52
-46
-39
-35
-29
-23
-11
7
14
17
20
20
27
33
33
39
50
55
55
58
67
81
92
96
104
104
98
96
100
110
108
96
90
89
86
79
71
75
76
70
62
59
60
52
49
48
49
48
36
32
29
20
20
24
26
18
9
10
15
17
11
13
14
8
3
-7
-8
0
1
1
0
-3
-11
-15
-14
-13
-15
-16
-12
-10
-16
-18
-23
-17
-15
-15
-14
-13
-17
-24
-25
-23
-17
-13
-13
-13
-20
-25
-25
-25
-26
-32
-42
-56
-59
-58
-54
-51
-54
-55
-56
-56
-57
-57
-57
-48
-49
-61
-67
-67
-68
-72
-67
-55
-47
-50
-54
-45
-32
-26
-22
-15
-3
-3
-7
-8
3
10
4
6
15
19
15
17
29
43
46
46
59
66
65
58
60
71
69
61
55
49
46
40
39
41
41
39
34
35
37
36
35
31
30
27
24
22
15
13
11
8
2
-4
-10
-6
0
0
1
2
1
2
2
9
13
7
2
1
3
1
-1
4
12
15
13
12
14
15
14
14
20
23
18
13
12
12
8
5
7
8
5
2
1
1
-2
-3
-3
-6
-3
-5
-10
-13
-15
-18
-20
-18
-18
-24
-26
-23
-30
-34
-36
-33
-32
-39
-43
-44
-46
-47
-53
-52
-46
-47
-51
-52
-49
-43
-38
-35
-30
-35
-35
-32
-30
-27
-30
-27
-25
-24
-21
-20
-16
-16
-14
-12
-8
-5
-5
-4
-5
-7
-11
-10
-2
2
4
4
7
13
13
14
22
29
29
27
36
42
49
52
52
60
60
56
53
55
58
53
51
54
59
53
45
48
51
54
52
47
49
44
37
35
43
50
50
44
37
30
26
25
27
32
36
26
17
14
7
10
12
12
7
-2
-11
-19
-18
-20
-24
-32
-41
-47
-46
-42
-42
-47
-50
-50
-48
-52
-53
-46
-46
-47
-51
-51
-46
-46
-48
-52
-52
-50
-52
-57
-60
-54
-50
-49
-47
-49
-45
-44
-40
-40
-39
-32
-29
-28
-30
-27
-20
-20
-18
-13
-8
-9
-9
-5
4
9
8
11
17
20
13
15
25
33
26
19
23
29
33
27
29
36
41
39
39
44
51
51
45
52
59
56
49
50
56
56
50
51
52
50
43
42
44
46
45
41
40
37
33
30
30
31
24
20
14
14
15
9
12
10
4
0
0
1
-7
-9
-5
-7
-13
-19
-22
-16
-14
-15
-18
-20
-20
-24
-23
-28
-28
-22
-19
-26
-36
-39
-38
-33
-30
-33
-38
-40
-41
-48
-47
-41
-36
-34
-41
-42
-44
-46
-45
-43
-39
-43
-48
-52
-50
-49
-45
-44
-43
-42
-42
-40
-42
-36
-31
-28
-24
-24
-26
-27
-20
-16
-8
-4
-4
-2
0
2
10
20
27
29
29
32
35
